video_id,headline,source,source_url,published_flag,company,uploaded_by,team_name,language,input_type,output_type,published_platform,published_url,billable_flag,upload_date,video_duration_sec,avg_view_duration_sec,avg_view_percentage,subscribers_gained,traffic_source,ctr_percentage,impressions,likes,comments,shares,total_watch_time_hours,frammer_output_type,processed_date,frammer_workspace
YT0017497,- Reacting to TikToks That Broke the Internet! 💀😂,source_1,source_1,True,Company_B,content_editor_01,Digital_News,Hindi,interview,shorts,Youtube,,True,2025-03-19 00:00:00.000000,32.67,15.483333333333334,45.18,151.0,Browse,3.15,1831901.0,41463.0,1869.0,2976.0,4062.4101666666666,chapters,2025-03-19 02:43:06.836330,WS-DIGITAL-NEWS
YT0014854,- I Can't Believe These TikToks Went Viral! (Cringe Alert!),source_1,source_1,True,Company_B,content_editor_01,Digital_News,Hindi,discussion_show,shorts,Youtube,,True,2025-03-19 00:00:00.000000,43.260000000000005,28.1,72.89,497.0,Playlist,26.56,1227936.0,52432.0,6535.0,2304.0,7026.522666666667,key_moments,2025-03-19 03:09:36.155440,WS-DIGITAL-NEWS
YT0013983,- Wildest TikToks of the Week! My Honest Reactions,source_1,source_1,True,Company_B,content_editor_01,Digital_News,Hindi,press_conference,shorts,Youtube,,True,2025-03-19 00:00:00.000000,38.73,13.783333333333331,26.48,329.0,Channel Page,18.74,1660116.0,14896.0,1674.0,1734.0,2897.5173333333337,chapters,2025-03-19 02:18:09.771984,WS-DIGITAL-NEWS
YT0023138,- From DIY Disasters to Viral Dances: Reacting to TikTok!,source_1,source_1,True,Company_B,content_editor_01,Digital_News,Hindi,interview,shorts,Youtube,,True,2025-03-20 00:00:00.000000,52.75,34.53333333333333,71.61,385.0,Notifications,10.03,1179442.0,29293.0,1910.0,2454.0,8856.735833333334,key_moments,2025-03-20 08:08:40.977916,WS-DIGITAL-NEWS
YT0015225,- Viral TikToks of the Week?! (I'm SHOOK!),source_2,source_2,True,Company_B,content_editor_01,Digital_News,Hindi,debate,shorts,Youtube,,True,2025-03-21 00:00:00.000000,30.02,13.366666666666667,39.06,478.0,Suggested,22.87,1340758.0,75005.0,4235.0,1076.0,2184.939,key_moments,2025-03-21 01:17:10.831399,WS-DIGITAL-NEWS
YT0026796,- Reacting to TikToks That BROKE the Internet! 🤯,source_2,source_2,True,Company_B,content_editor_01,Digital_News,Hindi,speech,shorts,Youtube,,True,2025-03-21 00:00:00.000000,50.21,24.3,47.71,229.0,Shorts Feed,19.55,1970583.0,15286.0,7981.0,248.0,9196.054,chapters,2025-03-21 01:48:24.143652,WS-DIGITAL-NEWS
YT0000290,- I Tried Viral TikTok Trends...Here's What Happened!,source_2,source_2,True,Company_B,content_editor_01,Digital_News,Hindi,interview,shorts,Youtube,,True,2025-03-21 00:00:00.000000,22.98,8.816666666666666,16.5,424.0,Notifications,0.28,1562357.0,33538.0,3404.0,1162.0,571.4176666666666,key_moments,2025-03-21 03:04:29.680659,WS-DIGITAL-NEWS
YT0011688,"- TikToks That Made Me Cringe, Laugh, and CRY!",source_2,source_2,True,Company_B,content_editor_01,Digital_News,Hindi,interview,shorts,Youtube,,True,2025-03-21 00:00:00.000000,43.15,19.316666666666663,41.98,549.0,External,23.66,1748379.0,29217.0,1312.0,737.0,5738.892166666667,full_package,2025-03-21 14:32:44.500228,WS-DIGITAL-NEWS
YT0019957,- The Most Insane TikToks I've EVER Seen! 🤣,source_2,source_2,True,Company_B,content_editor_01,Digital_News,Hindi,debate,shorts,Youtube,,True,2025-03-21 00:00:00.000000,54.62,10.95,8.71,353.0,Channel Page,23.68,1831013.0,95553.0,3930.0,2505.0,1754.7208333333333,key_moments,2025-03-21 09:17:50.104782,WS-DIGITAL-NEWS
YT0008001,- I Ranked This Week's Viral TikToks (You Won't Believe #1!),source_2,source_2,True,Company_B,content_editor_01,Digital_News,Hindi,discussion_show,shorts,Youtube,,True,2025-03-21 00:00:00.000000,59.5,44.85,83.93,446.0,Playlist,11.9,1853938.0,56709.0,5065.0,2000.0,19234.606666666667,chapters,2025-03-21 01:04:35.038367,WS-DIGITAL-NEWS
YT0011901,- These TikToks Will Make You Question Everything!,source_1,source_1,True,Company_B,content_editor_01,Digital_News,Hindi,discussion_show,shorts,Youtube,,True,2025-03-21 00:00:00.000000,41.59,9.35,6.96,198.0,Shorts Feed,6.95,1647734.0,55887.0,2632.0,1725.0,846.7521666666667,key_moments,2025-03-21 11:47:29.107066,WS-DIGITAL-NEWS
YT0027738,"- Reacting to WILD TikToks: Optical Illusions, Fails, & More!",source_2,source_2,True,Company_B,content_editor_01,Digital_News,Hindi,speech,shorts,Youtube,,True,2025-03-22 00:00:00.000000,25.380000000000003,13.666666666666668,59.41,602.0,Channel Page,8.12,1330698.0,29582.0,2363.0,985.0,2279.436333333333,key_moments,2025-03-22 11:46:23.722286,WS-DIGITAL-NEWS
YT0001654,- These TikToks Went VIRAL For a REASON!,source_2,source_2,True,Company_B,content_editor_01,Digital_News,Hindi,interview,shorts,Youtube,,True,2025-03-22 00:00:00.000000,27.99,12.05,35.03,556.0,Playlist,7.28,1979002.0,28876.0,4835.0,895.0,2501.238666666666,full_package,2025-03-22 01:33:49.505165,WS-DIGITAL-NEWS
YT0011424,- Reacting to TikToks That Broke the Internet!,source_3,source_3,True,Company_B,content_editor_01,Digital_News,Hindi,press_conference,shorts,Youtube,,True,2025-03-22 00:00:00.000000,37.25,22.05,65.39,630.0,Browse,1.27,1943187.0,85871.0,1346.0,368.0,7853.714166666667,full_package,2025-03-22 00:31:55.658811,WS-DIGITAL-NEWS
YT0002204,- Viral TikToks of the Week: Prepare to Cringe!,source_3,source_3,True,Company_B,content_editor_01,Digital_News,Hindi,discussion_show,shorts,Youtube,,True,2025-03-22 00:00:00.000000,46.06,35.266666666666666,89.4,403.0,Search,3.73,1713379.0,67586.0,5397.0,1709.0,13215.228833333333,summary,2025-03-22 03:46:31.585781,WS-DIGITAL-NEWS
YT0011708,- I Reacted to the Craziest TikToks (You Won't Believe These!),source_3,source_3,True,Company_B,content_editor_01,Digital_News,Hindi,debate,shorts,Youtube,,True,2025-03-23 00:00:00.000000,17.72,8.766666666666666,46.57,341.0,Suggested,22.36,1625382.0,33305.0,7162.0,2299.0,571.8936666666667,full_package,2025-03-23 09:49:05.381530,WS-DIGITAL-NEWS
YT0006918,"- TikToks So Viral, They're Actually Insane!",source_3,source_3,True,Company_B,content_editor_01,Digital_News,Hindi,discussion_show,shorts,Youtube,,True,2025-03-23 00:00:00.000000,67.19,45.06666666666667,71.98,602.0,Channel Page,24.54,1375635.0,37015.0,855.0,2423.0,14355.006,full_package,2025-03-23 14:17:10.829194,WS-DIGITAL-NEWS
YT0014558,- My Honest Reactions to This Week's Wildest TikToks,source_3,source_3,True,Company_B,content_editor_01,Digital_News,Hindi,debate,shorts,Youtube,,True,2025-03-24 00:00:00.000000,42.08,29.7,81.98,111.0,Notifications,25.0,1538332.0,7594.0,1226.0,737.0,9486.380666666666,full_package,2025-03-24 01:59:34.739075,WS-DIGITAL-NEWS
YT0015471,- TikTok Reacts: From Genius to Disaster!,source_3,source_3,True,Company_B,content_editor_01,Digital_News,Hindi,press_conference,shorts,Youtube,,True,2025-03-24 00:00:00.000000,64.67,46.5,78.52,264.0,Shorts Feed,0.8,1546164.0,78247.0,3561.0,1256.0,16750.11,chapters,2025-03-24 16:14:47.408416,WS-DIGITAL-NEWS
YT0009082,- Reacting to TikToks That BROKE the Internet! 😂,source_4,source_4,True,Company_B,content_editor_01,Digital_News,Hindi,interview,shorts,Youtube,,True,2025-03-25 00:00:00.000000,41.22,8.966666666666667,5.59,117.0,Shorts Feed,9.46,1925105.0,80867.0,7103.0,719.0,784.302,chapters,2025-03-25 00:40:22.699199,WS-DIGITAL-NEWS
YT0025277,- I Can't Believe These TikToks Went Viral! 🤣,source_4,source_4,True,Company_B,content_editor_01,Digital_News,Hindi,interview,shorts,Youtube,,True,2025-03-26 00:00:00.000000,49.29,38.28333333333333,89.77,405.0,Shorts Feed,15.7,1304275.0,30900.0,5739.0,2572.0,11152.758833333331,summary,2025-03-26 02:58:47.255176,WS-DIGITAL-NEWS
YT0014490,- Savage TikTok Reactions You NEED to See!,source_4,source_4,True,Company_B,content_editor_01,Digital_News,Hindi,discussion_show,shorts,Youtube,,True,2025-03-26 00:00:00.000000,67.78999999999999,42.03333333333333,65.42,473.0,Shorts Feed,8.76,1415742.0,1780.0,123.0,955.0,13580.636166666667,key_moments,2025-03-26 02:51:53.561412,WS-DIGITAL-NEWS
YT0015916,- We Reacted to the WILDEST TikToks of the Week!,source_4,source_4,True,Company_B,content_editor_01,Digital_News,Hindi,speech,shorts,Youtube,,True,2025-03-26 00:00:00.000000,50.23,19.3,33.49,17.0,Notifications,29.23,1528500.0,27708.0,5635.0,2064.0,5010.083333333333,key_moments,2025-03-26 10:03:21.401245,WS-DIGITAL-NEWS
YT0003527,- TikToks That Made Me Question EVERYTHING!,source_4,source_4,True,Company_B,content_editor_01,Digital_News,Hindi,press_conference,shorts,Youtube,,True,2025-03-26 00:00:00.000000,35.75,24.816666666666663,83.45,427.0,External,27.97,1574593.0,47241.0,2087.0,2392.0,7574.084,full_package,2025-03-26 11:18:05.435543,WS-DIGITAL-NEWS
YT0013369,"- Viral TikToks: The Good, The Bad, and The Hilarious!",source_4,source_4,True,Company_B,content_editor_01,Digital_News,Hindi,interview,shorts,Youtube,,True,2025-03-26 00:00:00.000000,17.490000000000002,7.9,16.06,221.0,Search,6.3,1194754.0,85120.0,1988.0,1597.0,132.7505,key_moments,2025-03-26 08:34:55.394606,WS-DIGITAL-NEWS
YT0008086,- Reacting to YOUR Favorite TikToks!,source_4,source_4,True,Company_B,content_editor_01,Digital_News,Hindi,debate,shorts,Youtube,,True,2025-03-27 00:00:00.000000,49.07,7.916666666666667,1.22,163.0,Notifications,2.57,1644559.0,17758.0,5868.0,1000.0,190.3425,key_moments,2025-03-27 01:21:28.024175,WS-DIGITAL-NEWS
YT0008799,- Reacting to TikToks That BROKE the Internet!,source_5,source_5,True,Company_B,content_editor_01,Digital_News,Hindi,discussion_show,shorts,Youtube,,True,2025-03-27 00:00:00.000000,35.19,21.6,69.84,289.0,External,8.51,1772395.0,51830.0,5849.0,1630.0,6941.8803333333335,summary,2025-03-27 07:58:32.237684,WS-DIGITAL-NEWS
YT0012233,- Viral TikToks of the Week: My UNFILTERED Reactions!,source_5,source_5,True,Company_B,content_editor_01,Digital_News,Hindi,debate,shorts,Youtube,,True,2025-03-27 00:00:00.000000,73.68,62.03333333333333,92.93,492.0,Search,25.87,1459167.0,69212.0,3468.0,2300.0,22103.67783333333,key_moments,2025-03-27 06:00:38.232679,WS-DIGITAL-NEWS
YT0006534,- I Reacted to TikTok's WILDEST Trends (I'm Scarred),source_5,source_5,True,Company_B,content_editor_01,Digital_News,Hindi,debate,shorts,Youtube,,True,2025-03-27 00:00:00.000000,45.94,28.016666666666666,66.31,98.0,Shorts Feed,21.54,1837849.0,1493.0,7120.0,1840.0,10474.037666666669,key_moments,2025-03-27 01:03:01.953588,WS-DIGITAL-NEWS
YT0028050,"- TikToks So Viral, They're SCARY! (You've Been Warned)",source_5,source_5,True,Company_B,content_editor_01,Digital_News,Hindi,interview,shorts,Youtube,,True,2025-03-27 00:00:00.000000,41.08,21.98333333333333,55.53,106.0,External,0.85,1571509.0,98211.0,5220.0,964.0,6322.4135,key_moments,2025-03-27 00:45:55.550231,WS-DIGITAL-NEWS
YT0027691,"- TikToks So Wild, I Lost Brain Cells!",source_6,source_6,True,Company_B,content_editor_01,Digital_News,Hindi,interview,shorts,Youtube,,True,2025-03-29 00:00:00.000000,18.93,8.45,24.17,663.0,Channel Page,28.35,1924731.0,92949.0,3586.0,486.0,507.91516666666666,key_moments,2025-03-29 09:10:36.718959,WS-DIGITAL-NEWS
YT0027491,- Reacting to TikToks That Made Me Question Reality,source_6,source_6,True,Company_B,content_editor_01,Digital_News,Hindi,speech,shorts,Youtube,,True,2025-03-29 00:00:00.000000,43.56,26.75,67.4,252.0,Search,3.81,1227963.0,49428.0,5505.0,1810.0,6566.191000000001,key_moments,2025-03-29 03:27:47.793081,WS-DIGITAL-NEWS
YT0012573,- Cringe Alert! Reacting to the Most Awkward TikToks,source_6,source_6,True,Company_B,content_editor_01,Digital_News,Hindi,debate,shorts,Youtube,,True,2025-03-29 00:00:00.000000,49.51,28.98333333333333,62.25,448.0,Channel Page,28.95,1621355.0,47852.0,6653.0,1089.0,9675.586166666668,my_key_moments,2025-03-29 01:25:50.441981,WS-DIGITAL-NEWS
YT0003156,- I Can't Believe These TikToks Went Viral!,source_5,source_5,True,Company_B,content_editor_01,Digital_News,Hindi,discussion_show,shorts,Youtube,,True,2025-03-29 00:00:00.000000,48.45,15.316666666666666,23.37,16.0,Channel Page,14.05,1428046.0,59048.0,7697.0,1136.0,3100.711,summary,2025-03-29 03:23:10.910872,WS-DIGITAL-NEWS
YT0013303,- The Internet is Broken: Reacting to Viral TikToks,source_5,source_5,True,Company_B,content_editor_01,Digital_News,Hindi,discussion_show,shorts,Youtube,,True,2025-03-29 00:00:00.000000,63.49,32.96666666666667,52.52,51.0,Notifications,2.72,1106311.0,97334.0,3739.0,2190.0,7826.126,full_package,2025-03-29 05:21:08.296396,WS-DIGITAL-NEWS
YT0004415,- TikToks That Made Me Question EVERYTHING,source_5,source_5,True,Company_B,content_editor_01,Digital_News,Hindi,debate,shorts,Youtube,,True,2025-03-29 00:00:00.000000,33.989999999999995,24.98333333333333,92.07,407.0,Search,11.74,1483199.0,9969.0,5904.0,1836.0,7203.128500000001,full_package,2025-03-29 03:44:36.498348,WS-DIGITAL-NEWS
YT0001693,- I Can't Believe These TikToks Are Real!,source_6,source_6,True,Company_B,content_editor_01,Digital_News,Hindi,debate,shorts,Youtube,,True,2025-03-30 00:00:00.000000,33.25,10.35,15.62,664.0,External,8.31,1420926.0,24804.0,4250.0,2409.0,1124.8996666666667,key_moments,2025-03-30 01:09:20.516745,WS-DIGITAL-NEWS
YT0020539,- From Hilarious to Heartwarming: Reacting to Viral TikToks,source_6,source_6,True,Company_B,content_editor_01,Digital_News,Hindi,discussion_show,shorts,Youtube,,True,2025-03-30 00:00:00.000000,56.6,28.616666666666667,50.76,221.0,Channel Page,17.1,1269605.0,85547.0,4589.0,2380.0,7447.173833333333,my_key_moments,2025-03-30 18:04:43.673680,WS-DIGITAL-NEWS
YT0018370,- Wildest TikToks of the Week?! You Won't Believe These!,source_6,source_6,True,Company_B,content_editor_01,Digital_News,Hindi,debate,shorts,Youtube,,True,2025-03-30 00:00:00.000000,67.65,24.3,31.91,115.0,Suggested,0.91,1633886.0,68160.0,2956.0,427.0,7624.801333333334,key_moments,2025-03-30 08:55:56.113296,WS-DIGITAL-NEWS
YT0016221,- Reacting to TikToks That Need to Be Stopped!,source_6,source_6,True,Company_B,content_editor_01,Digital_News,Hindi,interview,shorts,Youtube,,True,2025-03-30 00:00:00.000000,56.6,40.66666666666666,79.73,665.0,Playlist,2.94,1241283.0,34442.0,3984.0,719.0,11435.894333333334,key_moments,2025-03-30 03:03:31.346545,WS-DIGITAL-NEWS
YT0002072,- Viral TikToks of the Week: My UNFILTERED Reactions!,source_7,source_7,True,Company_B,content_editor_01,Digital_News,Hindi,discussion_show,shorts,Youtube,,True,2025-03-30 00:00:00.000000,42.57,27.966666666666665,74.24,125.0,Playlist,7.49,1377892.0,87229.0,4884.0,1699.0,7833.571166666667,summary,2025-03-30 03:09:31.980532,WS-DIGITAL-NEWS
YT0004626,- I React to TikToks That BROKE the Internet!,source_7,source_7,True,Company_B,content_editor_01,Digital_News,Hindi,press_conference,shorts,Youtube,,True,2025-03-31 00:00:00.000000,70.18,31.066666666666663,42.71,57.0,External,17.09,1239818.0,74762.0,6663.0,1577.0,8116.216,chapters,2025-03-31 05:19:58.230673,WS-DIGITAL-NEWS
YT0018314,- These TikToks Made Me Question EVERYTHING!,source_7,source_7,True,Company_B,content_editor_01,Digital_News,Hindi,interview,shorts,Youtube,,True,2025-03-31 00:00:00.000000,22.43,13.816666666666666,85.02,594.0,Search,4.37,1741663.0,93836.0,2519.0,1473.0,3055.9735,key_moments,2025-03-31 01:37:12.997913,WS-DIGITAL-NEWS
YT0016797,"- Cringe, Fails & WTF TikToks: Reacting to the Viral Chaos!",source_7,source_7,True,Company_B,content_editor_01,Digital_News,Hindi,debate,shorts,Youtube,,True,2025-03-31 00:00:00.000000,36.34,17.166666666666664,45.3,145.0,Suggested,11.42,1315457.0,48608.0,5198.0,393.0,3532.2456666666667,full_package,2025-03-31 05:10:41.109981,WS-DIGITAL-NEWS
YT0002959,- The Internet is a Weird Place: Reacting to Viral TikToks!,source_7,source_7,True,Company_B,content_editor_01,Digital_News,Hindi,press_conference,shorts,Youtube,,True,2025-04-01 00:00:00.000000,67.62,38.9,59.67,241.0,Suggested,25.86,1182726.0,30007.0,551.0,861.0,10315.999,summary,2025-04-01 01:22:46.136915,WS-DIGITAL-NEWS
YT0019343,- Reacting to TikTok Trends That Make NO SENSE! 🤯,source_8,source_8,True,Company_B,content_editor_01,Digital_News,Hindi,press_conference,shorts,Youtube,,True,2025-04-01 00:00:00.000000,53.51,44.15,95.17,653.0,Browse,14.75,1398940.0,19392.0,6739.0,1745.0,14241.986333333334,key_moments,2025-04-01 03:46:49.945784,WS-DIGITAL-NEWS
YT0020421,- 2024's Wildest TikTok Trends: I Can't Stop Watching!,source_8,source_8,True,Company_B,content_editor_01,Digital_News,Hindi,discussion_show,shorts,Youtube,,True,2025-04-01 00:00:00.000000,33.43,10.25,14.92,511.0,Suggested,13.85,1703271.0,31956.0,6184.0,11.0,1301.1098333333332,key_moments,2025-04-01 01:34:14.043804,WS-DIGITAL-NEWS
YT0029882,- TikTok Trends That Broke the Internet (and My Brain)!,source_8,source_8,True,Company_B,content_editor_01,Digital_News,Hindi,debate,shorts,Youtube,,True,2025-04-01 00:00:00.000000,54.95,45.18333333333333,94.33,134.0,External,23.45,1764676.0,25751.0,1267.0,445.0,18471.9095,key_moments,2025-04-01 01:38:07.085307,WS-DIGITAL-NEWS
YT0029527,- I Tried Viral TikTok Trends... HUGE FAIL!,source_8,source_8,True,Company_B,content_editor_01,Digital_News,Hindi,interview,shorts,Youtube,,True,2025-04-02 00:00:00.000000,54.78,42.28333333333333,87.44,586.0,Search,24.68,1414619.0,490.0,5079.0,2452.0,13668.101166666664,chapters,2025-04-02 14:55:21.124147,WS-DIGITAL-NEWS
YT0017026,- I Reacted to the WILDEST TikToks of the Week! 🤯,source_9,source_9,True,Company_B,content_editor_01,Digital_News,Hindi,debate,shorts,Youtube,,True,2025-04-02 00:00:00.000000,64.06,51.98333333333333,90.67,71.0,Suggested,25.1,1431401.0,48110.0,3733.0,1861.0,17687.08,key_moments,2025-04-02 04:11:38.704146,WS-DIGITAL-NEWS
YT0028770,- Reacting to the Cringiest TikToks of 2024! 😬,source_8,source_8,True,Company_B,content_editor_01,Digital_News,Hindi,debate,shorts,Youtube,,True,2025-04-02 00:00:00.000000,40.73,27.4,77.34,601.0,Channel Page,27.91,1947505.0,23479.0,5500.0,1259.0,10765.374833333331,full_package,2025-04-02 04:43:18.980895,WS-DIGITAL-NEWS
YT0011118,- TikTok's Gone TOO FAR! Reacting to Dangerous Trends,source_8,source_8,True,Company_B,content_editor_01,Digital_News,Hindi,debate,shorts,Youtube,,True,2025-04-02 00:00:00.000000,64.74000000000001,32.38333333333333,50.03,312.0,External,7.23,1680975.0,55115.0,802.0,1808.0,11618.9615,key_moments,2025-04-02 00:48:00.962149,WS-DIGITAL-NEWS
YT0015243,- From Corn Obsession to AI Nightmares: TikTok 2024,source_8,source_8,True,Company_B,content_editor_01,Digital_News,Hindi,interview,shorts,Youtube,,True,2025-04-02 00:00:00.000000,35.72,21.75,68.77,562.0,Suggested,5.09,1458651.0,63112.0,3795.0,2144.0,5773.8268333333335,summary,2025-04-02 02:28:51.879113,WS-DIGITAL-NEWS
YT0029467,- The Funniest (and Weirdest) TikToks of the Year!,source_8,source_8,True,Company_B,content_editor_01,Digital_News,Hindi,interview,shorts,Youtube,,True,2025-04-02 00:00:00.000000,20.66,8.8,22.97,460.0,Notifications,21.11,1333239.0,31039.0,5564.0,575.0,481.44733333333335,chapters,2025-04-02 05:47:05.910353,WS-DIGITAL-NEWS
YT0002906,- Viral TikToks Gone WRONG! (I Can't Stop Laughing),source_9,source_9,True,Company_B,content_editor_01,Digital_News,Hindi,interview,shorts,Youtube,,True,2025-04-04 00:00:00.000000,41.24,16.883333333333333,35.76,11.0,Suggested,21.41,1406078.0,30578.0,3597.0,1084.0,3664.9163333333336,summary,2025-04-04 04:40:19.471268,WS-DIGITAL-NEWS
YT0026262,"- Cringe, LOLs & Conspiracy Theories: Reacting to TikTok's Best & Worst!",source_9,source_9,True,Company_B,content_editor_01,Digital_News,Hindi,interview,shorts,Youtube,,True,2025-04-04 00:00:00.000000,60.11,32.45,55.31,122.0,Browse,12.52,1602199.0,51661.0,4324.0,976.0,11104.129166666668,key_moments,2025-04-04 00:42:50.253030,WS-DIGITAL-NEWS
YT0012177,- The Funniest Animal TikToks Will Make Your Day!,source_9,source_9,True,Company_B,content_editor_01,Digital_News,Hindi,discussion_show,shorts,Youtube,,True,2025-04-04 00:00:00.000000,35.86,26.566666666666663,91.4,50.0,Shorts Feed,3.87,1468728.0,30847.0,1104.0,1622.0,7778.818666666667,chapters,2025-04-04 04:43:15.328971,WS-DIGITAL-NEWS
YT0028634,- Magic Tricks That BROKE My Brain! 🤯 (Reacting!),source_10,source_10,True,Company_B,content_editor_01,Digital_News,Hindi,discussion_show,shorts,Youtube,,True,2025-04-05 00:00:00.000000,50.37,32.13333333333333,69.64,126.0,Playlist,20.92,1210368.0,79261.0,5182.0,1483.0,8282.055166666667,full_package,2025-04-05 05:21:47.145285,WS-DIGITAL-NEWS
YT0001907,- TikTok Trends That Made Me Question EVERYTHING!,source_9,source_9,True,Company_B,content_editor_01,Digital_News,Hindi,debate,shorts,Youtube,,True,2025-04-05 00:00:00.000000,20.65,11.3,67.26,29.0,External,19.56,1966376.0,58760.0,3268.0,860.0,2075.6191666666664,key_moments,2025-04-05 11:10:14.909307,WS-DIGITAL-NEWS
YT0013143,- My Favorite TikToks of the Week (You NEED to See These!),source_9,source_9,True,Company_B,content_editor_01,Digital_News,Hindi,debate,shorts,Youtube,,True,2025-04-05 00:00:00.000000,58.85,20.933333333333334,30.63,193.0,Search,3.96,1507884.0,94822.0,7676.0,1015.0,5626.641166666666,key_moments,2025-04-05 02:22:05.343464,WS-DIGITAL-NEWS
YT0016373,- Reacting to IMPOSSIBLE Magic! (Is It Real?),source_10,source_10,True,Company_B,content_editor_01,Digital_News,Hindi,interview,shorts,Youtube,,True,2025-04-05 00:00:00.000000,46.24,15.516666666666667,25.66,533.0,Browse,13.11,1475297.0,41277.0,4689.0,359.0,3285.2678333333333,key_moments,2025-04-05 00:39:55.455092,WS-DIGITAL-NEWS
YT0021825,- The Most Insane Magic I've EVER Seen! (Reacting),source_10,source_10,True,Company_B,content_editor_01,Digital_News,Hindi,discussion_show,shorts,Youtube,,True,2025-04-06 00:00:00.000000,68.65,15.133333333333333,14.23,531.0,Playlist,1.02,1855404.0,6485.0,2536.0,2102.0,3934.1436666666655,key_moments,2025-04-06 01:48:07.074153,WS-DIGITAL-NEWS
YT0012768,- I Tried Debunking Magic Tricks... I Failed.,source_10,source_10,True,Company_B,content_editor_01,Digital_News,Hindi,discussion_show,shorts,Youtube,,True,2025-04-07 00:00:00.000000,70.2,58.25,91.94,699.0,Playlist,7.53,1328614.0,29601.0,7545.0,604.0,18729.76683333333,chapters,2025-04-07 01:39:46.914527,WS-DIGITAL-NEWS
YT0018813,- Reacting to TikToks That Broke the Internet! 😂,source_11,source_11,True,Company_B,content_editor_01,Digital_News,Hindi,interview,shorts,Youtube,,True,2025-04-08 00:00:00.000000,62.32,35.983333333333334,60.19,528.0,Shorts Feed,11.51,1593878.0,84550.0,6296.0,2718.0,12610.821833333332,key_moments,2025-04-08 07:12:40.997324,WS-DIGITAL-NEWS
YT0022346,"- Viral TikToks of the Week: Cringe, Comedy, & Chaos!",source_11,source_11,True,Company_B,content_editor_01,Digital_News,Hindi,interview,shorts,Youtube,,True,2025-04-08 00:00:00.000000,18.04,8.95,47.7,259.0,Browse,15.36,1276301.0,23584.0,4989.0,2288.0,514.0656666666666,key_moments,2025-04-08 00:27:18.594621,WS-DIGITAL-NEWS
YT0028066,- I Reacted to the WILDEST TikToks (I Can't Believe These Are Real!),source_11,source_11,True,Company_B,content_editor_01,Digital_News,Hindi,discussion_show,shorts,Youtube,,True,2025-04-08 00:00:00.000000,30.55,15.283333333333331,50.05,499.0,External,7.38,1598520.0,98847.0,6001.0,1021.0,3456.0595000000003,chapters,2025-04-08 02:47:39.757294,WS-DIGITAL-NEWS
YT0028767,- TikToks That Made Me Question Everything... 😂,source_11,source_11,True,Company_B,content_editor_01,Digital_News,Hindi,discussion_show,shorts,Youtube,,True,2025-04-08 00:00:00.000000,46.07,23.5,51.5,79.0,Playlist,3.12,1136481.0,12899.0,3276.0,2256.0,5051.026666666667,key_moments,2025-04-08 12:30:54.126832,WS-DIGITAL-NEWS
YT0010351,- TikTok Trends of the Week: Reacting to the Cringe!,source_12,source_12,True,Company_B,content_editor_01,Digital_News,Hindi,debate,shorts,Youtube,,True,2025-04-09 00:00:00.000000,22.38,13.433333333333334,80.4,603.0,Notifications,9.51,1127501.0,49846.0,2064.0,2465.0,1858.2886666666668,key_moments,2025-04-09 04:01:23.327740,WS-DIGITAL-NEWS
YT0024623,- We Need to Talk About These Viral TikToks...,source_11,source_11,True,Company_B,content_editor_01,Digital_News,Hindi,debate,shorts,Youtube,,True,2025-04-09 00:00:00.000000,74.38,29.48333333333333,37.02,690.0,Playlist,14.27,1154895.0,69274.0,1552.0,1937.0,7052.345,full_package,2025-04-09 08:11:36.796361,WS-DIGITAL-NEWS
YT0005558,- Viral TikToks That Broke My Brain! (I Can't Unsee This),source_12,source_12,True,Company_B,content_editor_01,Digital_News,Hindi,discussion_show,shorts,Youtube,,True,2025-04-09 00:00:00.000000,73.06,20.8,22.91,232.0,Playlist,24.92,1674850.0,37904.0,2581.0,1773.0,6187.640333333333,key_moments,2025-04-09 01:04:32.071131,WS-DIGITAL-NEWS
YT0025960,- Rating This Week's TikToks: From Cringe to ICONIC!,source_11,source_11,True,Company_B,content_editor_01,Digital_News,Hindi,debate,shorts,Youtube,,True,2025-04-09 00:00:00.000000,19.89,10.366666666666667,58.62,394.0,Browse,24.04,1333672.0,5430.0,4664.0,335.0,1061.998,key_moments,2025-04-09 01:06:37.369805,WS-DIGITAL-NEWS
YT0000016,- The Most Controversial TikToks?! Let's React!,source_11,source_11,True,Company_B,content_editor_01,Digital_News,Hindi,discussion_show,shorts,Youtube,,True,2025-04-09 00:00:00.000000,63.92,33.21666666666667,52.57,8.0,External,3.13,1688831.0,54203.0,219.0,932.0,12064.1955,key_moments,2025-04-09 12:37:48.608868,WS-DIGITAL-NEWS
YT0012825,- Reacting to TikTok's Wildest Trends! (Nailed It or Failed It?),source_12,source_12,True,Company_B,content_editor_01,Digital_News,Hindi,press_conference,shorts,Youtube,,True,2025-04-10 00:00:00.000000,74.96000000000001,54.03333333333333,77.61,549.0,External,10.22,1444022.0,44071.0,3652.0,967.0,18665.321333333333,key_moments,2025-04-10 04:20:14.508267,WS-DIGITAL-NEWS
YT0018217,- I Tried Viral TikTok Challenges... Here's What Happened,source_12,source_12,True,Company_B,content_editor_01,Digital_News,Hindi,debate,shorts,Youtube,,True,2025-04-10 00:00:00.000000,47.72,24.566666666666663,52.16,570.0,Channel Page,12.09,1155026.0,83913.0,6899.0,1372.0,5475.678833333333,full_package,2025-04-10 04:20:40.249636,WS-DIGITAL-NEWS
YT0024947,"- TikTok Trends: The Good, The Bad, and The WTF?!",source_12,source_12,True,Company_B,content_editor_01,Digital_News,Hindi,debate,shorts,Youtube,,True,2025-04-11 00:00:00.000000,73.13,7.95,0.77,329.0,Notifications,17.18,1500809.0,85145.0,4404.0,1783.0,187.60116666666667,key_moments,2025-04-11 01:38:06.761075,WS-DIGITAL-NEWS
YT0016361,- We Reacted to TikTok's Most Controversial Trends...,source_12,source_12,True,Company_B,content_editor_01,Digital_News,Hindi,debate,shorts,Youtube,,True,2025-04-11 00:00:00.000000,55.14,24.45,42.23,245.0,Channel Page,3.63,1559889.0,28811.0,3125.0,110.0,7344.477333333333,key_moments,2025-04-11 04:20:09.092386,WS-DIGITAL-NEWS
YT0018031,- TikTok Made Me Try It: Viral Trends Reaction!,source_12,source_12,True,Company_B,content_editor_01,Digital_News,Hindi,debate,shorts,Youtube,,True,2025-04-11 00:00:00.000000,73.27000000000001,53.9,79.63,668.0,Playlist,8.54,1284697.0,7090.0,279.0,1040.0,16558.316833333334,summary,2025-04-11 01:35:57.354908,WS-DIGITAL-NEWS
YT0009751,- Is TikTok Worth the Hype? Reacting to the Latest Trends!,source_12,source_12,True,Company_B,content_editor_01,Digital_News,Hindi,interview,shorts,Youtube,,True,2025-04-12 00:00:00.000000,44.31,20.616666666666667,44.75,671.0,Browse,28.06,1955095.0,37821.0,7574.0,67.0,7123.4248333333335,summary,2025-04-12 10:20:15.471141,WS-DIGITAL-NEWS
YT0011158,- Reacting to TikToks That Broke the Internet! 🤯,source_13,source_13,True,Company_B,content_editor_01,Digital_News,Hindi,discussion_show,shorts,Youtube,,True,2025-04-12 00:00:00.000000,47.12,38.43333333333334,96.31,443.0,External,28.12,1584393.0,90594.0,7507.0,2384.0,13614.0435,key_moments,2025-04-13 11:27:55.613090,WS-DIGITAL-NEWS
YT0029631,- I Can't Believe These TikToks Went Viral!,source_13,source_13,True,Company_B,content_editor_01,Digital_News,Hindi,interview,shorts,Youtube,,True,2025-04-12 00:00:00.000000,65.3,49.48333333333333,83.47,328.0,Notifications,6.0,1815119.0,69138.0,6119.0,1731.0,21167.985,key_moments,2025-04-12 05:53:28.054728,WS-DIGITAL-NEWS
YT0012919,- Cringe Alert! Reacting to the Worst TikToks of the Week,source_13,source_13,True,Company_B,content_editor_01,Digital_News,Hindi,interview,shorts,Youtube,,True,2025-04-12 00:00:00.000000,28.69,17.366666666666667,72.07,184.0,External,2.21,1139147.0,79858.0,5449.0,1814.0,3122.1066666666666,key_moments,2025-04-12 02:24:24.819554,WS-DIGITAL-NEWS
YT0016963,- Viral TikToks That Will Make You Question Everything,source_13,source_13,True,Company_B,content_editor_01,Digital_News,Hindi,discussion_show,shorts,Youtube,,True,2025-04-12 00:00:00.000000,65.95,29.83333333333333,43.83,498.0,Channel Page,4.19,1881778.0,60375.0,6860.0,134.0,11673.993166666663,full_package,2025-04-12 00:31:37.052835,WS-DIGITAL-NEWS
YT0025468,"- TikToks So Wild, I Questioned Reality!",source_14,source_14,True,Company_B,content_editor_01,Digital_News,Hindi,press_conference,shorts,Youtube,,True,2025-04-13 00:00:00.000000,70.16,61.41666666666666,97.75,439.0,Suggested,17.87,1872765.0,12355.0,6836.0,730.0,28048.124,full_package,2025-04-13 01:02:22.137286,WS-DIGITAL-NEWS
YT0013936,- Cringe Alert! Reacting to TikTok's Cringiest Trends,source_14,source_14,True,Company_B,content_editor_01,Digital_News,Hindi,debate,shorts,Youtube,,True,2025-04-13 00:00:00.000000,30.96,11.833333333333332,27.15,101.0,Suggested,5.11,1146911.0,6668.0,1670.0,462.0,1380.5410000000002,key_moments,2025-04-13 13:52:34.753783,WS-DIGITAL-NEWS
YT0024987,- I Tried Viral TikTok Life Hacks (You Won't Believe What Happened!),source_13,source_13,True,Company_B,content_editor_01,Digital_News,Hindi,debate,shorts,Youtube,,True,2025-04-13 00:00:00.000000,73.32,51.3,75.1,689.0,Playlist,1.62,1261808.0,13745.0,3128.0,2859.0,15351.997333333333,key_moments,2025-04-13 01:45:20.982987,WS-DIGITAL-NEWS
YT0010065,- The Funniest TikToks of the Week: My Honest Reactions!,source_13,source_13,True,Company_B,content_editor_01,Digital_News,Hindi,debate,shorts,Youtube,,True,2025-04-13 00:00:00.000000,66.05,25.15,34.57,412.0,Notifications,1.66,1368889.0,25284.0,4282.0,427.0,6711.3585,key_moments,2025-04-13 02:58:23.387726,WS-DIGITAL-NEWS
YT0006796,- TikTok Trends: Are We Officially Doomed?,source_13,source_13,True,Company_B,content_editor_01,Digital_News,Hindi,interview,shorts,Youtube,,True,2025-04-13 00:00:00.000000,34.86,20.3,64.45,115.0,Shorts Feed,7.97,1552770.0,57258.0,5385.0,53.0,5520.96,summary,2025-04-13 06:45:24.619516,WS-DIGITAL-NEWS
YT0012515,- I Tried Viral TikTok Dances... It Was a Disaster,source_14,source_14,True,Company_B,content_editor_01,Digital_News,Hindi,discussion_show,shorts,Youtube,,True,2025-04-14 00:00:00.000000,34.08,22.416666666666664,78.18,601.0,Playlist,26.19,1318437.0,84390.0,2254.0,2396.0,5462.968166666668,my_key_moments,2025-04-14 13:05:37.084413,WS-DIGITAL-NEWS
YT0016933,- Bizarre TikTok Food Combos: Would You Eat This?!,source_14,source_14,True,Company_B,content_editor_01,Digital_News,Hindi,debate,shorts,Youtube,,True,2025-04-14 00:00:00.000000,26.44,16.666666666666664,80.13,162.0,Shorts Feed,9.2,1352274.0,4160.0,2992.0,1956.0,3443.2903333333334,key_moments,2025-04-14 03:24:34.926301,WS-DIGITAL-NEWS
YT0015022,"- Unpacking the ""I'm Not Like Other Girls"" TikTok Drama",source_14,source_14,True,Company_B,content_editor_01,Digital_News,Hindi,discussion_show,shorts,Youtube,,True,2025-04-15 00:00:00.000000,37.93,11.7,18.32,378.0,Channel Page,5.17,1267072.0,68224.0,1580.0,1724.0,1478.2506666666666,chapters,2025-04-15 02:53:37.579450,WS-DIGITAL-NEWS
YT0017047,- My Brain Broke Watching This Optical Illusion TikTok,source_14,source_14,True,Company_B,content_editor_01,Digital_News,Hindi,debate,shorts,Youtube,,True,2025-04-15 00:00:00.000000,34.36,20.95,69.47,700.0,Notifications,14.48,1762777.0,45319.0,3848.0,536.0,6585.930666666667,key_moments,2025-04-15 04:14:09.169299,WS-DIGITAL-NEWS
YT0026616,"- DIY Fails So Bad, They're Hilarious! (TikTok Edition)",source_14,source_14,True,Company_B,content_editor_01,Digital_News,Hindi,interview,shorts,Youtube,,True,2025-04-15 00:00:00.000000,73.49000000000001,55.46666666666667,82.01,330.0,Browse,3.93,1312767.0,61878.0,1822.0,1157.0,17491.404666666665,chapters,2025-04-15 02:25:15.629893,WS-DIGITAL-NEWS
YT0018259,- Reacting to TikTok Trends That BROKE the Internet!,source_15,source_15,True,Company_B,content_editor_01,Digital_News,Hindi,discussion_show,shorts,Youtube,,True,2025-04-16 00:00:00.000000,37.28,28.0,92.01,349.0,Notifications,18.35,1932154.0,15419.0,134.0,409.0,11002.543666666666,my_key_moments,2025-04-16 02:31:39.075764,WS-DIGITAL-NEWS
YT0029835,- TikTok Trends of the Week: Cringe or Genius?!,source_15,source_15,True,Company_B,content_editor_01,Digital_News,Hindi,discussion_show,shorts,Youtube,,True,2025-04-16 00:00:00.000000,26.23,15.733333333333333,73.32,631.0,Search,15.46,1785528.0,13149.0,468.0,956.0,4083.5686666666666,chapters,2025-04-16 05:33:40.010545,WS-DIGITAL-NEWS
YT0006638,- We Reacted to the WILDEST TikToks!,source_15,source_15,True,Company_B,content_editor_01,Digital_News,Hindi,debate,shorts,Youtube,,True,2025-04-16 00:00:00.000000,65.15,32.733333333333334,50.32,83.0,Playlist,25.65,1355259.0,70860.0,1461.0,1272.0,9499.361666666666,key_moments,2025-04-16 04:38:20.880137,WS-DIGITAL-NEWS
YT0012089,- TikTok Made Me Try It: Viral Trends REACTION,source_15,source_15,True,Company_B,content_editor_01,Digital_News,Hindi,interview,shorts,Youtube,,True,2025-04-17 00:00:00.000000,25.31,8.283333333333333,7.6,698.0,External,13.78,1591428.0,45441.0,3340.0,614.0,346.283,chapters,2025-04-17 22:00:42.474704,WS-DIGITAL-NEWS
YT0026478,"- Savage Dance, Invisible Box & MORE: TikTok Reacts!",source_15,source_15,True,Company_B,content_editor_01,Digital_News,Hindi,discussion_show,shorts,Youtube,,True,2025-04-18 00:00:00.000000,62.98,39.61666666666667,66.94,74.0,Search,10.88,1401501.0,75863.0,5612.0,1292.0,12503.205666666669,chapters,2025-04-18 05:40:56.634594,WS-DIGITAL-NEWS
YT0018490,- The BEST (and WORST) TikTok Trends Right Now!,source_15,source_15,True,Company_B,content_editor_01,Digital_News,Hindi,debate,shorts,Youtube,,True,2025-04-18 00:00:00.000000,74.9,34.1,44.41,695.0,Suggested,3.5,1278611.0,91367.0,3767.0,1501.0,9447.514666666666,chapters,2025-04-18 10:02:46.911181,WS-DIGITAL-NEWS
YT0025372,- Is TikTok Getting Out of Hand?! (Viral Trend Reactions),source_15,source_15,True,Company_B,content_editor_01,Digital_News,Hindi,debate,shorts,Youtube,,True,2025-04-18 00:00:00.000000,17.45,8.2,28.57,61.0,External,11.59,1522590.0,23506.0,3928.0,1196.0,296.05916666666667,key_moments,2025-04-18 01:41:51.670042,WS-DIGITAL-NEWS
YT0008019,- Viral TikToks of the Week! (I Can't Believe These Are Real),source_16,source_16,True,Company_B,content_editor_01,Digital_News,Hindi,speech,shorts,Youtube,,True,2025-04-18 00:00:00.000000,66.52000000000001,51.45,85.31,476.0,Notifications,2.33,1723245.0,88340.0,6480.0,2969.0,21037.94933333333,full_package,2025-04-18 06:05:19.004340,WS-DIGITAL-NEWS
YT0001462,- Reacting to TikToks That Broke the Internet,source_16,source_16,True,Company_B,content_editor_01,Digital_News,Hindi,press_conference,shorts,Youtube,,True,2025-04-19 00:00:00.000000,67.17,42.81666666666667,67.7,199.0,Playlist,18.75,1792168.0,7721.0,5970.0,2759.0,17581.5,key_moments,2025-04-19 02:14:35.567371,WS-DIGITAL-NEWS
YT0029144,- I Reacted to the WILDEST TikToks!,source_16,source_16,True,Company_B,content_editor_01,Digital_News,Hindi,interview,shorts,Youtube,,True,2025-04-19 00:00:00.000000,33.41,19.333333333333336,64.28,442.0,Shorts Feed,16.38,1325454.0,27543.0,3226.0,1656.0,4356.816333333333,key_moments,2025-04-19 05:29:18.639075,WS-DIGITAL-NEWS
YT0015181,"- TikToks So Crazy, I Lost Brain Cells",source_16,source_16,True,Company_B,content_editor_01,Digital_News,Hindi,debate,shorts,Youtube,,True,2025-04-20 00:00:00.000000,44.0,29.83333333333333,77.01,33.0,Playlist,14.9,1829899.0,72107.0,2242.0,1427.0,11352.151166666668,key_moments,2025-04-20 06:56:19.110238,WS-DIGITAL-NEWS
YT0002502,- The Funniest TikToks I've Ever Seen!,source_16,source_16,True,Company_B,content_editor_01,Digital_News,Hindi,speech,shorts,Youtube,,True,2025-04-20 00:00:00.000000,34.72,18.5,55.78,663.0,Playlist,8.06,1657863.0,18022.0,3602.0,616.0,5065.6925,summary,2025-04-20 04:09:46.102652,WS-DIGITAL-NEWS
YT0009814,- I Tried Not To Cringe (TikTok Edition),source_16,source_16,True,Company_B,content_editor_01,Digital_News,Hindi,interview,shorts,Youtube,,True,2025-04-21 00:00:00.000000,26.69,13.283333333333331,49.47,92.0,Search,27.91,1513103.0,54732.0,6989.0,2673.0,2430.772,key_moments,2025-04-22 03:26:39.128490,WS-DIGITAL-NEWS
YT0021040,- Reacting to Your Favorite TikToks!,source_16,source_16,True,Company_B,content_editor_01,Digital_News,Hindi,interview,shorts,Youtube,,True,2025-04-21 00:00:00.000000,44.73,23.8,54.83,7.0,Shorts Feed,4.22,1978286.0,88859.0,3285.0,302.0,8957.239333333333,chapters,2025-04-21 12:32:12.924881,WS-DIGITAL-NEWS
YT0022261,- TikToks That Will Make You Question Everything,source_16,source_16,True,Company_B,content_editor_01,Digital_News,Hindi,discussion_show,shorts,Youtube,,True,2025-04-21 00:00:00.000000,59.3,37.46666666666667,67.64,51.0,Notifications,14.3,1757074.0,2994.0,3079.0,661.0,14626.014166666666,key_moments,2025-04-21 10:15:30.009010,WS-DIGITAL-NEWS
YT0023248,- Magic Tricks That BROKE My Brain! 🤯,source_17,source_17,True,Company_B,content_editor_01,Digital_News,Hindi,debate,shorts,Youtube,,True,2025-04-21 00:00:00.000000,16.53,8.666666666666666,76.25,284.0,Notifications,16.06,1566928.0,18526.0,3792.0,1317.0,507.8006666666667,key_moments,2025-04-21 07:22:20.109652,WS-DIGITAL-NEWS
YT0012810,- Reacting to IMPOSSIBLE Magic! (Is This Real?),source_17,source_17,True,Company_B,content_editor_01,Digital_News,Hindi,debate,shorts,Youtube,,True,2025-04-21 00:00:00.000000,64.47,31.666666666666668,48.85,184.0,Channel Page,0.28,1819629.0,33580.0,4787.0,686.0,12215.102,key_moments,2025-04-21 16:23:42.389842,WS-DIGITAL-NEWS
YT0002967,- I Can't Explain These Magic Tricks! 😵‍💫,source_17,source_17,True,Company_B,content_editor_01,Digital_News,Hindi,press_conference,shorts,Youtube,,True,2025-04-22 00:00:00.000000,20.09,12.133333333333333,91.03,183.0,Shorts Feed,18.45,1401343.0,3460.0,2359.0,328.0,1803.5803333333336,key_moments,2025-04-22 01:16:01.505710,WS-DIGITAL-NEWS
YT0004610,- Insane Magic That Will Make You Question Reality,source_17,source_17,True,Company_B,content_editor_01,Digital_News,Hindi,discussion_show,shorts,Youtube,,True,2025-04-22 00:00:00.000000,40.13,28.633333333333333,84.1,601.0,Search,23.76,1852499.0,79216.0,3261.0,702.0,10874.855166666668,my_key_moments,2025-04-22 11:58:17.056537,WS-DIGITAL-NEWS
YT0011930,- Witchcraft or Magic? Reacting to the CRAZIEST Illusions,source_17,source_17,True,Company_B,content_editor_01,Digital_News,Hindi,debate,shorts,Youtube,,True,2025-04-22 00:00:00.000000,74.99000000000001,61.53333333333333,90.07,29.0,Shorts Feed,11.74,1576363.0,36730.0,1769.0,1837.0,23660.041,my_key_moments,2025-04-22 01:48:35.817986,WS-DIGITAL-NEWS
YT0016123,- My Jaw Dropped Watching These Magic Tricks!,source_17,source_17,True,Company_B,content_editor_01,Digital_News,Hindi,debate,shorts,Youtube,,True,2025-04-23 00:00:00.000000,35.989999999999995,20.9,63.84,457.0,Browse,28.6,1328956.0,71596.0,991.0,475.0,4946.6695,key_moments,2025-04-23 02:32:48.346111,WS-DIGITAL-NEWS
YT0025184,- I Can't Believe These TikToks Are Real!,source_18,source_18,True,Company_B,content_editor_01,Digital_News,Hindi,discussion_show,shorts,Youtube,,True,2025-04-23 00:00:00.000000,58.64,22.7,34.83,338.0,Notifications,4.78,1347287.0,50260.0,3583.0,1223.0,5688.545166666667,full_package,2025-04-23 06:16:03.694169,WS-DIGITAL-NEWS
YT0015027,- Unbelievable Magic! (I'm Officially Mind Blown),source_17,source_17,True,Company_B,content_editor_01,Digital_News,Hindi,debate,shorts,Youtube,,True,2025-04-23 00:00:00.000000,25.02,11.833333333333332,43.25,217.0,Playlist,1.4,1402550.0,37464.0,7108.0,2001.0,1688.2546666666667,chapters,2025-04-23 10:43:41.315496,WS-DIGITAL-NEWS
YT0005532,- Reacting to TikToks That Broke the Internet!,source_18,source_18,True,Company_B,content_editor_01,Digital_News,Hindi,press_conference,shorts,Youtube,,True,2025-04-24 00:00:00.000000,37.29,13.25,25.8,324.0,Channel Page,6.69,1144079.0,71573.0,3818.0,587.0,1827.348333333333,my_key_moments,2025-04-24 01:35:22.277562,WS-DIGITAL-NEWS
YT0013612,"- Cringe, Hacks & Animal Rescues: Wildest TikToks of the Week!",source_18,source_18,True,Company_B,content_editor_01,Digital_News,Hindi,interview,shorts,Youtube,,True,2025-04-25 00:00:00.000000,48.14,36.43333333333334,87.31,9.0,Playlist,2.13,1079924.0,71906.0,7531.0,1287.0,8679.389166666666,key_moments,2025-04-25 02:39:16.220507,WS-DIGITAL-NEWS
YT0004224,"- TikToks So Crazy, I Had to React!",source_18,source_18,True,Company_B,content_editor_01,Digital_News,Hindi,interview,shorts,Youtube,,True,2025-04-26 00:00:00.000000,56.92,19.71666666666667,29.14,211.0,Suggested,29.87,1690790.0,47037.0,7589.0,1887.0,5737.727166666667,key_moments,2025-04-26 04:19:28.565738,WS-DIGITAL-NEWS
YT0024385,- Reacting to TikToks That BROKE the Internet!,source_19,source_19,True,Company_B,content_editor_01,Digital_News,Hindi,discussion_show,shorts,Youtube,,True,2025-04-27 00:00:00.000000,40.02,19.316666666666663,47.23,170.0,Search,19.75,1532323.0,34441.0,3355.0,1922.0,5029.708333333333,chapters,2025-04-27 03:26:45.443929,WS-DIGITAL-NEWS
YT0001928,- I Can't Believe These TikToks Went Viral!,source_19,source_19,True,Company_B,content_editor_01,Digital_News,Hindi,interview,shorts,Youtube,,True,2025-04-27 00:00:00.000000,21.96,7.883333333333333,5.51,337.0,Playlist,18.59,1343368.0,69379.0,5622.0,810.0,143.0438333333333,summary,2025-04-27 07:55:15.672704,WS-DIGITAL-NEWS
YT0019532,"- TikToks So Wild, I Lost Brain Cells (Worth It!)",source_19,source_19,True,Company_B,content_editor_01,Digital_News,Hindi,discussion_show,shorts,Youtube,,True,2025-04-27 00:00:00.000000,45.120000000000005,35.75,93.79,156.0,Search,19.0,1216022.0,68504.0,6646.0,960.0,9542.394833333332,full_package,2025-04-29 14:29:30.728766,WS-DIGITAL-NEWS
YT0008854,"- Viral TikToks of the Week: Cringe, Cute & WTF?!",source_19,source_19,True,Company_B,content_editor_01,Digital_News,Hindi,interview,shorts,Youtube,,True,2025-04-27 00:00:00.000000,28.880000000000003,16.066666666666666,61.72,489.0,Channel Page,21.63,1431797.0,35944.0,5955.0,345.0,3407.1465000000003,key_moments,2025-04-27 05:35:39.534492,WS-DIGITAL-NEWS
YT0007003,- I Reacted to Viral TikToks... Prepare to Cringe!,source_19,source_19,True,Company_B,content_editor_01,Digital_News,Hindi,debate,shorts,Youtube,,True,2025-04-28 00:00:00.000000,36.48,10.4,13.5,169.0,Suggested,13.25,1833355.0,16750.0,6575.0,582.0,1476.869333333333,key_moments,2025-04-28 02:13:17.036664,WS-DIGITAL-NEWS
YT0023783,- These TikToks Are Taking Over My Life!,source_19,source_19,True,Company_B,content_editor_01,Digital_News,Hindi,discussion_show,shorts,Youtube,,True,2025-04-28 00:00:00.000000,54.92,8.983333333333334,3.72,94.0,External,22.23,1851930.0,39204.0,2923.0,1586.0,763.0636666666667,full_package,2025-04-28 01:25:03.984668,WS-DIGITAL-NEWS
YT0022451,- TikToks That Will Make You Question Everything!,source_19,source_19,True,Company_B,content_editor_01,Digital_News,Hindi,debate,shorts,Youtube,,True,2025-04-28 00:00:00.000000,31.49,19.23333333333333,71.15,464.0,Suggested,20.8,1947366.0,92309.0,4029.0,287.0,6346.970666666666,my_key_moments,2025-04-28 03:05:00.887674,WS-DIGITAL-NEWS
YT0023204,- I Lost Brain Cells Watching These TikToks 💀,source_20,source_20,True,Company_B,content_editor_01,Digital_News,Hindi,discussion_show,shorts,Youtube,,True,2025-04-28 00:00:00.000000,18.0,7.716666666666667,7.22,658.0,Search,24.01,1761909.0,5022.0,3260.0,1418.0,106.04083333333332,key_moments,2025-04-28 01:53:07.130855,WS-DIGITAL-NEWS
YT0025797,- Reacting to TikToks That Broke the Internet!,source_20,source_20,True,Company_B,content_editor_01,Digital_News,Hindi,debate,shorts,Youtube,,True,2025-04-28 00:00:00.000000,67.28999999999999,39.9,61.96,239.0,Notifications,3.9,1365882.0,27421.0,6102.0,1697.0,12292.938,full_package,2025-04-28 05:48:51.768737,WS-DIGITAL-NEWS
YT0017708,- Cringe Alert! Reacting to Wild TikTok Fails!,source_20,source_20,True,Company_B,content_editor_01,Digital_News,Hindi,debate,shorts,Youtube,,True,2025-04-30 00:00:00.000000,18.14,10.6,98.73,1.0,Notifications,0.35,1791324.0,18046.0,314.0,1284.0,1542.529,key_moments,2025-04-30 05:44:33.351737,WS-DIGITAL-NEWS
YT0018730,- I Can't Believe These TikToks Are Real!,source_20,source_20,True,Company_B,content_editor_01,Digital_News,Hindi,debate,shorts,Youtube,,True,2025-04-30 00:00:00.000000,40.79,23.95,63.78,690.0,Notifications,10.91,1181264.0,50597.0,6239.0,853.0,5397.720166666667,full_package,2025-04-30 02:45:41.258705,WS-DIGITAL-NEWS
YT0028223,"- TikToks So Bad, They're Good! (You Won't Believe This)",source_20,source_20,True,Company_B,content_editor_01,Digital_News,Hindi,discussion_show,shorts,Youtube,,True,2025-04-30 00:00:00.000000,60.24,22.333333333333336,32.79,582.0,Shorts Feed,15.64,1733850.0,57877.0,1507.0,2594.0,7144.104166666667,chapters,2025-04-30 19:34:30.361531,WS-DIGITAL-NEWS
YT0003447,- My Honest Reactions to the Craziest TikToks of the Week,source_20,source_20,True,Company_B,content_editor_01,Digital_News,Hindi,debate,shorts,Youtube,,True,2025-04-30 00:00:00.000000,31.66,10.6,18.61,620.0,Notifications,3.3,1551290.0,18741.0,6353.0,1854.0,1335.833,chapters,2025-04-30 02:13:15.431781,WS-DIGITAL-NEWS
YT0009917,- The Funniest TikToks I've Ever Seen!,source_20,source_20,True,Company_B,content_editor_01,Digital_News,Hindi,speech,shorts,Youtube,,True,2025-04-30 00:00:00.000000,35.11,13.616666666666667,30.42,540.0,Suggested,21.13,1356157.0,4528.0,1618.0,1094.0,2304.211166666667,my_key_moments,2025-04-30 03:38:07.837349,WS-DIGITAL-NEWS
YT0006423,- Game Show FAILS That Will Make You Cringe! 😬,source_21,source_21,True,Company_B,content_editor_01,Digital_News,Hindi,discussion_show,shorts,Youtube,,True,2025-05-01 00:00:00.000000,36.29,27.416666666666668,93.55,420.0,Browse,7.65,1474521.0,88088.0,3446.0,2480.0,8157.650833333333,chapters,2025-05-01 06:40:12.111270,WS-DIGITAL-NEWS
YT0001938,- I Can't Believe These Game Show Moments Happened! 😱,source_21,source_21,True,Company_B,content_editor_01,Digital_News,Hindi,debate,shorts,Youtube,,True,2025-05-02 00:00:00.000000,27.11,12.65,42.53,335.0,Browse,4.96,1142383.0,63878.0,2897.0,2736.0,1634.2423333333331,key_moments,2025-05-02 08:09:56.397170,WS-DIGITAL-NEWS
YT0001473,- The Most OUTRAGEOUS Game Show Moments EVER!,source_21,source_21,True,Company_B,content_editor_01,Digital_News,Hindi,discussion_show,shorts,Youtube,,True,2025-05-02 00:00:00.000000,29.97,13.883333333333333,42.64,16.0,External,20.41,1933676.0,11540.0,5492.0,1474.0,3428.6940000000004,key_moments,2025-05-02 11:06:56.402150,WS-DIGITAL-NEWS
YT0005536,- Reacting to the WILDEST Game Show Fails! 😂,source_21,source_21,True,Company_B,content_editor_01,Digital_News,Hindi,debate,shorts,Youtube,,True,2025-05-02 00:00:00.000000,56.3,16.816666666666666,22.56,585.0,External,17.81,1261168.0,82185.0,2749.0,1362.0,3263.856,key_moments,2025-05-02 05:38:07.915024,WS-DIGITAL-NEWS
YT0015484,- Game Show History's Most UNBELIEVABLE Moments!,source_21,source_21,True,Company_B,content_editor_01,Digital_News,Hindi,speech,shorts,Youtube,,True,2025-05-03 00:00:00.000000,37.53,26.85,85.89,457.0,Notifications,1.21,1699533.0,21248.0,7789.0,596.0,9134.989833333331,summary,2025-05-03 09:16:20.048367,WS-DIGITAL-NEWS
YT0026721,- Reacting to TikToks That Broke My Brain,source_22,source_22,True,Company_B,content_editor_01,Digital_News,Hindi,discussion_show,shorts,Youtube,,True,2025-05-03 00:00:00.000000,55.94,13.1,13.68,387.0,Search,7.37,1898911.0,98200.0,2092.0,2374.0,2953.8615,key_moments,2025-05-03 02:20:58.244693,WS-DIGITAL-NEWS
YT0005317,- These Game Show Contestants Went COMPLETELY CRAZY!,source_21,source_21,True,Company_B,content_editor_01,Digital_News,Hindi,interview,shorts,Youtube,,True,2025-05-03 00:00:00.000000,22.44,9.033333333333331,20.61,461.0,Notifications,24.72,1297161.0,4422.0,7745.0,2990.0,552.4945,key_moments,2025-05-03 08:20:14.895493,WS-DIGITAL-NEWS
YT0021907,- Get Ready to SCREAM at These Game Show FAILS!,source_21,source_21,True,Company_B,content_editor_01,Digital_News,Hindi,debate,shorts,Youtube,,True,2025-05-03 00:00:00.000000,62.11,9.15,3.5,435.0,Search,12.73,1538201.0,57086.0,809.0,949.0,705.0088333333333,key_moments,2025-05-03 08:14:55.975355,WS-DIGITAL-NEWS
YT0023377,"- TikToks So Wild, I Lost It!",source_22,source_22,True,Company_B,content_editor_01,Digital_News,Hindi,discussion_show,shorts,Youtube,,True,2025-05-04 00:00:00.000000,32.9,13.3,32.4,605.0,Suggested,18.47,1857862.0,40052.0,3926.0,1844.0,2993.2221666666665,key_moments,2025-05-04 13:25:05.119382,WS-DIGITAL-NEWS
YT0019044,"- Cringe, Comedy, and Chaos: Reacting to Viral TikToks",source_22,source_22,True,Company_B,content_editor_01,Digital_News,Hindi,discussion_show,shorts,Youtube,,True,2025-05-05 00:00:00.000000,56.36,9.066666666666666,3.79,274.0,External,25.71,1984666.0,74968.0,3935.0,2011.0,863.6971666666667,full_package,2025-05-05 01:03:10.429787,WS-DIGITAL-NEWS
YT0028637,- The Funniest (and Cringiest) TikToks of the Week!,source_22,source_22,True,Company_B,content_editor_01,Digital_News,Hindi,speech,shorts,Youtube,,True,2025-05-05 00:00:00.000000,38.99,25.55,75.24,667.0,Playlist,19.5,1642776.0,57043.0,1834.0,2485.0,8236.696333333333,summary,2025-05-05 01:56:09.069493,WS-DIGITAL-NEWS
YT0005415,- I'm Officially Done With TikTok After Seeing These...,source_22,source_22,True,Company_B,content_editor_01,Digital_News,Hindi,discussion_show,shorts,Youtube,,True,2025-05-06 00:00:00.000000,57.34,21.5,33.07,389.0,Playlist,0.42,1825464.0,85870.0,7333.0,708.0,7099.026666666667,chapters,2025-05-06 07:43:39.604836,WS-DIGITAL-NEWS
YT0007706,- TikToks That Made Me Question Everything,source_22,source_22,True,Company_B,content_editor_01,Digital_News,Hindi,discussion_show,shorts,Youtube,,True,2025-05-06 00:00:00.000000,71.82,64.31666666666666,99.99,403.0,Channel Page,20.76,1531645.0,87385.0,5554.0,2369.0,24173.04533333333,my_key_moments,2025-05-06 00:28:46.569726,WS-DIGITAL-NEWS
YT0007238,- TikToks That Broke My Brain! (I Can't Unsee This),source_23,source_23,True,Company_B,content_editor_01,Digital_News,Hindi,debate,shorts,Youtube,,True,2025-05-07 00:00:00.000000,45.94,13.866666666666667,20.58,660.0,Playlist,11.32,1501249.0,419.0,3794.0,231.0,2654.9866666666667,full_package,2025-05-07 05:55:45.333527,WS-DIGITAL-NEWS
YT0016127,"- Viral TikToks: Hilarious, Shocking, & WTF?!",source_23,source_23,True,Company_B,content_editor_01,Digital_News,Hindi,debate,shorts,Youtube,,True,2025-05-08 00:00:00.000000,42.81,31.53333333333333,86.42,463.0,Shorts Feed,2.16,1993809.0,16100.0,693.0,2839.0,13310.521166666667,key_moments,2025-05-08 09:20:18.339837,WS-DIGITAL-NEWS
YT0017279,- Reacting to TikToks That Made Me Question Everything,source_23,source_23,True,Company_B,content_editor_01,Digital_News,Hindi,discussion_show,shorts,Youtube,,True,2025-05-08 00:00:00.000000,33.55,21.266666666666666,74.21,370.0,Playlist,22.48,1624888.0,35808.0,6882.0,524.0,6213.692,key_moments,2025-05-08 02:31:20.488662,WS-DIGITAL-NEWS
YT0005256,- I'm Speechless! Reacting to the WILDEST TikToks,source_23,source_23,True,Company_B,content_editor_01,Digital_News,Hindi,discussion_show,shorts,Youtube,,True,2025-05-08 00:00:00.000000,53.6,22.2,38.08,395.0,Browse,5.42,1848034.0,16625.0,7662.0,1887.0,7546.138833333333,chapters,2025-05-08 02:50:07.024977,WS-DIGITAL-NEWS
YT0007206,- The Internet is WILD! Reacting to Viral TikToks,source_23,source_23,True,Company_B,content_editor_01,Digital_News,Hindi,debate,shorts,Youtube,,True,2025-05-08 00:00:00.000000,48.34,38.33333333333333,92.48,279.0,Shorts Feed,6.48,1614091.0,9116.0,6707.0,1851.0,13824.3905,full_package,2025-05-08 01:41:37.740720,WS-DIGITAL-NEWS
YT0016736,- Reacting to TikToks That Broke the Internet!,source_24,source_24,True,Company_B,content_editor_01,Digital_News,Hindi,press_conference,shorts,Youtube,,True,2025-05-09 00:00:00.000000,16.0,8.15,65.0,390.0,Channel Page,25.1,1559655.0,42715.0,5039.0,1513.0,281.60433333333333,key_moments,2025-05-09 02:38:07.645806,WS-DIGITAL-NEWS
YT0002151,- I Lost It Reacting to These Viral TikToks!,source_24,source_24,True,Company_B,content_editor_01,Digital_News,Hindi,press_conference,shorts,Youtube,,True,2025-05-09 00:00:00.000000,45.18,12.683333333333334,17.17,301.0,Playlist,10.14,1516627.0,81351.0,5791.0,1340.0,2183.662,summary,2025-05-09 02:41:50.166263,WS-DIGITAL-NEWS
YT0014486,"- TikToks So Crazy, I Questioned Reality!",source_24,source_24,True,Company_B,content_editor_01,Digital_News,Hindi,debate,shorts,Youtube,,True,2025-05-09 00:00:00.000000,53.77,32.1,63.45,61.0,Browse,4.87,1428233.0,81467.0,454.0,839.0,9759.592166666667,full_package,2025-05-09 02:18:59.099084,WS-DIGITAL-NEWS
YT0002092,- The Most Viral TikToks EVER?! (My Honest Reactions),source_24,source_24,True,Company_B,content_editor_01,Digital_News,Hindi,discussion_show,shorts,Youtube,,True,2025-05-09 00:00:00.000000,70.28999999999999,58.23333333333333,91.76,501.0,Notifications,28.5,1861844.0,21915.0,3901.0,680.0,26238.209,key_moments,2025-05-09 02:13:01.175165,WS-DIGITAL-NEWS
YT0003824,"- Cringe, Laughs & Fails: Reacting to TikTok's Best/Worst!",source_24,source_24,True,Company_B,content_editor_01,Digital_News,Hindi,debate,shorts,Youtube,,True,2025-05-11 00:00:00.000000,42.1,32.81666666666666,93.42,334.0,Search,14.51,1486048.0,41211.0,3697.0,224.0,10450.495,full_package,2025-05-11 03:13:13.265610,WS-DIGITAL-NEWS
YT0016766,- I Tried Viral TikTok Hacks... You Won't Believe What Happened!,source_24,source_24,True,Company_B,content_editor_01,Digital_News,Hindi,interview,shorts,Youtube,,True,2025-05-11 00:00:00.000000,55.87,43.16666666666666,87.27,581.0,Suggested,13.59,1644157.0,71611.0,5795.0,3000.0,16289.333166666667,key_moments,2025-05-11 03:11:21.588519,WS-DIGITAL-NEWS
YT0012255,- TikToks That Made Me Cry-Laugh! (You Have to See These),source_24,source_24,True,Company_B,content_editor_01,Digital_News,Hindi,debate,shorts,Youtube,,True,2025-05-12 00:00:00.000000,56.66,43.55,86.53,219.0,Notifications,0.63,1477047.0,93793.0,7157.0,669.0,14790.9845,key_moments,2025-05-12 17:54:51.518980,WS-DIGITAL-NEWS
YT0024690,- Reacting to YOUR TikToks?! (Submit Yours Now!),source_24,source_24,True,Company_B,content_editor_01,Digital_News,Hindi,interview,shorts,Youtube,,True,2025-05-12 00:00:00.000000,27.61,17.96666666666667,83.0,274.0,Notifications,1.53,1090345.0,80016.0,6872.0,1054.0,3170.077166666667,full_package,2025-05-12 02:55:05.302105,WS-DIGITAL-NEWS
YT0018158,- TikToks That Broke My Brain! (I Can't Unsee These),source_25,source_25,True,Company_B,content_editor_01,Digital_News,Hindi,interview,shorts,Youtube,,True,2025-05-12 00:00:00.000000,49.21,25.28333333333333,51.98,492.0,External,9.96,1834059.0,70419.0,4025.0,2621.0,9059.911833333334,key_moments,2025-05-12 05:16:04.112542,WS-DIGITAL-NEWS
YT0000199,- Reacting to TikToks That Should Be Illegal!,source_25,source_25,True,Company_B,content_editor_01,Digital_News,Hindi,interview,shorts,Youtube,,True,2025-05-12 00:00:00.000000,65.65,22.083333333333336,28.79,90.0,Search,7.0,1582459.0,13467.0,3192.0,1025.0,6410.424166666667,chapters,2025-05-12 02:31:16.801142,WS-DIGITAL-NEWS
YT0002878,- I Lost Brain Cells Watching These TikToks...,source_25,source_25,True,Company_B,content_editor_01,Digital_News,Hindi,debate,shorts,Youtube,,True,2025-05-12 00:00:00.000000,16.68,8.366666666666667,51.59,246.0,Channel Page,6.95,1449414.0,77460.0,5982.0,2121.0,348.933,key_moments,2025-05-12 02:29:44.955665,WS-DIGITAL-NEWS
YT0015277,- The Funniest (and Cringiest) TikToks on the Internet!,source_25,source_25,True,Company_B,content_editor_01,Digital_News,Hindi,press_conference,shorts,Youtube,,True,2025-05-12 00:00:00.000000,28.12,17.383333333333333,75.33,515.0,Notifications,14.61,1245036.0,28398.0,2300.0,2089.0,3418.085,key_moments,2025-05-12 01:01:23.015244,WS-DIGITAL-NEWS
YT0025084,"- TikToks So Wild, I Question Humanity!",source_25,source_25,True,Company_B,content_editor_01,Digital_News,Hindi,debate,shorts,Youtube,,True,2025-05-13 00:00:00.000000,61.67,20.8,28.5,217.0,Search,19.72,1136857.0,97602.0,5624.0,1977.0,4200.054999999999,my_key_moments,2025-05-13 01:08:16.509249,WS-DIGITAL-NEWS
YT0018582,- Viral TikToks: Genius or Just Plain Crazy?,source_25,source_25,True,Company_B,content_editor_01,Digital_News,Hindi,debate,shorts,Youtube,,True,2025-05-13 00:00:00.000000,25.71,14.2,62.56,530.0,Notifications,20.34,1106508.0,68056.0,2940.0,476.0,2059.334333333333,key_moments,2025-05-13 01:31:22.874915,WS-DIGITAL-NEWS
YT0018500,- I'm Officially Done With TikTok After This...,source_25,source_25,True,Company_B,content_editor_01,Digital_News,Hindi,discussion_show,shorts,Youtube,,True,2025-05-13 00:00:00.000000,20.91,7.766666666666667,4.51,390.0,External,8.54,1940189.0,73309.0,5247.0,2688.0,143.71766666666664,key_moments,2025-05-13 04:37:59.587633,WS-DIGITAL-NEWS
YT0012047,- Prepare to Cringe: Reacting to the WORST TikToks!,source_25,source_25,True,Company_B,content_editor_01,Digital_News,Hindi,discussion_show,shorts,Youtube,,True,2025-05-14 00:00:00.000000,74.44,61.91666666666666,91.55,113.0,Browse,18.66,1929364.0,82473.0,4456.0,1671.0,29163.766,my_key_moments,2025-05-14 09:27:41.480129,WS-DIGITAL-NEWS
YT0020065,- AI Gone WRONG! (I Can't Stop Laughing!),source_26,source_26,True,Company_B,content_editor_01,Digital_News,Hindi,press_conference,shorts,Youtube,,True,2025-05-14 00:00:00.000000,50.18,12.183333333333334,13.31,414.0,Notifications,13.62,1857833.0,51515.0,7476.0,2542.0,2416.9031666666665,full_package,2025-05-14 00:57:28.352515,WS-DIGITAL-NEWS
YT0006899,- Reacting to AI FAILS That Will Make You Cringe!,source_26,source_26,True,Company_B,content_editor_01,Digital_News,Hindi,press_conference,shorts,Youtube,,True,2025-05-14 00:00:00.000000,57.07,25.466666666666665,42.71,596.0,Shorts Feed,25.16,1736125.0,25494.0,6784.0,4.0,8664.549833333333,full_package,2025-05-14 02:34:40.976481,WS-DIGITAL-NEWS
YT0026397,- AI is Getting TOO Smart...and It's Hilarious!,source_26,source_26,True,Company_B,content_editor_01,Digital_News,Hindi,debate,shorts,Youtube,,True,2025-05-16 00:00:00.000000,61.18,40.03333333333333,70.45,632.0,Channel Page,13.79,1882158.0,61339.0,6732.0,1791.0,17009.1315,key_moments,2025-05-16 01:20:24.541185,WS-DIGITAL-NEWS
YT0018648,"- AI Music So Bad, It's Good! (You HAVE to Hear This!)",source_26,source_26,True,Company_B,content_editor_01,Digital_News,Hindi,speech,shorts,Youtube,,True,2025-05-16 00:00:00.000000,61.11,20.65,28.52,493.0,Suggested,25.61,1409959.0,62413.0,6649.0,2496.0,5150.266833333333,summary,2025-05-16 03:14:15.830551,WS-DIGITAL-NEWS
YT0002972,- Reacting to TikToks That Broke My Brain!,source_27,source_27,True,Company_B,content_editor_01,Digital_News,Hindi,debate,shorts,Youtube,,True,2025-05-17 00:00:00.000000,48.75,8.616666666666667,3.31,203.0,Suggested,7.21,1183371.0,80620.0,3471.0,1929.0,367.06416666666667,full_package,2025-05-17 09:27:30.468836,WS-DIGITAL-NEWS
YT0005891,- I Found the WILDEST TikToks (You Won't Believe These!),source_27,source_27,True,Company_B,content_editor_01,Digital_News,Hindi,discussion_show,shorts,Youtube,,True,2025-05-17 00:00:00.000000,30.75,18.366666666666667,68.99,404.0,Browse,17.0,1921775.0,17173.0,7964.0,2289.0,5800.9135,key_moments,2025-05-17 02:47:51.627228,WS-DIGITAL-NEWS
YT0007711,"- TikToks So Crazy, I Had to React!",source_27,source_27,True,Company_B,content_editor_01,Digital_News,Hindi,debate,shorts,Youtube,,True,2025-05-17 00:00:00.000000,17.69,7.983333333333333,17.97,222.0,Shorts Feed,25.9,1943945.0,88755.0,5625.0,1451.0,260.99266666666665,key_moments,2025-05-17 03:51:02.878121,WS-DIGITAL-NEWS
YT0010794,- Unfiltered Reactions to the Most Viral TikToks,source_27,source_27,True,Company_B,content_editor_01,Digital_News,Hindi,speech,shorts,Youtube,,True,2025-05-17 00:00:00.000000,54.05,40.833333333333336,85.36,168.0,Suggested,4.14,1987810.0,46390.0,5868.0,2767.0,18405.648166666662,chapters,2025-05-17 12:48:47.574831,WS-DIGITAL-NEWS
YT0011310,- Deepfake DISASTERS! (The Future is Terrifying!),source_26,source_26,True,Company_B,content_editor_01,Digital_News,Hindi,debate,shorts,Youtube,,True,2025-05-17 00:00:00.000000,60.75,31.216666666666665,51.84,240.0,Shorts Feed,6.15,1263607.0,61948.0,816.0,76.0,8324.596166666666,key_moments,2025-05-17 05:46:10.816549,WS-DIGITAL-NEWS
YT0015071,- Prepare to Cringe: Reacting to TikTok's Dark Side,source_27,source_27,True,Company_B,content_editor_01,Digital_News,Hindi,debate,shorts,Youtube,,True,2025-05-18 00:00:00.000000,73.72,39.53333333333333,54.55,164.0,Suggested,13.36,1515741.0,53083.0,7006.0,185.0,13487.288,key_moments,2025-05-18 02:10:39.340586,WS-DIGITAL-NEWS
YT0021912,- The Best and WORST of TikTok: A Reaction Compilation,source_27,source_27,True,Company_B,content_editor_01,Digital_News,Hindi,discussion_show,shorts,Youtube,,True,2025-05-19 00:00:00.000000,33.989999999999995,18.583333333333336,58.36,429.0,Browse,9.68,1790946.0,68932.0,178.0,1750.0,5513.792166666667,key_moments,2025-05-19 04:32:32.167138,WS-DIGITAL-NEWS
YT0019237,- TikTok's Gone WILD! Reacting to the Craziest Viral Videos,source_28,source_28,True,Company_B,content_editor_01,Digital_News,Hindi,speech,shorts,Youtube,,True,2025-05-19 00:00:00.000000,71.62,12.85,9.45,84.0,Search,16.75,1427774.0,47822.0,6457.0,1917.0,2121.830833333333,key_moments,2025-05-19 02:03:47.497542,WS-DIGITAL-NEWS
YT0008991,- I Can't Believe These TikToks Are Real! (Viewer Discretion Advised),source_28,source_28,True,Company_B,content_editor_01,Digital_News,Hindi,press_conference,shorts,Youtube,,True,2025-05-20 00:00:00.000000,18.24,9.383333333333333,58.13,418.0,Suggested,22.98,1535390.0,21563.0,5872.0,1520.0,803.2365000000001,summary,2025-05-20 05:35:58.253687,WS-DIGITAL-NEWS
YT0022039,- Reacting to TikToks That Broke the Internet!,source_28,source_28,True,Company_B,content_editor_01,Digital_News,Hindi,interview,shorts,Youtube,,True,2025-05-20 00:00:00.000000,28.37,10.25,20.57,294.0,Playlist,13.07,1932632.0,46558.0,7368.0,1654.0,1476.3161666666667,summary,2025-05-20 06:02:27.533088,WS-DIGITAL-NEWS
YT0015413,- Viral TikToks That Will Make You Question Everything,source_28,source_28,True,Company_B,content_editor_01,Digital_News,Hindi,press_conference,shorts,Youtube,,True,2025-05-21 00:00:00.000000,21.21,8.883333333333333,22.28,244.0,Shorts Feed,29.88,1440902.0,59126.0,2062.0,1255.0,553.6800000000001,key_moments,2025-05-21 01:20:23.503090,WS-DIGITAL-NEWS
YT0009618,- The Most Shocking TikToks I've Ever Seen!,source_28,source_28,True,Company_B,content_editor_01,Digital_News,Hindi,press_conference,shorts,Youtube,,True,2025-05-21 00:00:00.000000,58.29,25.633333333333333,41.89,47.0,Playlist,8.15,1406866.0,87417.0,7630.0,2714.0,7086.436166666666,key_moments,2025-05-21 04:36:05.922775,WS-DIGITAL-NEWS
YT0003765,"- TikToks So Crazy, You Have to See Them to Believe Them!",source_28,source_28,True,Company_B,content_editor_01,Digital_News,Hindi,discussion_show,shorts,Youtube,,True,2025-05-21 00:00:00.000000,47.41,32.68333333333334,77.7,579.0,Browse,3.5,1722197.0,30652.0,1368.0,66.0,12047.405833333332,chapters,2025-05-21 03:38:27.303582,WS-DIGITAL-NEWS
YT0024536,- I Lost My Mind Watching These Viral TikToks!,source_28,source_28,True,Company_B,content_editor_01,Digital_News,Hindi,debate,shorts,Youtube,,True,2025-05-22 00:00:00.000000,24.28,16.133333333333333,93.03,307.0,Channel Page,19.21,1527232.0,71670.0,923.0,1940.0,3662.5286666666666,key_moments,2025-05-22 06:11:03.979965,WS-DIGITAL-NEWS
YT0011498,- Unbelievable TikToks: Reacting to the Internet's Most Viral Content,source_28,source_28,True,Company_B,content_editor_01,Digital_News,Hindi,interview,shorts,Youtube,,True,2025-05-22 00:00:00.000000,61.77,39.55,68.53,663.0,Notifications,15.98,1996211.0,9613.0,4314.0,2883.0,17771.822999999997,key_moments,2025-05-22 07:46:42.837586,WS-DIGITAL-NEWS
YT0013186,- TikToks That Broke My Brain! (I Can't Unsee This),source_29,source_29,True,Company_B,content_editor_01,Digital_News,Hindi,interview,shorts,Youtube,,True,2025-05-22 00:00:00.000000,30.08,8.25,4.97,279.0,Browse,18.86,1810506.0,92207.0,5886.0,602.0,377.1886666666667,summary,2025-05-22 05:51:38.203399,WS-DIGITAL-NEWS
YT0025940,- Reacting to TikTok FAILS That Went WAY Too Far!,source_29,source_29,True,Company_B,content_editor_01,Digital_News,Hindi,discussion_show,shorts,Youtube,,True,2025-05-23 00:00:00.000000,53.74,20.55,33.69,428.0,Search,20.47,1155651.0,60298.0,5450.0,2600.0,4189.234833333333,chapters,2025-05-23 03:08:18.540114,WS-DIGITAL-NEWS
YT0006127,"- Viral TikToks So Crazy, They Made Me Cringe!",source_29,source_29,True,Company_B,content_editor_01,Digital_News,Hindi,debate,shorts,Youtube,,True,2025-05-23 00:00:00.000000,18.69,9.366666666666667,50.59,377.0,Shorts Feed,11.37,1661622.0,7682.0,686.0,43.0,861.5818333333334,key_moments,2025-05-23 08:26:23.272895,WS-DIGITAL-NEWS
YT0013273,- I Tried Viral TikTok Dances...It's a Disaster!,source_29,source_29,True,Company_B,content_editor_01,Digital_News,Hindi,interview,shorts,Youtube,,True,2025-05-23 00:00:00.000000,71.59,21.866666666666667,25.39,298.0,External,28.49,1108355.0,65863.0,2252.0,1165.0,4423.1575,my_key_moments,2025-05-23 01:59:21.919170,WS-DIGITAL-NEWS
YT0001430,- Roommate Wars & Lucky Escapes: Reacting to Wild TikToks!,source_29,source_29,True,Company_B,content_editor_01,Digital_News,Hindi,debate,shorts,Youtube,,True,2025-05-23 00:00:00.000000,62.93,21.816666666666663,29.87,18.0,Shorts Feed,18.08,1908547.0,40941.0,2984.0,573.0,7590.008666666667,key_moments,2025-05-23 01:23:26.868210,WS-DIGITAL-NEWS
YT0010664,"- Magic, Fails & Awkward Proposals: The Craziest TikToks Ever!",source_29,source_29,True,Company_B,content_editor_01,Digital_News,Hindi,speech,shorts,Youtube,,True,2025-05-23 00:00:00.000000,53.03,22.833333333333336,40.32,410.0,External,28.45,1774576.0,83228.0,2810.0,79.0,7558.379333333333,full_package,2025-05-23 00:18:37.393632,WS-DIGITAL-NEWS
YT0013956,"- TikToks That Will Make You Laugh, Cry, & Question Everything!",source_29,source_29,True,Company_B,content_editor_01,Digital_News,Hindi,debate,shorts,Youtube,,True,2025-05-23 00:00:00.000000,70.99000000000001,53.03333333333333,81.32,293.0,Playlist,24.43,1835068.0,78718.0,6620.0,819.0,23210.212,full_package,2025-05-23 03:46:54.228311,WS-DIGITAL-NEWS
YT0013972,- AI Apocalypse Fails! 😂 You Won't Believe This!,source_30,source_30,True,Company_B,content_editor_01,Digital_News,Hindi,debate,shorts,Youtube,,True,2025-05-24 00:00:00.000000,60.91,38.8,68.18,547.0,Playlist,21.57,1246975.0,6114.0,2259.0,1260.0,10841.754833333334,full_package,2025-05-24 02:04:23.250588,WS-DIGITAL-NEWS
YT0016635,- AI Fails That Will Make You Question Reality! 🤣,source_30,source_30,True,Company_B,content_editor_01,Digital_News,Hindi,press_conference,shorts,Youtube,,True,2025-05-24 00:00:00.000000,29.2,13.416666666666668,41.67,119.0,Notifications,28.16,1294991.0,76639.0,2298.0,981.0,2128.3416666666667,chapters,2025-05-24 05:29:55.047644,WS-DIGITAL-NEWS
YT0029697,- Self-Driving Cars Gone WILD! 🚗 AI Fail Reaction,source_30,source_30,True,Company_B,content_editor_01,Digital_News,Hindi,debate,shorts,Youtube,,True,2025-05-24 00:00:00.000000,45.24,21.583333333333336,46.57,133.0,External,11.43,1646568.0,2827.0,3605.0,540.0,6441.435,full_package,2025-05-24 00:49:35.006701,WS-DIGITAL-NEWS
YT0029640,- AI Tried to Cook... It's a Disaster! 🍳😂,source_30,source_30,True,Company_B,content_editor_01,Digital_News,Hindi,debate,shorts,Youtube,,True,2025-05-24 00:00:00.000000,40.0,23.53333333333333,64.13,79.0,Channel Page,21.81,1767514.0,61255.0,4276.0,706.0,7871.983666666667,key_moments,2025-05-24 02:23:00.441473,WS-DIGITAL-NEWS
YT0003432,- The Funniest AI Fails on the Internet! 😂 (I Can't Stop Laughing),source_30,source_30,True,Company_B,content_editor_01,Digital_News,Hindi,discussion_show,shorts,Youtube,,True,2025-05-24 00:00:00.000000,42.52,28.83333333333333,77.52,482.0,Playlist,17.81,1825911.0,94727.0,3779.0,501.0,10820.213333333337,key_moments,2025-05-24 05:49:37.367769,WS-DIGITAL-NEWS
YT0028827,"- ""Am I The Jerk?"" Stories That Will Make You Question Humanity! 🤯",source_31,source_31,True,Company_B,content_editor_01,Digital_News,Hindi,press_conference,shorts,Youtube,,True,2025-05-25 00:00:00.000000,56.04,41.9,83.82,700.0,Search,18.7,1724202.0,18445.0,2820.0,754.0,16475.708,full_package,2025-05-25 01:45:17.725723,WS-DIGITAL-NEWS
YT0005323,"- Reddit's WILD ""Am I The Jerk?"" Stories! (You Won't Believe These!)",source_31,source_31,True,Company_B,content_editor_01,Digital_News,Hindi,debate,shorts,Youtube,,True,2025-05-25 00:00:00.000000,49.63,39.33333333333333,91.92,327.0,Shorts Feed,17.94,1998498.0,90145.0,6016.0,751.0,17671.903666666665,full_package,2025-05-25 05:32:58.038705,WS-DIGITAL-NEWS
YT0005787,"- Reacting to the CRAZIEST ""Am I The Jerk?"" Tales! 🍿",source_31,source_31,True,Company_B,content_editor_01,Digital_News,Hindi,debate,shorts,Youtube,,True,2025-05-26 00:00:00.000000,58.66,40.48333333333333,75.55,141.0,Notifications,8.82,1396758.0,82935.0,700.0,2647.0,12797.1485,key_moments,2025-05-26 02:33:42.167812,WS-DIGITAL-NEWS
YT0000973,"- Second-Hand Embarrassment Overload! ""Am I The Jerk?"" Edition",source_31,source_31,True,Company_B,content_editor_01,Digital_News,Hindi,interview,shorts,Youtube,,True,2025-05-26 00:00:00.000000,41.11,8.433333333333334,3.57,232.0,Notifications,8.69,1118461.0,57855.0,438.0,2764.0,289.9713333333333,full_package,2025-05-26 03:53:46.965143,WS-DIGITAL-NEWS
YT0025710,"- ""Am I The Jerk?"" DRAMA: Wedding Cake Rage to Workplace Sabotage!",source_31,source_31,True,Company_B,content_editor_01,Digital_News,Hindi,speech,shorts,Youtube,,True,2025-05-26 00:00:00.000000,56.65,12.616666666666667,12.28,603.0,Shorts Feed,14.57,1195905.0,90249.0,193.0,643.0,1699.7353333333333,key_moments,2025-05-26 06:26:21.501505,WS-DIGITAL-NEWS
YT0020750,- The Internet's Most Outrageous Stories! (Who's The Jerk?!),source_31,source_31,True,Company_B,content_editor_01,Digital_News,Hindi,discussion_show,shorts,Youtube,,True,2025-05-26 00:00:00.000000,67.6,27.216666666666665,37.48,271.0,Browse,29.55,1364147.0,19951.0,7779.0,2757.0,7471.231,key_moments,2025-05-26 08:34:20.153626,WS-DIGITAL-NEWS
YT0028559,"- JUDGING Your ""Am I The Jerk?"" Stories! (Prepare to Cringe!)",source_31,source_31,True,Company_B,content_editor_01,Digital_News,Hindi,debate,shorts,Youtube,,True,2025-05-26 00:00:00.000000,52.0,30.166666666666668,61.26,514.0,Search,21.85,1775844.0,25055.0,3481.0,935.0,11181.24,key_moments,2025-05-26 04:18:25.923863,WS-DIGITAL-NEWS
YT0020502,- TikToks That Broke My Brain! (I Can't Unsee These),source_32,source_32,True,Company_B,content_editor_01,Digital_News,Hindi,debate,shorts,Youtube,,True,2025-05-26 00:00:00.000000,47.75,13.966666666666669,19.75,561.0,External,2.64,1539017.0,45355.0,5581.0,95.0,2764.5305,key_moments,2025-05-26 02:05:08.381806,WS-DIGITAL-NEWS
YT0003213,- Reacting to TikToks That Are TOO WILD!,source_32,source_32,True,Company_B,content_editor_01,Digital_News,Hindi,debate,shorts,Youtube,,True,2025-05-27 00:00:00.000000,57.55,21.083333333333336,31.92,82.0,Browse,20.87,1207680.0,21789.0,6206.0,2881.0,4556.7555,key_moments,2025-05-27 02:46:22.136212,WS-DIGITAL-NEWS
YT0023141,- I'm Officially ADDICTED To These TikToks!,source_32,source_32,True,Company_B,content_editor_01,Digital_News,Hindi,debate,shorts,Youtube,,True,2025-05-27 00:00:00.000000,21.07,10.983333333333334,57.39,26.0,Shorts Feed,0.97,1182388.0,71050.0,7076.0,2374.0,1144.0698333333337,key_moments,2025-05-27 06:39:29.747084,WS-DIGITAL-NEWS
YT0003288,"- Cringe, Fails & EPIC Wins! (Reacting to Viral TikToks)",source_32,source_32,True,Company_B,content_editor_01,Digital_News,Hindi,interview,shorts,Youtube,,True,2025-05-27 00:00:00.000000,41.8,30.216666666666665,84.76,5.0,Browse,7.25,1436651.0,82040.0,2839.0,2245.0,9065.533833333331,key_moments,2025-05-27 01:46:01.252805,WS-DIGITAL-NEWS
YT0009415,"- These TikToks Are SO Good, I Had To React!",source_32,source_32,True,Company_B,content_editor_01,Digital_News,Hindi,debate,shorts,Youtube,,True,2025-05-27 00:00:00.000000,30.9,8.55,6.6,358.0,Search,26.01,1320638.0,33805.0,3639.0,187.0,385.186,key_moments,2025-05-27 03:28:08.084245,WS-DIGITAL-NEWS
YT0005694,- Prepare to Scream & Laugh at These Viral TikToks!,source_32,source_32,True,Company_B,content_editor_01,Digital_News,Hindi,discussion_show,shorts,Youtube,,True,2025-05-28 00:00:00.000000,17.89,9.95,84.78,665.0,Browse,22.25,1736612.0,63397.0,2600.0,1550.0,1181.861,key_moments,2025-05-28 02:56:15.298251,WS-DIGITAL-NEWS
YT0023550,- Reacting to TikToks That BROKE the Internet! 😂,source_33,source_33,True,Company_B,content_editor_01,Digital_News,Hindi,interview,shorts,Youtube,,True,2025-05-28 00:00:00.000000,41.45,26.2,70.7,351.0,Notifications,13.33,1370583.0,1976.0,1540.0,621.0,7119.417333333333,chapters,2025-05-28 03:40:57.173205,WS-DIGITAL-NEWS
YT0002970,- I Can't Believe These TikToks Went Viral! 😲,source_33,source_33,True,Company_B,content_editor_01,Digital_News,Hindi,discussion_show,shorts,Youtube,,True,2025-05-29 00:00:00.000000,16.78,8.566666666666666,59.93,559.0,External,29.54,1290633.0,84941.0,968.0,2015.0,382.4098333333333,key_moments,2025-05-29 01:47:02.466174,WS-DIGITAL-NEWS
YT0020093,"- Cringe, Fails & FOOD! Reacting to Viral TikToks!",source_33,source_33,True,Company_B,content_editor_01,Digital_News,Hindi,debate,shorts,Youtube,,True,2025-05-29 00:00:00.000000,51.2,15.516666666666667,22.15,403.0,Notifications,23.99,1107316.0,77967.0,3310.0,786.0,2465.828666666667,summary,2025-05-29 00:54:32.887834,WS-DIGITAL-NEWS
YT0021523,- I'm Officially ADDICTED to These TikToks!,source_33,source_33,True,Company_B,content_editor_01,Digital_News,Hindi,press_conference,shorts,Youtube,,True,2025-05-29 00:00:00.000000,37.1,11.166666666666666,16.59,109.0,Channel Page,5.22,1722268.0,74892.0,215.0,1953.0,1754.161833333333,chapters,2025-05-29 06:04:01.728671,WS-DIGITAL-NEWS
YT0019030,"- Viral TikToks That Will Make You LOL, Cry & Cringe!",source_33,source_33,True,Company_B,content_editor_01,Digital_News,Hindi,interview,shorts,Youtube,,True,2025-05-30 00:00:00.000000,52.61,17.883333333333333,27.61,592.0,Notifications,3.81,1817777.0,64087.0,299.0,855.0,5242.940166666666,chapters,2025-05-30 08:39:01.251198,WS-DIGITAL-NEWS
YT0016652,"- TikToks So Wild, I Lost Brain Cells!",source_34,source_34,True,Company_B,content_editor_01,Digital_News,Hindi,interview,shorts,Youtube,,True,2025-05-30 00:00:00.000000,40.260000000000005,15.4,31.27,646.0,Shorts Feed,18.81,1079617.0,29644.0,3383.0,351.0,2369.1595,my_key_moments,2025-05-30 00:57:13.184447,WS-DIGITAL-NEWS
YT0008955,- Unbelievable TikToks I Can't Stop Watching!,source_34,source_34,True,Company_B,content_editor_01,Digital_News,Hindi,debate,shorts,Youtube,,True,2025-05-30 00:00:00.000000,42.36,15.616666666666667,29.67,99.0,Notifications,22.66,1104510.0,98428.0,2572.0,2046.0,2490.261,my_key_moments,2025-05-30 05:22:23.745463,WS-DIGITAL-NEWS
YT0019892,- I Can't Believe These TikToks Are Real!,source_34,source_34,True,Company_B,content_editor_01,Digital_News,Hindi,debate,shorts,Youtube,,True,2025-05-30 00:00:00.000000,49.26,20.516666666666666,37.99,557.0,Channel Page,19.18,1326733.0,31063.0,273.0,2578.0,4797.1225,key_moments,2025-05-30 09:30:53.013233,WS-DIGITAL-NEWS
YT0019706,- Magic Tricks That BROKE My Brain! 🤯,source_35,source_35,True,Company_B,content_editor_01,Digital_News,Hindi,speech,shorts,Youtube,,True,2025-05-31 00:00:00.000000,39.3,20.23333333333333,52.4,604.0,Browse,8.16,1123862.0,84477.0,6730.0,2790.0,3975.1415,chapters,2025-05-31 06:26:35.470998,WS-DIGITAL-NEWS
YT0015985,- Reacting to IMPOSSIBLE Magic! (Is it REAL?),source_35,source_35,True,Company_B,content_editor_01,Digital_News,Hindi,discussion_show,shorts,Youtube,,True,2025-05-31 00:00:00.000000,18.55,8.583333333333334,30.52,551.0,Notifications,15.75,1902821.0,61144.0,1871.0,2211.0,572.6081666666666,key_moments,2025-05-31 02:51:58.021883,WS-DIGITAL-NEWS
YT0003778,- Viral TikToks That Will Make You Question Everything,source_34,source_34,True,Company_B,content_editor_01,Digital_News,Hindi,debate,shorts,Youtube,,True,2025-05-31 00:00:00.000000,21.92,8.75,18.06,414.0,External,14.2,1586289.0,30161.0,7442.0,707.0,550.7948333333334,full_package,2025-05-31 01:52:49.526278,WS-DIGITAL-NEWS
YT0009784,- The Craziest TikToks The Algorithm Showed Me!,source_34,source_34,True,Company_B,content_editor_01,Digital_News,Hindi,discussion_show,shorts,Youtube,,True,2025-05-31 00:00:00.000000,38.21,10.716666666666669,13.86,312.0,Shorts Feed,20.2,1991996.0,19824.0,6528.0,2638.0,1779.8853333333332,chapters,2025-05-31 04:16:03.747411,WS-DIGITAL-NEWS
YT0012189,- I Can't Explain These Magic Tricks! 😵‍💫,source_35,source_35,True,Company_B,content_editor_01,Digital_News,Hindi,interview,shorts,Youtube,,True,2025-06-01 00:00:00.000000,28.31,14.05,49.21,487.0,Suggested,9.98,1762259.0,87367.0,2549.0,1086.0,3206.3323333333333,key_moments,2025-06-01 04:52:37.061851,WS-DIGITAL-NEWS
YT0010911,- Mind-Blowing Magic Reactions! (Rewind Needed!),source_35,source_35,True,Company_B,content_editor_01,Digital_News,Hindi,speech,shorts,Youtube,,True,2025-06-01 00:00:00.000000,69.86,57.7,91.51,16.0,Shorts Feed,10.7,1736657.0,71815.0,1800.0,19.0,24216.717,summary,2025-06-01 04:19:07.101391,WS-DIGITAL-NEWS
YT0003031,- The Greatest Magic Tricks EVER? (My Honest Reaction),source_35,source_35,True,Company_B,content_editor_01,Digital_News,Hindi,debate,shorts,Youtube,,True,2025-06-01 00:00:00.000000,64.28,49.43333333333333,85.09,162.0,External,2.17,1498606.0,7018.0,5831.0,1468.0,17455.984666666667,summary,2025-06-01 03:27:47.440705,WS-DIGITAL-NEWS
YT0028293,- Zoom Magic?! This is Next Level! 🪄,source_35,source_35,True,Company_B,content_editor_01,Digital_News,Hindi,speech,shorts,Youtube,,True,2025-06-01 00:00:00.000000,44.21,22.23333333333333,50.44,454.0,Search,10.18,1165603.0,88825.0,3428.0,605.0,4770.338166666666,summary,2025-06-01 01:40:56.347086,WS-DIGITAL-NEWS
YT0012601,- Reacting to Magic: Can YOU Figure It Out?,source_35,source_35,True,Company_B,content_editor_01,Digital_News,Hindi,debate,shorts,Youtube,,True,2025-06-01 00:00:00.000000,39.7,30.48333333333333,93.05,216.0,Notifications,21.54,1864082.0,27564.0,93.0,538.0,11900.782833333333,key_moments,2025-06-01 05:36:33.864883,WS-DIGITAL-NEWS
YT0023769,"- TikToks So Crazy, I Lost Brain Cells!",source_36,source_36,True,Company_B,content_editor_01,Digital_News,Hindi,discussion_show,shorts,Youtube,,True,2025-06-02 00:00:00.000000,54.92,41.71666666666667,85.71,358.0,Playlist,21.45,1838072.0,24726.0,1602.0,643.0,17470.193666666666,key_moments,2025-06-02 05:49:47.180567,WS-DIGITAL-NEWS
YT0005939,- Reacting to TikToks That Broke the Internet!,source_36,source_36,True,Company_B,content_editor_01,Digital_News,Hindi,interview,shorts,Youtube,,True,2025-06-02 00:00:00.000000,26.68,7.933333333333334,3.71,336.0,Search,6.65,1676944.0,33490.0,7314.0,94.0,201.85433333333333,key_moments,2025-06-02 04:41:49.674385,WS-DIGITAL-NEWS
YT0012196,- I Can't Believe These TikToks Are Real!,source_36,source_36,True,Company_B,content_editor_01,Digital_News,Hindi,debate,shorts,Youtube,,True,2025-06-02 00:00:00.000000,17.98,7.583333333333333,2.8,412.0,Browse,7.13,1396537.0,10290.0,6468.0,2410.0,32.32716666666667,chapters,2025-06-02 04:22:17.133687,WS-DIGITAL-NEWS
YT0010506,- The Funniest (and Cringiest) TikToks of the Week!,source_36,source_36,True,Company_B,content_editor_01,Digital_News,Hindi,debate,shorts,Youtube,,True,2025-06-02 00:00:00.000000,17.78,9.816666666666666,83.33,456.0,Channel Page,21.5,1352526.0,65886.0,3776.0,1982.0,870.3755,chapters,2025-06-02 15:19:41.502461,WS-DIGITAL-NEWS
YT0007598,- Viral TikToks That Will Make You Question Everything,source_36,source_36,True,Company_B,content_editor_01,Digital_News,Hindi,discussion_show,shorts,Youtube,,True,2025-06-04 00:00:00.000000,65.25,43.516666666666666,71.67,511.0,External,0.77,1832039.0,28412.0,7009.0,875.0,18328.871666666662,chapters,2025-06-04 02:25:38.383156,WS-DIGITAL-NEWS
YT0007504,- Reacting to TikTok Trends of 2024... I'm Officially Confused!,source_37,source_37,True,Company_B,content_editor_01,Digital_News,Hindi,speech,shorts,Youtube,,True,2025-06-04 00:00:00.000000,37.19,14.7,32.45,65.0,Search,21.99,1363831.0,17415.0,7118.0,1999.0,2727.662,summary,2025-06-04 11:09:00.118059,WS-DIGITAL-NEWS
YT0016387,- TikToks That Made Me Question My Sanity!,source_36,source_36,True,Company_B,content_editor_01,Digital_News,Hindi,discussion_show,shorts,Youtube,,True,2025-06-04 00:00:00.000000,49.98,18.666666666666664,31.92,684.0,Channel Page,26.88,1637075.0,54784.0,3740.0,820.0,5077.964166666667,key_moments,2025-06-04 02:13:24.538003,WS-DIGITAL-NEWS
YT0028177,- I Tried the VIRAL TikTok Trends of 2024 (You Won't Believe This!),source_37,source_37,True,Company_B,content_editor_01,Digital_News,Hindi,speech,shorts,Youtube,,True,2025-06-04 00:00:00.000000,16.2,7.683333333333334,15.28,6.0,Notifications,29.14,1208917.0,35423.0,4836.0,1147.0,61.56516666666666,key_moments,2025-06-04 09:42:46.437224,WS-DIGITAL-NEWS
YT0002825,- TikTok Trends 2024: Reacting to the Cringiest & Coolest!,source_37,source_37,True,Company_B,content_editor_01,Digital_News,Hindi,press_conference,shorts,Youtube,,True,2025-06-05 00:00:00.000000,38.85,30.183333333333334,95.11,108.0,External,25.12,1737499.0,9248.0,264.0,2645.0,10947.8525,full_package,2025-06-05 10:43:45.869514,WS-DIGITAL-NEWS
YT0010454,- 2024's Wildest TikTok Trends... Can I Even Do These?!,source_37,source_37,True,Company_B,content_editor_01,Digital_News,Hindi,discussion_show,shorts,Youtube,,True,2025-06-05 00:00:00.000000,74.36,58.41666666666666,85.78,311.0,Search,24.37,1850177.0,59889.0,5798.0,2199.0,26168.012666666666,full_package,2025-06-05 03:09:50.586217,WS-DIGITAL-NEWS
YT0025930,- I Reacted to TikTok's Invisible Box Challenge... Epic Fail!,source_37,source_37,True,Company_B,content_editor_01,Digital_News,Hindi,interview,shorts,Youtube,,True,2025-06-05 00:00:00.000000,67.75999999999999,12.783333333333331,10.01,114.0,Notifications,22.33,1230386.0,41507.0,4480.0,1006.0,1805.7053333333336,key_moments,2025-06-05 15:06:20.120214,WS-DIGITAL-NEWS
YT0022589,- TikTok Trends That Broke the Internet (and My Brain!),source_37,source_37,True,Company_B,content_editor_01,Digital_News,Hindi,debate,shorts,Youtube,,True,2025-06-05 00:00:00.000000,38.59,22.683333333333334,64.36,396.0,Suggested,16.9,1536535.0,72205.0,2401.0,618.0,6480.478666666666,full_package,2025-06-05 05:49:16.668810,WS-DIGITAL-NEWS
YT0010377,- From Smooth Transitions to Fake Injuries: Reacting to TikTok's BEST & WORST,source_37,source_37,True,Company_B,content_editor_01,Digital_News,Hindi,debate,shorts,Youtube,,True,2025-06-05 00:00:00.000000,41.370000000000005,19.98333333333333,47.34,596.0,Notifications,11.96,1430827.0,19082.0,2014.0,1864.0,4961.525166666667,key_moments,2025-06-05 01:58:57.840315,WS-DIGITAL-NEWS
YT0007347,"- Rating 2024's TikTok Trends: The Good, The Bad, and The Hilarious!",source_37,source_37,True,Company_B,content_editor_01,Digital_News,Hindi,press_conference,shorts,Youtube,,True,2025-06-05 00:00:00.000000,49.23,28.883333333333333,62.47,158.0,Channel Page,28.13,1148961.0,96291.0,6876.0,1225.0,6824.6155,summary,2025-06-05 02:57:54.982621,WS-DIGITAL-NEWS
YT0008554,- I Reacted to the WILDEST TikToks This Week! 💀,source_38,source_38,True,Company_B,content_editor_01,Digital_News,Hindi,interview,shorts,Youtube,,True,2025-06-06 00:00:00.000000,51.14,23.566666666666663,44.46,561.0,Suggested,17.08,1434133.0,24074.0,6767.0,1445.0,6400.4825,chapters,2025-06-06 09:53:58.911174,WS-DIGITAL-NEWS
YT0021999,"- TikToks So Viral, They Broke Me! 😂",source_38,source_38,True,Company_B,content_editor_01,Digital_News,Hindi,debate,shorts,Youtube,,True,2025-06-06 00:00:00.000000,51.48,37.03333333333333,80.96,494.0,Shorts Feed,15.19,1786606.0,45788.0,6571.0,2111.0,14656.786333333332,full_package,2025-06-06 08:22:14.779447,WS-DIGITAL-NEWS
YT0019093,"- Cringe, Comedy, & Chaos: Reacting to Viral TikToks!",source_38,source_38,True,Company_B,content_editor_01,Digital_News,Hindi,discussion_show,shorts,Youtube,,True,2025-06-06 00:00:00.000000,68.94,29.683333333333334,41.13,15.0,Search,27.61,1576666.0,11175.0,5585.0,1783.0,9715.474333333334,chapters,2025-06-06 01:42:56.772498,WS-DIGITAL-NEWS
YT0013915,- I Can't Believe These TikToks Went Viral...,source_38,source_38,True,Company_B,content_editor_01,Digital_News,Hindi,interview,shorts,Youtube,,True,2025-06-06 00:00:00.000000,39.73,12.433333333333334,19.95,257.0,Channel Page,18.43,1393711.0,36408.0,7633.0,126.0,1909.9003333333333,summary,2025-06-06 03:34:41.888812,WS-DIGITAL-NEWS
YT0023720,- Reacting to TikToks That Will Make You LAUGH & CRINGE!,source_38,source_38,True,Company_B,content_editor_01,Digital_News,Hindi,press_conference,shorts,Youtube,,True,2025-06-06 00:00:00.000000,27.11,18.78333333333333,93.17,10.0,Search,5.44,1611790.0,3523.0,2518.0,754.0,5051.767666666667,summary,2025-06-06 04:42:26.250379,WS-DIGITAL-NEWS
YT0020099,- Reacting to Magic That BROKE My Brain! 🤯,source_39,source_39,True,Company_B,content_editor_01,Digital_News,Hindi,interview,shorts,Youtube,,True,2025-06-07 00:00:00.000000,36.23,20.916666666666664,63.2,410.0,Browse,11.96,1942541.0,52452.0,6243.0,892.0,7239.5625,key_moments,2025-06-07 02:39:54.063630,WS-DIGITAL-NEWS
YT0022141,- I Can't Believe My Eyes! (Insane Magic Tricks),source_39,source_39,True,Company_B,content_editor_01,Digital_News,Hindi,discussion_show,shorts,Youtube,,True,2025-06-07 00:00:00.000000,40.83,21.833333333333336,55.49,120.0,Search,9.81,1275696.0,49743.0,6533.0,1200.0,5079.16,key_moments,2025-06-08 02:22:41.161841,WS-DIGITAL-NEWS
YT0020087,- The Most SHOCKING TikToks of the Week! 😲,source_38,source_38,True,Company_B,content_editor_01,Digital_News,Hindi,discussion_show,shorts,Youtube,,True,2025-06-07 00:00:00.000000,54.77,22.066666666666663,36.63,62.0,Suggested,23.61,1827216.0,92104.0,6378.0,613.0,7393.457333333334,chapters,2025-06-07 04:49:19.834943,WS-DIGITAL-NEWS
YT0023540,- Viral TikToks: Did They Deserve the Hype? 🤔,source_38,source_38,True,Company_B,content_editor_01,Digital_News,Hindi,discussion_show,shorts,Youtube,,True,2025-06-07 00:00:00.000000,40.53,13.966666666666669,25.33,369.0,Search,12.05,1152771.0,56763.0,7482.0,1830.0,2070.718333333333,chapters,2025-06-07 03:48:25.242911,WS-DIGITAL-NEWS
YT0002765,- I Found the FUNNIEST TikToks on the Internet!,source_38,source_38,True,Company_B,content_editor_01,Digital_News,Hindi,interview,shorts,Youtube,,True,2025-06-07 00:00:00.000000,70.15,17.633333333333333,18.37,255.0,External,13.3,1749640.0,17188.0,6845.0,2909.0,4924.912666666667,chapters,2025-06-07 10:22:14.171826,WS-DIGITAL-NEWS
YT0019675,- These Magic Tricks Should Be Illegal!,source_39,source_39,True,Company_B,content_editor_01,Digital_News,Hindi,press_conference,shorts,Youtube,,True,2025-06-08 00:00:00.000000,67.07,27.016666666666666,37.48,73.0,Playlist,18.35,1587572.0,26306.0,6934.0,1479.0,8606.698166666667,full_package,2025-06-08 02:59:11.630083,WS-DIGITAL-NEWS
YT0001075,- I Tried to Debunk Magic... I Failed.,source_39,source_39,True,Company_B,content_editor_01,Digital_News,Hindi,discussion_show,shorts,Youtube,,True,2025-06-09 00:00:00.000000,56.64,42.21666666666667,83.37,598.0,Search,0.61,1101756.0,32606.0,3147.0,2798.0,10624.804333333332,key_moments,2025-06-09 08:57:18.787071,WS-DIGITAL-NEWS
YT0001982,- The Most IMPOSSIBLE Magic EVER!,source_39,source_39,True,Company_B,content_editor_01,Digital_News,Hindi,debate,shorts,Youtube,,True,2025-06-09 00:00:00.000000,71.56,54.6,83.27,395.0,Playlist,3.49,1804762.0,39459.0,7759.0,1943.0,23612.30283333333,full_package,2025-06-09 01:03:12.563934,WS-DIGITAL-NEWS
YT0019224,"- TikToks So Scary, I Almost Fainted!",source_40,source_40,True,Company_B,content_editor_01,Digital_News,Hindi,debate,shorts,Youtube,,True,2025-06-10 00:00:00.000000,56.79,40.68333333333333,79.4,505.0,Search,4.89,1965305.0,89214.0,4655.0,1916.0,18115.380833333336,chapters,2025-06-10 02:46:57.213564,WS-DIGITAL-NEWS
YT0015795,- I Regret Watching These Scary TikToks...,source_40,source_40,True,Company_B,content_editor_01,Digital_News,Hindi,interview,shorts,Youtube,,True,2025-06-10 00:00:00.000000,25.76,14.183333333333334,62.11,500.0,Channel Page,11.33,1311628.0,29737.0,3901.0,912.0,2435.0131666666666,key_moments,2025-06-10 09:15:30.888222,WS-DIGITAL-NEWS
YT0005784,- Terrifying TikToks That Will Keep You Up At Night,source_40,source_40,True,Company_B,content_editor_01,Digital_News,Hindi,press_conference,shorts,Youtube,,True,2025-06-10 00:00:00.000000,52.22,19.583333333333336,32.46,439.0,Suggested,15.29,1597049.0,38952.0,5214.0,888.0,5360.465333333333,summary,2025-06-10 14:02:51.409302,WS-DIGITAL-NEWS
YT0004386,- Reacting to TikTok's SCARIEST Content!,source_40,source_40,True,Company_B,content_editor_01,Digital_News,Hindi,debate,shorts,Youtube,,True,2025-06-11 00:00:00.000000,58.91,17.366666666666667,22.47,415.0,Suggested,3.24,1398697.0,81307.0,3435.0,1845.0,3833.4658333333336,key_moments,2025-06-11 02:09:16.968776,WS-DIGITAL-NEWS
YT0025845,- Ouija Board TikToks?! I'm Officially Done!,source_40,source_40,True,Company_B,content_editor_01,Digital_News,Hindi,debate,shorts,Youtube,,True,2025-06-11 00:00:00.000000,23.95,11.033333333333331,39.48,228.0,Channel Page,23.19,1153484.0,76039.0,2638.0,414.0,1132.1231666666667,key_moments,2025-06-11 01:57:46.539500,WS-DIGITAL-NEWS
YT0016136,- The Smiling Man TikTok is Nightmare Fuel!,source_40,source_40,True,Company_B,content_editor_01,Digital_News,Hindi,discussion_show,shorts,Youtube,,True,2025-06-12 00:00:00.000000,62.98,22.116666666666667,30.46,22.0,Playlist,14.65,1411521.0,89795.0,4881.0,2249.0,5731.036666666667,full_package,2025-06-12 06:17:53.239465,WS-DIGITAL-NEWS
YT0003468,- I Can't Believe How Scary These TikToks Are!,source_40,source_40,True,Company_B,content_editor_01,Digital_News,Hindi,debate,shorts,Youtube,,True,2025-06-12 00:00:00.000000,23.33,13.033333333333331,66.43,649.0,Notifications,11.44,1536918.0,42588.0,708.0,2659.0,2362.299833333333,my_key_moments,2025-06-12 02:25:47.789944,WS-DIGITAL-NEWS
YT0003557,- Reacting to TikToks That Broke the Internet!,source_41,source_41,True,Company_B,content_editor_01,Digital_News,Hindi,press_conference,shorts,Youtube,,True,2025-06-13 00:00:00.000000,64.96000000000001,46.46666666666667,78.0,133.0,Channel Page,11.59,1747173.0,14734.0,5693.0,2652.0,18911.53,summary,2025-06-13 03:13:35.795726,WS-DIGITAL-NEWS
YT0018090,- I Can't Believe These TikToks Went Viral!,source_41,source_41,True,Company_B,content_editor_01,Digital_News,Hindi,debate,shorts,Youtube,,True,2025-06-13 00:00:00.000000,41.27,24.95,66.43,171.0,Channel Page,19.7,1401727.0,1399.0,6642.0,1775.0,6794.482333333333,key_moments,2025-06-13 08:03:50.651682,WS-DIGITAL-NEWS
YT0004802,- TikToks That Will Make You Question Reality,source_41,source_41,True,Company_B,content_editor_01,Digital_News,Hindi,debate,shorts,Youtube,,True,2025-06-13 00:00:00.000000,72.22,36.11666666666667,50.01,316.0,External,3.45,1129168.0,79524.0,6171.0,2294.0,8975.84,full_package,2025-06-13 02:35:17.985538,WS-DIGITAL-NEWS
YT0020799,- Funniest TikToks of the Week (I'm Crying!),source_41,source_41,True,Company_B,content_editor_01,Digital_News,Hindi,speech,shorts,Youtube,,True,2025-06-13 00:00:00.000000,42.61,22.0,52.52,323.0,Notifications,21.31,1280447.0,2370.0,1451.0,2567.0,5157.356,chapters,2025-06-13 00:49:48.846734,WS-DIGITAL-NEWS
YT0020247,- Gen Z Humor: Do I Get It? (TikTok Reaction),source_41,source_41,True,Company_B,content_editor_01,Digital_News,Hindi,debate,shorts,Youtube,,True,2025-06-13 00:00:00.000000,24.48,16.433333333333334,94.23,316.0,Notifications,24.21,1275857.0,70219.0,2567.0,1035.0,3166.0155,key_moments,2025-06-13 01:24:45.333732,WS-DIGITAL-NEWS
YT0014501,- Viral TikToks: Wholesome or WTF?!,source_41,source_41,True,Company_B,content_editor_01,Digital_News,Hindi,debate,shorts,Youtube,,True,2025-06-13 00:00:00.000000,31.24,16.333333333333336,54.39,129.0,Suggested,3.35,1469697.0,42407.0,752.0,2745.0,3606.201,chapters,2025-06-13 04:01:55.146278,WS-DIGITAL-NEWS
YT0011146,- Reacting to TikToks That Broke the Internet!,source_42,source_42,True,Company_B,content_editor_01,Digital_News,Hindi,debate,shorts,Youtube,,True,2025-06-13 00:00:00.000000,69.27000000000001,21.816666666666663,26.38,366.0,Suggested,6.41,1524293.0,85671.0,6153.0,843.0,6061.8875,key_moments,2025-06-13 00:54:02.970361,WS-DIGITAL-NEWS
YT0006003,- I Can't Stop Laughing at These Viral TikToks!,source_42,source_42,True,Company_B,content_editor_01,Digital_News,Hindi,debate,shorts,Youtube,,True,2025-06-14 00:00:00.000000,66.25999999999999,50.05,83.01,172.0,Search,18.4,1924420.0,65246.0,6410.0,1975.0,22745.57533333333,key_moments,2025-06-14 03:09:13.202614,WS-DIGITAL-NEWS
YT0010401,"- TikToks So Crazy, I Lost It!",source_42,source_42,True,Company_B,content_editor_01,Digital_News,Hindi,debate,shorts,Youtube,,True,2025-06-14 00:00:00.000000,40.19,22.266666666666666,58.62,372.0,Shorts Feed,17.56,1549901.0,73275.0,874.0,1434.0,6357.464333333333,key_moments,2025-06-14 01:18:48.230323,WS-DIGITAL-NEWS
YT0021273,- Kitchen Fails & Epic Pranks: Reacting to Viral TikToks!,source_42,source_42,True,Company_B,content_editor_01,Digital_News,Hindi,debate,shorts,Youtube,,True,2025-06-14 00:00:00.000000,52.23,24.666666666666668,46.11,240.0,Notifications,6.82,1731731.0,85980.0,5500.0,2060.0,8257.791333333333,key_moments,2025-06-14 14:51:13.136809,WS-DIGITAL-NEWS
YT0026060,- Reacting to Controversial TikToks... Things Got Heated!,source_42,source_42,True,Company_B,content_editor_01,Digital_News,Hindi,debate,shorts,Youtube,,True,2025-06-15 00:00:00.000000,23.44,9.333333333333334,21.72,124.0,External,15.35,1215350.0,62899.0,7460.0,2727.0,618.9281666666667,my_key_moments,2025-06-15 22:36:37.314608,WS-DIGITAL-NEWS
YT0019047,- Trying Viral TikTok Recipes... Disaster Alert!,source_42,source_42,True,Company_B,content_editor_01,Digital_News,Hindi,debate,shorts,Youtube,,True,2025-06-15 00:00:00.000000,69.22999999999999,26.48333333333333,35.01,134.0,Shorts Feed,4.45,1998974.0,32366.0,5003.0,2381.0,10540.886,key_moments,2025-06-15 01:42:55.998221,WS-DIGITAL-NEWS
YT0019661,"- Reacting to the WILDEST ""Am I the A**hole?"" Posts! 🤯",source_43,source_43,True,Company_B,content_editor_01,Digital_News,Hindi,discussion_show,shorts,Youtube,,True,2025-06-16 00:00:00.000000,31.07,18.316666666666663,67.31,227.0,Channel Page,18.64,1490484.0,7333.0,2645.0,2843.0,4478.352333333333,key_moments,2025-06-16 04:54:43.555689,WS-DIGITAL-NEWS
YT0022311,- AITA?! You Won't BELIEVE These Reddit Stories!,source_43,source_43,True,Company_B,content_editor_01,Digital_News,Hindi,interview,shorts,Youtube,,True,2025-06-16 00:00:00.000000,50.63,23.6,45.19,143.0,Shorts Feed,27.56,1323168.0,7487.0,2592.0,333.0,5917.501333333334,key_moments,2025-06-16 01:51:18.578871,WS-DIGITAL-NEWS
YT0002086,- Wife REPLACED the Dog?! Reacting to Insane AITA Posts!,source_43,source_43,True,Company_B,content_editor_01,Digital_News,Hindi,discussion_show,shorts,Youtube,,True,2025-06-16 00:00:00.000000,21.68,13.1,83.83,549.0,Suggested,10.68,1607097.0,74216.0,3989.0,2258.0,2499.9286666666667,key_moments,2025-06-16 03:07:23.337432,WS-DIGITAL-NEWS
YT0002029,- The Funniest TikToks That Had Me In Tears!,source_42,source_42,True,Company_B,content_editor_01,Digital_News,Hindi,debate,shorts,Youtube,,True,2025-06-16 00:00:00.000000,37.48,14.866666666666667,32.77,164.0,External,3.78,1424829.0,27918.0,5724.0,2669.0,2915.622333333333,key_moments,2025-06-16 16:55:46.941180,WS-DIGITAL-NEWS
YT0017959,- Ring Pop Proposal?! Judging the Craziest AITA Stories!,source_43,source_43,True,Company_B,content_editor_01,Digital_News,Hindi,discussion_show,shorts,Youtube,,True,2025-06-17 00:00:00.000000,59.62,23.78333333333333,36.49,487.0,Browse,27.98,1808592.0,32811.0,5224.0,1780.0,8180.529500000001,key_moments,2025-06-17 02:45:13.300778,WS-DIGITAL-NEWS
YT0008449,- I Taught My TODDLER to Swear?! AITA Reactions!,source_43,source_43,True,Company_B,content_editor_01,Digital_News,Hindi,press_conference,shorts,Youtube,,True,2025-06-17 00:00:00.000000,57.7,48.35,95.67,342.0,Playlist,5.62,1415693.0,69056.0,4631.0,2906.0,16064.183,full_package,2025-06-17 03:10:54.678358,WS-DIGITAL-NEWS
YT0027582,- Reddit's Savage Judgments: Reacting to AITA Drama!,source_43,source_43,True,Company_B,content_editor_01,Digital_News,Hindi,press_conference,shorts,Youtube,,True,2025-06-17 00:00:00.000000,60.0,47.35,88.56,91.0,Notifications,22.61,1083847.0,45567.0,5525.0,1344.0,11997.584166666667,key_moments,2025-06-17 01:52:54.765765,WS-DIGITAL-NEWS
YT0010400,- Roommate Stole Sentimental Leftovers?! AITA Reaction!,source_43,source_43,True,Company_B,content_editor_01,Digital_News,Hindi,debate,shorts,Youtube,,True,2025-06-17 00:00:00.000000,49.49,32.983333333333334,73.89,482.0,Suggested,1.26,1151989.0,43646.0,3141.0,281.0,8154.588833333333,chapters,2025-06-17 10:00:23.795590,WS-DIGITAL-NEWS
YT0010438,- From Bad to BONKERS: Ranking the Craziest AITA Posts!,source_43,source_43,True,Company_B,content_editor_01,Digital_News,Hindi,debate,shorts,Youtube,,True,2025-06-17 00:00:00.000000,42.92,19.6,43.34,624.0,Search,27.98,1994404.0,48078.0,6620.0,415.0,6703.4135,key_moments,2025-06-17 00:17:38.248142,WS-DIGITAL-NEWS
YT0009584,- Viral TikToks of the Week: I Can't Believe These Are Real!,source_44,source_44,True,Company_B,content_editor_01,Digital_News,Hindi,debate,shorts,Youtube,,True,2025-06-17 00:00:00.000000,21.87,13.833333333333332,92.19,76.0,Browse,15.39,1812244.0,10364.0,1831.0,2091.0,3188.2070000000003,chapters,2025-06-17 02:48:24.595793,WS-DIGITAL-NEWS
YT0010112,- Reacting to TikTok's Most Shocking Viral Videos!,source_44,source_44,True,Company_B,content_editor_01,Digital_News,Hindi,debate,shorts,Youtube,,True,2025-06-18 00:00:00.000000,17.12,9.433333333333334,91.19,529.0,Channel Page,13.62,1118120.0,60161.0,2374.0,1566.0,600.4718333333333,chapters,2025-06-18 03:51:20.976856,WS-DIGITAL-NEWS
YT0013896,- I Tried Viral TikTok Hacks... You Won't Believe What Happened!,source_44,source_44,True,Company_B,content_editor_01,Digital_News,Hindi,discussion_show,shorts,Youtube,,True,2025-06-18 00:00:00.000000,24.35,14.116666666666667,70.77,252.0,Playlist,25.41,1905137.0,64091.0,5404.0,1839.0,3501.5711666666666,key_moments,2025-06-18 02:21:25.563796,WS-DIGITAL-NEWS
YT0026093,- TikTok Drama Alert! Reacting to the Craziest Storytimes,source_44,source_44,True,Company_B,content_editor_01,Digital_News,Hindi,discussion_show,shorts,Youtube,,True,2025-06-18 00:00:00.000000,38.36,8.433333333333334,4.0,488.0,Shorts Feed,14.73,1273056.0,79064.0,6732.0,1406.0,330.0515,key_moments,2025-06-18 07:58:53.526530,WS-DIGITAL-NEWS
YT0028865,- These TikTok Transformations SHOCKED Me!,source_44,source_44,True,Company_B,content_editor_01,Digital_News,Hindi,debate,shorts,Youtube,,True,2025-06-19 00:00:00.000000,66.1,16.05,16.73,676.0,Notifications,14.37,1275065.0,79395.0,2205.0,1290.0,3028.2793333333334,my_key_moments,2025-06-19 10:27:49.473078,WS-DIGITAL-NEWS
YT0024783,- Funniest TikToks of the Week: Prepare to Laugh!,source_44,source_44,True,Company_B,content_editor_01,Digital_News,Hindi,discussion_show,shorts,Youtube,,True,2025-06-19 00:00:00.000000,70.37,60.81666666666667,96.29,441.0,Search,23.16,1624138.0,13382.0,4585.0,2638.0,24053.7845,chapters,2025-06-19 01:17:33.392839,WS-DIGITAL-NEWS
YT0023979,- Is This TikTok Problematic? Let's Discuss!,source_44,source_44,True,Company_B,content_editor_01,Digital_News,Hindi,discussion_show,shorts,Youtube,,True,2025-06-19 00:00:00.000000,31.11,8.55,6.52,508.0,Playlist,8.28,1784715.0,7734.0,5036.0,212.0,520.5418333333333,chapters,2025-06-19 21:21:02.455291,WS-DIGITAL-NEWS
YT0008861,- Reacting to TikToks That Broke the Internet! 😂,source_45,source_45,True,Company_B,content_editor_01,Digital_News,Hindi,debate,shorts,Youtube,,True,2025-06-20 00:00:00.000000,59.61,40.56666666666667,74.12,292.0,Playlist,12.69,1111811.0,24831.0,5205.0,2578.0,10212.19,key_moments,2025-06-20 01:16:51.813424,WS-DIGITAL-NEWS
YT0012930,- I Can't Believe These TikToks Went Viral!,source_45,source_45,True,Company_B,content_editor_01,Digital_News,Hindi,press_conference,shorts,Youtube,,True,2025-06-20 00:00:00.000000,41.65,30.883333333333333,87.74,565.0,Notifications,16.95,1378054.0,45234.0,3666.0,508.0,8950.971166666666,key_moments,2025-06-20 11:12:51.849677,WS-DIGITAL-NEWS
YT0000152,- Cringe or Genius? Reacting to Your TikToks!,source_45,source_45,True,Company_B,content_editor_01,Digital_News,Hindi,debate,shorts,Youtube,,True,2025-06-20 00:00:00.000000,28.95,10.833333333333332,23.89,34.0,Shorts Feed,18.91,1301048.0,52630.0,3688.0,2228.0,1204.674,full_package,2025-06-20 04:30:33.716834,WS-DIGITAL-NEWS
YT0006281,- Reacting to TikToks That Made Me Cry (and Cringe)!,source_45,source_45,True,Company_B,content_editor_01,Digital_News,Hindi,speech,shorts,Youtube,,True,2025-06-20 00:00:00.000000,34.52,24.683333333333334,88.03,162.0,Notifications,28.91,1162769.0,8083.0,1697.0,1471.0,5550.068666666667,full_package,2025-06-20 02:40:24.070739,WS-DIGITAL-NEWS
YT0025711,- The Funniest TikToks of the Week! (Viewer Submission),source_45,source_45,True,Company_B,content_editor_01,Digital_News,Hindi,debate,shorts,Youtube,,True,2025-06-21 00:00:00.000000,32.34,22.866666666666667,88.62,105.0,Browse,6.64,1897044.0,25695.0,3539.0,988.0,8097.5675,key_moments,2025-06-21 02:52:58.482400,WS-DIGITAL-NEWS
YT0020064,- I Can't Believe These TikToks Exist!,source_46,source_46,True,Company_B,content_editor_01,Digital_News,Hindi,press_conference,shorts,Youtube,,True,2025-06-21 00:00:00.000000,55.35,36.68333333333334,72.33,603.0,Search,11.26,1389741.0,30994.0,426.0,91.0,11265.909666666666,full_package,2025-06-21 03:53:39.061987,WS-DIGITAL-NEWS
YT0007073,- Reacting to TikToks That Broke My Brain,source_46,source_46,True,Company_B,content_editor_01,Digital_News,Hindi,press_conference,shorts,Youtube,,True,2025-06-21 00:00:00.000000,72.33,60.56666666666667,92.56,139.0,Suggested,28.76,1254402.0,98145.0,2566.0,2398.0,18490.814666666665,full_package,2025-06-21 04:43:32.740356,WS-DIGITAL-NEWS
YT0012904,- Cringe Alert! Reacting to the WORST TikToks,source_46,source_46,True,Company_B,content_editor_01,Digital_News,Hindi,speech,shorts,Youtube,,True,2025-06-21 00:00:00.000000,64.02000000000001,20.8,27.13,325.0,External,25.79,1506804.0,51868.0,7934.0,2890.0,5566.803666666666,summary,2025-06-21 01:54:57.125465,WS-DIGITAL-NEWS
YT0028704,"- TikToks So Wild, You Won't Believe They're Real",source_46,source_46,True,Company_B,content_editor_01,Digital_News,Hindi,press_conference,shorts,Youtube,,True,2025-06-22 00:00:00.000000,16.56,7.633333333333333,8.55,546.0,Channel Page,9.04,1585035.0,68508.0,2792.0,1025.0,58.705000000000005,key_moments,2025-06-22 03:19:02.174860,WS-DIGITAL-NEWS
YT0017011,- Epic Fails & Cringey Moments: TikTok Reaction,source_46,source_46,True,Company_B,content_editor_01,Digital_News,Hindi,interview,shorts,Youtube,,True,2025-06-22 00:00:00.000000,27.41,18.016666666666666,84.74,215.0,Notifications,26.26,1790017.0,29173.0,6481.0,2682.0,5229.17,key_moments,2025-06-22 02:09:33.262405,WS-DIGITAL-NEWS
YT0015701,- The Funniest (and Cringiest) TikToks I've Ever Seen,source_46,source_46,True,Company_B,content_editor_01,Digital_News,Hindi,interview,shorts,Youtube,,True,2025-06-22 00:00:00.000000,18.55,9.133333333333333,46.01,233.0,Channel Page,28.14,1236158.0,36128.0,4240.0,1899.0,560.8495,key_moments,2025-06-22 01:30:47.673217,WS-DIGITAL-NEWS
YT0015154,- TikToks That Went TOO FAR! (My Honest Reaction),source_46,source_46,True,Company_B,content_editor_01,Digital_News,Hindi,interview,shorts,Youtube,,True,2025-06-22 00:00:00.000000,34.010000000000005,10.233333333333334,14.38,476.0,Notifications,17.36,1297036.0,60980.0,4540.0,209.0,984.7866666666666,chapters,2025-06-22 02:04:48.577388,WS-DIGITAL-NEWS
YT0021826,- From Proposal Fails to Cooking Disasters: Reacting to TikTok's Best & Worst,source_46,source_46,True,Company_B,content_editor_01,Digital_News,Hindi,debate,shorts,Youtube,,True,2025-06-22 00:00:00.000000,57.04,16.75,22.0,639.0,Playlist,25.1,1621368.0,94274.0,59.0,534.0,4166.015,key_moments,2025-06-22 01:35:38.790653,WS-DIGITAL-NEWS
YT0005098,- TikToks Gone WILD! 😂 Reacting to the Craziest Viral Videos,source_47,source_47,True,Company_B,content_editor_01,Digital_News,Hindi,discussion_show,shorts,Youtube,,True,2025-06-24 00:00:00.000000,29.22,12.016666666666666,31.76,406.0,Channel Page,6.61,1757880.0,14203.0,6535.0,1032.0,2205.488333333333,key_moments,2025-06-24 02:51:29.297490,WS-DIGITAL-NEWS
YT0027936,- I Can't Believe These TikToks Went Viral!,source_47,source_47,True,Company_B,content_editor_01,Digital_News,Hindi,discussion_show,shorts,Youtube,,True,2025-06-24 00:00:00.000000,42.36,15.15,27.96,221.0,Browse,19.24,1115379.0,48786.0,1193.0,1732.0,2370.180333333333,full_package,2025-06-24 05:39:12.589073,WS-DIGITAL-NEWS
YT0021228,- Reacting to TikToks That Broke the Internet This Week!,source_47,source_47,True,Company_B,content_editor_01,Digital_News,Hindi,press_conference,shorts,Youtube,,True,2025-06-25 00:00:00.000000,22.35,9.4,25.85,23.0,Playlist,24.74,1417174.0,10481.0,1186.0,1627.0,747.953,summary,2025-06-25 04:24:19.940901,WS-DIGITAL-NEWS
YT0014864,- Savage TikTok Reactions You NEED to See!,source_47,source_47,True,Company_B,content_editor_01,Digital_News,Hindi,discussion_show,shorts,Youtube,,True,2025-06-25 00:00:00.000000,38.88,26.916666666666668,81.31,542.0,External,6.7,1650135.0,31741.0,3922.0,1288.0,8900.033666666666,chapters,2025-06-25 19:24:34.727239,WS-DIGITAL-NEWS
YT0018572,- Viral TikToks That Will Make You Cringe!,source_47,source_47,True,Company_B,content_editor_01,Digital_News,Hindi,discussion_show,shorts,Youtube,,True,2025-06-25 00:00:00.000000,45.370000000000005,31.15,77.87,389.0,External,25.11,1171872.0,17548.0,1509.0,1502.0,7698.548,chapters,2025-06-25 00:40:56.815000,WS-DIGITAL-NEWS
YT0014942,- This Week's TikToks Were TOO WILD!,source_47,source_47,True,Company_B,content_editor_01,Digital_News,Hindi,interview,shorts,Youtube,,True,2025-06-25 00:00:00.000000,28.37,9.916666666666666,18.08,155.0,External,16.51,1244857.0,87338.0,6168.0,2668.0,835.6678333333333,key_moments,2025-06-25 05:49:21.784193,WS-DIGITAL-NEWS
YT0017405,- Reacting to TikTok Trends That Make NO SENSE! 🤯,source_48,source_48,True,Company_B,content_editor_01,Digital_News,Hindi,debate,shorts,Youtube,,True,2025-06-26 00:00:00.000000,24.48,12.016666666666666,47.64,658.0,Search,10.38,1607606.0,38714.0,4543.0,1977.0,2016.9501666666663,full_package,2025-06-26 04:01:14.151413,WS-DIGITAL-NEWS
YT0023944,- I Lost It Reacting to These Viral TikToks!,source_47,source_47,True,Company_B,content_editor_01,Digital_News,Hindi,debate,shorts,Youtube,,True,2025-06-26 00:00:00.000000,67.6,40.1,61.98,694.0,Search,6.05,1831286.0,32080.0,5411.0,2751.0,16583.312166666667,key_moments,2025-06-26 07:40:53.836773,WS-DIGITAL-NEWS
YT0015447,- TikTok's WILDEST Trends of 2024 (I Can't Believe These Are Real!),source_48,source_48,True,Company_B,content_editor_01,Digital_News,Hindi,discussion_show,shorts,Youtube,,True,2025-06-26 00:00:00.000000,17.59,9.466666666666669,75.93,199.0,Browse,20.6,1424194.0,5147.0,1777.0,1250.0,778.0318333333333,key_moments,2025-06-26 07:05:43.946731,WS-DIGITAL-NEWS
YT0017883,- I Tried Viral TikTok Trends & REGRETTED It!,source_48,source_48,True,Company_B,content_editor_01,Digital_News,Hindi,discussion_show,shorts,Youtube,,True,2025-06-27 00:00:00.000000,46.05,16.883333333333333,30.22,639.0,External,29.96,1111597.0,43984.0,4815.0,1304.0,2897.3570000000004,key_moments,2025-06-27 03:30:19.393616,WS-DIGITAL-NEWS
YT0004089,- Cringe Alert! Reacting to the DUMBEST TikTok Trends,source_48,source_48,True,Company_B,content_editor_01,Digital_News,Hindi,debate,shorts,Youtube,,True,2025-06-27 00:00:00.000000,60.66,47.11666666666667,86.76,549.0,Shorts Feed,18.02,1703520.0,50312.0,7086.0,2287.0,18746.606666666667,full_package,2025-06-27 04:35:32.848739,WS-DIGITAL-NEWS
YT0008557,- TikTok Trends That Went TOO FAR! (Barking Prank?),source_48,source_48,True,Company_B,content_editor_01,Digital_News,Hindi,discussion_show,shorts,Youtube,,True,2025-06-27 00:00:00.000000,24.59,12.05,47.45,10.0,Shorts Feed,18.94,1912250.0,71085.0,7667.0,666.0,2416.8715,chapters,2025-06-27 02:12:20.472928,WS-DIGITAL-NEWS
YT0015843,- DIY Face Masks?! Reacting to TikTok's Biggest Skincare FAILS,source_48,source_48,True,Company_B,content_editor_01,Digital_News,Hindi,discussion_show,shorts,Youtube,,True,2025-06-27 00:00:00.000000,20.35,11.366666666666667,72.27,418.0,Search,27.82,1683134.0,46006.0,4993.0,1793.0,1807.8106666666667,key_moments,2025-06-27 06:32:07.552709,WS-DIGITAL-NEWS
YT0009408,- Are We Living in a Simulation?! TikTok Conspiracy Theories DEBUNKED!,source_48,source_48,True,Company_B,content_editor_01,Digital_News,Hindi,debate,shorts,Youtube,,True,2025-06-27 00:00:00.000000,60.76,10.816666666666666,7.25,559.0,Suggested,15.95,1539851.0,13011.0,1478.0,1993.0,1418.659,my_key_moments,2025-06-27 00:53:23.126503,WS-DIGITAL-NEWS
YT0027010,- TikTok 2024: Genius or Just Plain CRAZY?! (My Honest Reaction),source_48,source_48,True,Company_B,content_editor_01,Digital_News,Hindi,discussion_show,shorts,Youtube,,True,2025-06-28 00:00:00.000000,48.12,19.833333333333336,37.24,417.0,Suggested,10.38,1839766.0,94011.0,886.0,1959.0,6302.902,full_package,2025-06-28 07:26:47.705303,WS-DIGITAL-NEWS
YT0009922,- Minecraft Builds That BROKE My Brain! 🤯,source_49,source_49,True,Company_B,content_editor_01,Digital_News,Hindi,interview,shorts,Youtube,,True,2025-06-28 00:00:00.000000,63.36,29.316666666666663,45.11,646.0,External,8.02,1310679.0,80537.0,6982.0,314.0,7942.9575,key_moments,2025-06-28 03:55:35.501237,WS-DIGITAL-NEWS
YT0023551,- Reacting to IMPOSSIBLE Minecraft Creations!,source_49,source_49,True,Company_B,content_editor_01,Digital_News,Hindi,debate,shorts,Youtube,,True,2025-06-29 00:00:00.000000,24.11,15.966666666666669,92.94,242.0,Channel Page,23.22,1499791.0,17787.0,2481.0,1491.0,3527.2861666666668,full_package,2025-06-29 02:42:33.035563,WS-DIGITAL-NEWS
YT0000180,- MINAS TIRITH in Minecraft?! (Jaw-Dropping!),source_49,source_49,True,Company_B,content_editor_01,Digital_News,Hindi,speech,shorts,Youtube,,True,2025-06-29 00:00:00.000000,61.13,16.766666666666666,20.09,47.0,Shorts Feed,5.51,1487445.0,61716.0,3355.0,404.0,3828.7936666666665,summary,2025-06-29 03:19:15.622227,WS-DIGITAL-NEWS
YT0019809,- Redstone Spaceship?! Minecraft Builders are INSANE!,source_49,source_49,True,Company_B,content_editor_01,Digital_News,Hindi,press_conference,shorts,Youtube,,True,2025-06-29 00:00:00.000000,38.45,23.866666666666667,69.79,131.0,Channel Page,11.77,1623009.0,15333.0,982.0,2110.0,7378.679833333333,my_key_moments,2025-06-29 03:31:18.038174,WS-DIGITAL-NEWS
YT0015514,- I Tried Recreating a Minecraft Build... FAIL! 😂,source_49,source_49,True,Company_B,content_editor_01,Digital_News,Hindi,discussion_show,shorts,Youtube,,True,2025-06-29 00:00:00.000000,61.66,16.75,19.82,606.0,Playlist,1.09,1899094.0,53090.0,7101.0,2636.0,4879.6165,key_moments,2025-06-29 11:17:32.942312,WS-DIGITAL-NEWS
YT0011731,- Underwater City?! This Minecraft Build is BREATHTAKING!,source_49,source_49,True,Company_B,content_editor_01,Digital_News,Hindi,debate,shorts,Youtube,,True,2025-06-29 00:00:00.000000,65.07,49.75,84.38,674.0,Notifications,4.15,1843748.0,96654.0,749.0,2975.0,21638.43133333333,key_moments,2025-07-01 05:08:54.486987,WS-DIGITAL-NEWS
YT0009710,- Starship Enterprise in Minecraft?! (1:1 Scale!),source_49,source_49,True,Company_B,content_editor_01,Digital_News,Hindi,discussion_show,shorts,Youtube,,True,2025-06-30 00:00:00.000000,68.38,49.66666666666666,78.99,376.0,Search,25.57,1960223.0,59555.0,5615.0,2163.0,22960.019333333334,chapters,2025-06-30 10:36:51.054780,WS-DIGITAL-NEWS
YT0019452,- The WILDEST Minecraft Builds EVER! (Community Showcase),source_49,source_49,True,Company_B,content_editor_01,Digital_News,Hindi,press_conference,shorts,Youtube,,True,2025-06-30 00:00:00.000000,22.8,11.0,44.87,331.0,Notifications,15.7,1500340.0,96369.0,872.0,10.0,1458.6638333333333,key_moments,2025-06-30 02:32:41.112084,WS-DIGITAL-NEWS
YT0005209,- I Reacted to the WILDEST TikToks... I'm Scarred!,source_50,source_50,True,Company_B,content_editor_01,Digital_News,Hindi,interview,shorts,Youtube,,True,2025-07-01 00:00:00.000000,59.3,27.633333333333333,45.45,659.0,External,23.11,1589019.0,48318.0,4749.0,1645.0,8886.735833333334,chapters,2025-07-01 06:37:12.582714,WS-DIGITAL-NEWS
YT0025894,- TikToks That Made Me Question EVERYTHING!,source_50,source_50,True,Company_B,content_editor_01,Digital_News,Hindi,press_conference,shorts,Youtube,,True,2025-07-01 00:00:00.000000,22.45,12.65,69.13,677.0,Channel Page,29.95,1653700.0,60040.0,2365.0,223.0,2365.709666666666,summary,2025-07-01 06:51:17.491168,WS-DIGITAL-NEWS
YT0004541,- Cringe Overload: Reacting to TikTok's Cringiest Trends,source_50,source_50,True,Company_B,content_editor_01,Digital_News,Hindi,discussion_show,shorts,Youtube,,True,2025-07-01 00:00:00.000000,49.07,8.783333333333333,3.77,317.0,Browse,5.51,1924437.0,78560.0,2406.0,434.0,686.0261666666667,key_moments,2025-07-01 01:54:29.557053,WS-DIGITAL-NEWS
YT0022322,- The Funniest (and Cringiest) TikToks of the Week!,source_50,source_50,True,Company_B,content_editor_01,Digital_News,Hindi,interview,shorts,Youtube,,True,2025-07-02 00:00:00.000000,42.25,32.08333333333333,90.21,487.0,External,17.8,1303636.0,39815.0,4227.0,242.0,8902.144,chapters,2025-07-02 01:27:31.893976,WS-DIGITAL-NEWS
YT0011037,- TikToks That Broke the Internet (and My Brain)!,source_50,source_50,True,Company_B,content_editor_01,Digital_News,Hindi,debate,shorts,Youtube,,True,2025-07-02 00:00:00.000000,63.13,27.183333333333334,40.9,266.0,Notifications,20.63,1959371.0,65459.0,5748.0,1918.0,10713.042333333337,my_key_moments,2025-07-02 03:48:09.148839,WS-DIGITAL-NEWS
YT0012178,"- Reacting to TikToks So Wild, I Lost Brain Cells",source_50,source_50,True,Company_B,content_editor_01,Digital_News,Hindi,interview,shorts,Youtube,,True,2025-07-03 00:00:00.000000,21.4,10.883333333333333,52.86,84.0,Playlist,27.95,1724869.0,5834.0,4701.0,1158.0,1621.0575,full_package,2025-07-03 07:37:58.236428,WS-DIGITAL-NEWS
YT0029609,- From Cringe to Wholesome: The Best TikToks This Week!,source_50,source_50,True,Company_B,content_editor_01,Digital_News,Hindi,debate,shorts,Youtube,,True,2025-07-04 00:00:00.000000,46.25,28.05,65.76,161.0,Suggested,18.03,1817437.0,83396.0,5246.0,1745.0,10374.536166666669,full_package,2025-07-04 01:06:06.093450,WS-DIGITAL-NEWS
YT0025393,- Reacting to TikToks That BROKE the Internet! 😂,source_51,source_51,True,Company_B,content_editor_01,Digital_News,Hindi,interview,shorts,Youtube,,True,2025-07-04 00:00:00.000000,59.61,42.25,77.9,399.0,Channel Page,26.99,1888093.0,27636.0,4837.0,2606.0,18225.342166666665,key_moments,2025-07-04 02:14:49.038815,WS-DIGITAL-NEWS
YT0022561,- I Reacted to the WILDEST TikToks of the Week! 🤯,source_51,source_51,True,Company_B,content_editor_01,Digital_News,Hindi,press_conference,shorts,Youtube,,True,2025-07-04 00:00:00.000000,18.21,8.833333333333334,41.54,294.0,Browse,1.91,1472496.0,33271.0,6613.0,1888.0,545.3688333333333,key_moments,2025-07-04 06:19:27.852747,WS-DIGITAL-NEWS
YT0018748,"- TikToks So Viral, They Made Me Question Reality! 😵‍💫",source_51,source_51,True,Company_B,content_editor_01,Digital_News,Hindi,debate,shorts,Youtube,,True,2025-07-05 00:00:00.000000,55.65,39.3,78.23,507.0,Suggested,25.03,1651012.0,92552.0,808.0,371.0,14583.939333333334,my_key_moments,2025-07-05 04:08:08.767911,WS-DIGITAL-NEWS
YT0024920,- I Can't Believe These TikToks Exist! (Viewer Discretion Advised),source_51,source_51,True,Company_B,content_editor_01,Digital_News,Hindi,interview,shorts,Youtube,,True,2025-07-06 00:00:00.000000,33.43,23.116666666666667,84.74,299.0,Notifications,9.02,1899429.0,80793.0,6501.0,294.0,8239.652666666667,full_package,2025-07-06 12:25:12.231658,WS-DIGITAL-NEWS
YT0001771,- Reacting to TikToks That Will Make You LAUGH & CRINGE!,source_51,source_51,True,Company_B,content_editor_01,Digital_News,Hindi,debate,shorts,Youtube,,True,2025-07-06 00:00:00.000000,24.2,10.733333333333334,35.14,474.0,External,2.24,1138288.0,9733.0,1728.0,0.0,1022.3513333333334,full_package,2025-07-06 01:17:35.895394,WS-DIGITAL-NEWS
YT0020338,- These TikToks Went VIRAL?! (My Honest Reactions),source_51,source_51,True,Company_B,content_editor_01,Digital_News,Hindi,interview,shorts,Youtube,,True,2025-07-06 00:00:00.000000,23.73,11.316666666666666,43.72,251.0,Search,23.66,1896020.0,9959.0,6098.0,1727.0,2010.1323333333328,summary,2025-07-07 02:15:34.056266,WS-DIGITAL-NEWS
YT0017833,- I Tried Viral TikTok Trends & Here's What Happened...,source_51,source_51,True,Company_B,content_editor_01,Digital_News,Hindi,debate,shorts,Youtube,,True,2025-07-07 00:00:00.000000,25.69,17.55,94.01,676.0,Shorts Feed,27.68,1956160.0,50218.0,3499.0,145.0,5460.946666666667,key_moments,2025-07-07 01:10:07.355284,WS-DIGITAL-NEWS
YT0028561,- Reacting to TikToks That BROKE the Internet! 🤯,source_52,source_52,True,Company_B,content_editor_01,Digital_News,Hindi,speech,shorts,Youtube,,True,2025-07-07 00:00:00.000000,25.36,15.95,81.56,116.0,Browse,15.94,1688819.0,70083.0,3051.0,2497.0,3964.0335,key_moments,2025-07-07 00:47:20.264642,WS-DIGITAL-NEWS
YT0001528,- Viral TikToks of the Week: Prepare to Cringe! 😂,source_52,source_52,True,Company_B,content_editor_01,Digital_News,Hindi,debate,shorts,Youtube,,True,2025-07-08 00:00:00.000000,32.86,13.133333333333333,31.54,574.0,Playlist,15.95,1649588.0,96687.0,3830.0,1315.0,2581.299666666667,key_moments,2025-07-08 03:48:57.069518,WS-DIGITAL-NEWS
YT0020342,- I React to the WILDEST TikToks (You Won't Believe These!),source_52,source_52,True,Company_B,content_editor_01,Digital_News,Hindi,speech,shorts,Youtube,,True,2025-07-08 00:00:00.000000,22.35,8.7,16.33,493.0,Suggested,24.94,1257139.0,43584.0,6570.0,2464.0,419.0463333333333,summary,2025-07-08 01:36:50.467684,WS-DIGITAL-NEWS
YT0028917,- TikToks That Will Make You Question EVERYTHING! 🤔,source_52,source_52,True,Company_B,content_editor_01,Digital_News,Hindi,press_conference,shorts,Youtube,,True,2025-07-08 00:00:00.000000,29.880000000000003,16.05,57.46,664.0,Shorts Feed,14.24,1536677.0,26795.0,6857.0,2495.0,3649.6078333333335,summary,2025-07-08 03:52:40.384994,WS-DIGITAL-NEWS
YT0001946,- Reacting to TikToks That Broke the Internet!,source_53,source_53,True,Company_B,content_editor_01,Digital_News,Hindi,discussion_show,shorts,Youtube,,True,2025-07-09 00:00:00.000000,36.23,9.066666666666666,7.38,570.0,Playlist,11.12,1913569.0,22176.0,5651.0,2106.0,832.7568333333334,key_moments,2025-07-09 03:46:15.228572,WS-DIGITAL-NEWS
YT0028858,- Trying Viral TikTok Challenges... FAILING HARD! 🤣,source_52,source_52,True,Company_B,content_editor_01,Digital_News,Hindi,interview,shorts,Youtube,,True,2025-07-09 00:00:00.000000,41.2,27.883333333333333,77.8,678.0,Notifications,13.7,1999646.0,77264.0,7741.0,142.0,11322.069666666668,summary,2025-07-09 03:25:12.424037,WS-DIGITAL-NEWS
YT0009624,- Viral TikToks That Will Make You Question Reality,source_53,source_53,True,Company_B,content_editor_01,Digital_News,Hindi,interview,shorts,Youtube,,True,2025-07-09 00:00:00.000000,30.87,18.516666666666666,69.42,214.0,Suggested,10.82,1724970.0,86652.0,2561.0,673.0,5278.727666666667,key_moments,2025-07-09 02:02:19.710356,WS-DIGITAL-NEWS
YT0003616,"- This Week's TikToks: The Good, The Bad, and The WTF!",source_52,source_52,True,Company_B,content_editor_01,Digital_News,Hindi,speech,shorts,Youtube,,True,2025-07-09 00:00:00.000000,40.67,29.35,85.12,597.0,Suggested,25.58,1232015.0,34468.0,6945.0,2636.0,7477.646666666666,chapters,2025-07-09 05:39:15.540365,WS-DIGITAL-NEWS
YT0009972,- Cringe or Comedy? Reacting to the Most Viral TikToks!,source_53,source_53,True,Company_B,content_editor_01,Digital_News,Hindi,debate,shorts,Youtube,,True,2025-07-10 00:00:00.000000,46.94,7.883333333333333,1.2,40.0,Channel Page,22.13,1427468.0,67515.0,2748.0,1262.0,151.99883333333335,chapters,2025-07-10 03:06:11.417582,WS-DIGITAL-NEWS
YT0026925,- I Tried Viral TikTok Life Hacks... HUGE FAIL!,source_53,source_53,True,Company_B,content_editor_01,Digital_News,Hindi,discussion_show,shorts,Youtube,,True,2025-07-10 00:00:00.000000,16.1,8.383333333333333,80.3,606.0,Search,7.32,1890591.0,14980.0,4882.0,2998.0,463.895,full_package,2025-07-10 09:40:18.891657,WS-DIGITAL-NEWS
YT0017691,- The Funniest TikToks I've EVER Seen!,source_53,source_53,True,Company_B,content_editor_01,Digital_News,Hindi,debate,shorts,Youtube,,True,2025-07-10 00:00:00.000000,59.65,18.71666666666667,25.12,165.0,External,24.66,1829429.0,18634.0,930.0,822.0,5700.026500000001,my_key_moments,2025-07-10 03:27:45.070896,WS-DIGITAL-NEWS
YT0007931,"- TikToks So Viral, They Broke My Brain!",source_53,source_53,True,Company_B,content_editor_01,Digital_News,Hindi,interview,shorts,Youtube,,True,2025-07-10 00:00:00.000000,20.69,9.116666666666667,28.41,611.0,Shorts Feed,23.89,1738890.0,46976.0,3061.0,1018.0,780.8903333333333,key_moments,2025-07-10 01:50:55.943855,WS-DIGITAL-NEWS
YT0012883,- TikToks That Broke My Brain (I Can't Unsee This!),source_54,source_54,True,Company_B,content_editor_01,Digital_News,Hindi,debate,shorts,Youtube,,True,2025-07-10 00:00:00.000000,74.95,18.933333333333334,19.07,564.0,Notifications,11.31,1783173.0,19215.0,1845.0,866.0,5663.225333333334,key_moments,2025-07-10 01:02:12.431004,WS-DIGITAL-NEWS
YT0025751,- Reacting to TikToks That Should Be Illegal!,source_54,source_54,True,Company_B,content_editor_01,Digital_News,Hindi,discussion_show,shorts,Youtube,,True,2025-07-11 00:00:00.000000,19.33,10.183333333333334,61.97,253.0,Browse,17.5,1953860.0,25715.0,5839.0,1640.0,1456.349333333333,key_moments,2025-07-11 03:29:07.741151,WS-DIGITAL-NEWS
YT0020744,"- Viral TikToks So Crazy, You Won't Believe They're Real",source_54,source_54,True,Company_B,content_editor_01,Digital_News,Hindi,discussion_show,shorts,Youtube,,True,2025-07-12 00:00:00.000000,54.57,31.35,60.27,446.0,Channel Page,4.87,1479897.0,95553.0,6333.0,893.0,9804.317666666668,key_moments,2025-07-12 01:26:56.697556,WS-DIGITAL-NEWS
YT0002996,"- Cringe, Laugh, Repeat: Reacting to WTF TikToks",source_54,source_54,True,Company_B,content_editor_01,Digital_News,Hindi,discussion_show,shorts,Youtube,,True,2025-07-12 00:00:00.000000,23.21,8.566666666666666,12.99,276.0,Playlist,16.11,1967609.0,83291.0,5294.0,2171.0,582.9953333333334,my_key_moments,2025-07-12 01:21:30.324804,WS-DIGITAL-NEWS
YT0027628,- TikToks That Made Me Question Reality... And My Life Choices,source_54,source_54,True,Company_B,content_editor_01,Digital_News,Hindi,discussion_show,shorts,Youtube,,True,2025-07-12 00:00:00.000000,43.56,35.05,96.46,168.0,Suggested,27.74,1687678.0,15610.0,514.0,1576.0,12915.424666666666,chapters,2025-07-12 06:05:59.372771,WS-DIGITAL-NEWS
YT0026233,- The Internet's Gone Wild: Reacting to Unhinged TikToks,source_54,source_54,True,Company_B,content_editor_01,Digital_News,Hindi,interview,shorts,Youtube,,True,2025-07-12 00:00:00.000000,59.13,16.583333333333336,20.58,677.0,Search,14.29,1822550.0,94470.0,6150.0,216.0,4598.563666666667,key_moments,2025-07-12 00:57:53.254872,WS-DIGITAL-NEWS
YT0021374,- Reacting to TikToks That Broke the Internet!,source_55,source_55,True,Company_B,content_editor_01,Digital_News,Hindi,interview,shorts,Youtube,,True,2025-07-13 00:00:00.000000,31.51,13.9,38.76,4.0,Channel Page,6.25,1599255.0,94766.0,3608.0,1161.0,2843.1200000000003,key_moments,2025-07-13 12:22:46.520212,WS-DIGITAL-NEWS
YT0001703,- Viral TikToks of the Week: I Can't Believe These Are Real!,source_55,source_55,True,Company_B,content_editor_01,Digital_News,Hindi,discussion_show,shorts,Youtube,,True,2025-07-13 00:00:00.000000,50.88,39.16666666666667,88.26,509.0,Notifications,20.21,1608003.0,82609.0,2150.0,536.0,14144.470833333333,chapters,2025-07-13 04:32:42.650255,WS-DIGITAL-NEWS
YT0003823,"- TikToks So Crazy, I Had to Call My Sister!",source_55,source_55,True,Company_B,content_editor_01,Digital_News,Hindi,discussion_show,shorts,Youtube,,True,2025-07-13 00:00:00.000000,43.18,33.31666666666666,91.61,699.0,Notifications,21.01,1923969.0,38204.0,2816.0,1617.0,13797.351833333332,full_package,2025-07-13 03:51:43.687626,WS-DIGITAL-NEWS
YT0001278,- Trying Viral TikTok Dances... It's a Disaster!,source_55,source_55,True,Company_B,content_editor_01,Digital_News,Hindi,speech,shorts,Youtube,,True,2025-07-13 00:00:00.000000,25.630000000000003,11.766666666666666,40.14,528.0,Browse,22.4,1517042.0,48101.0,3994.0,621.0,1797.9756666666665,summary,2025-07-13 01:44:52.858721,WS-DIGITAL-NEWS
YT0023026,- AITA Wedding Dress DRAMA?! 🤯 (I Can't Believe This!),source_56,source_56,True,Company_B,content_editor_01,Digital_News,Hindi,debate,shorts,Youtube,,True,2025-07-14 00:00:00.000000,67.5,45.96666666666667,73.27,588.0,Channel Page,15.39,1528919.0,63233.0,5140.0,2886.0,16336.782666666666,chapters,2025-07-14 07:22:21.937882,WS-DIGITAL-NEWS
YT0024554,"- You Asked, I Reacted: The Craziest TikToks EVER!",source_55,source_55,True,Company_B,content_editor_01,Digital_News,Hindi,debate,shorts,Youtube,,True,2025-07-14 00:00:00.000000,44.99,20.8,44.35,580.0,Channel Page,5.98,1101212.0,16023.0,1213.0,2674.0,4068.3665,full_package,2025-07-14 03:59:26.574020,WS-DIGITAL-NEWS
YT0001498,- Inheritance IMPLOSION! Sibling Rivalry Gets UGLY!,source_56,source_56,True,Company_B,content_editor_01,Digital_News,Hindi,debate,shorts,Youtube,,True,2025-07-15 00:00:00.000000,42.55,13.15,20.51,493.0,Browse,23.19,1323758.0,78308.0,1954.0,761.0,2077.5646666666667,chapters,2025-07-15 02:18:37.409868,WS-DIGITAL-NEWS
YT0018340,- Vacation From HELL! 😱 (AITA Couple's Therapy Needed!),source_56,source_56,True,Company_B,content_editor_01,Digital_News,Hindi,interview,shorts,Youtube,,True,2025-07-16 00:00:00.000000,31.75,10.966666666666669,20.7,291.0,Suggested,1.2,1459746.0,6158.0,5596.0,778.0,1405.6813333333334,key_moments,2025-07-16 04:41:36.186810,WS-DIGITAL-NEWS
YT0011341,"- Reacting to the CRAZIEST ""Am I the A**hole?"" Stories!",source_56,source_56,True,Company_B,content_editor_01,Digital_News,Hindi,discussion_show,shorts,Youtube,,True,2025-07-17 00:00:00.000000,29.08,17.0,67.47,655.0,Channel Page,26.06,1844997.0,37249.0,764.0,351.0,4868.742166666667,chapters,2025-07-17 01:02:27.166080,WS-DIGITAL-NEWS
YT0022688,- TikToks That Broke the Internet (This Week!),source_57,source_57,True,Company_B,content_editor_01,Digital_News,Hindi,interview,shorts,Youtube,,True,2025-07-17 00:00:00.000000,42.620000000000005,26.75,69.7,137.0,Notifications,1.32,1964425.0,78690.0,848.0,1658.0,10504.217,key_moments,2025-07-17 01:04:52.168671,WS-DIGITAL-NEWS
YT0019997,- Reacting to TikToks That Made Me Question Everything,source_57,source_57,True,Company_B,content_editor_01,Digital_News,Hindi,interview,shorts,Youtube,,True,2025-07-17 00:00:00.000000,67.82,47.56666666666667,75.86,565.0,Browse,2.66,1124873.0,50833.0,3922.0,293.0,12519.419833333332,key_moments,2025-07-17 01:37:57.193419,WS-DIGITAL-NEWS
YT0022156,"- Viral TikToks of the Week: Cringe, Comedy, & Chaos!",source_57,source_57,True,Company_B,content_editor_01,Digital_News,Hindi,debate,shorts,Youtube,,True,2025-07-17 00:00:00.000000,26.0,13.966666666666669,58.79,478.0,Browse,28.86,1297996.0,36829.0,3609.0,2728.0,2331.585333333333,chapters,2025-07-17 05:17:25.865058,WS-DIGITAL-NEWS
YT0029721,- I Reacted to the WILDEST TikToks... You Won't Believe These!,source_57,source_57,True,Company_B,content_editor_01,Digital_News,Hindi,press_conference,shorts,Youtube,,True,2025-07-18 00:00:00.000000,59.92,15.916666666666666,18.74,575.0,Channel Page,23.26,1777341.0,25608.0,3429.0,1082.0,4155.3575,summary,2025-07-18 03:59:22.513012,WS-DIGITAL-NEWS
YT0027184,- This Week's TikToks Had Me CRYING! (You've Been Warned),source_57,source_57,True,Company_B,content_editor_01,Digital_News,Hindi,interview,shorts,Youtube,,True,2025-07-18 00:00:00.000000,74.24000000000001,46.55,65.92,77.0,External,6.91,1119584.0,97184.0,4105.0,1724.0,12144.3765,key_moments,2025-07-18 09:15:28.457747,WS-DIGITAL-NEWS
YT0001760,- The Most Viral TikToks Are Here... And I'm Judging Them,source_57,source_57,True,Company_B,content_editor_01,Digital_News,Hindi,debate,shorts,Youtube,,True,2025-07-18 00:00:00.000000,73.71000000000001,44.86666666666667,63.65,644.0,Channel Page,22.2,1953931.0,57292.0,6582.0,1456.0,20281.080166666667,my_key_moments,2025-07-18 01:54:58.033182,WS-DIGITAL-NEWS
YT0011157,- Reacting to TikToks That Broke the Internet!,source_58,source_58,True,Company_B,content_editor_01,Digital_News,Hindi,discussion_show,shorts,Youtube,,True,2025-07-19 00:00:00.000000,71.08,61.516666666666666,96.32,588.0,Playlist,26.46,1255775.0,74304.0,1834.0,1176.0,18842.438833333334,key_moments,2025-07-19 06:20:04.604765,WS-DIGITAL-NEWS
YT0011328,- The Funniest TikTok Fails of the Week!,source_58,source_58,True,Company_B,content_editor_01,Digital_News,Hindi,debate,shorts,Youtube,,True,2025-07-19 00:00:00.000000,39.64,17.666666666666664,41.26,157.0,Channel Page,6.59,1163955.0,92937.0,6181.0,2556.0,3287.0951666666665,full_package,2025-07-19 03:39:06.187132,WS-DIGITAL-NEWS
YT0011292,- I Tried Viral TikTok Dances & It Was a DISASTER!,source_57,source_57,True,Company_B,content_editor_01,Digital_News,Hindi,debate,shorts,Youtube,,True,2025-07-19 00:00:00.000000,28.49,16.46666666666667,66.47,556.0,Playlist,3.64,1176228.0,41313.0,3377.0,1360.0,2929.679,summary,2025-07-19 01:52:51.970112,WS-DIGITAL-NEWS
YT0022166,- AITA?! Reacting to the WILDEST Reddit Stories!,source_59,source_59,True,Company_B,content_editor_01,Digital_News,Hindi,debate,shorts,Youtube,,True,2025-07-20 00:00:00.000000,68.27000000000001,18.666666666666664,20.96,383.0,Search,14.42,1647594.0,75572.0,6068.0,982.0,5110.5925,full_package,2025-07-20 05:26:38.917657,WS-DIGITAL-NEWS
YT0027967,"- Judge Judy Reacts to ""Am I the A**hole?""",source_59,source_59,True,Company_B,content_editor_01,Digital_News,Hindi,speech,shorts,Youtube,,True,2025-07-20 00:00:00.000000,24.24,14.616666666666667,77.02,417.0,Search,27.76,1149074.0,44559.0,6640.0,2202.0,2271.549,chapters,2025-07-20 03:47:39.274207,WS-DIGITAL-NEWS
YT0015497,- TikTok Conspiracy Theories?! Let's Investigate!,source_58,source_58,True,Company_B,content_editor_01,Digital_News,Hindi,discussion_show,shorts,Youtube,,True,2025-07-20 00:00:00.000000,61.51,52.03333333333333,95.75,113.0,Shorts Feed,27.65,1747687.0,19709.0,7687.0,2331.0,21619.5355,chapters,2025-07-20 02:25:05.307101,WS-DIGITAL-NEWS
YT0013918,- Is It Cake?! Reacting to the Most Viral TikToks!,source_58,source_58,True,Company_B,content_editor_01,Digital_News,Hindi,discussion_show,shorts,Youtube,,True,2025-07-20 00:00:00.000000,43.42,19.083333333333336,40.76,376.0,Shorts Feed,25.05,1421063.0,64548.0,6882.0,1181.0,4572.401833333333,full_package,2025-07-20 04:08:12.049446,WS-DIGITAL-NEWS
YT0004250,- Reddit's Gone WILD! AITA Edition,source_59,source_59,True,Company_B,content_editor_01,Digital_News,Hindi,interview,shorts,Youtube,,True,2025-07-21 00:00:00.000000,74.78,36.66666666666667,48.79,329.0,Browse,5.84,1205186.0,58175.0,5030.0,932.0,9764.2385,chapters,2025-07-21 03:36:22.520786,WS-DIGITAL-NEWS
YT0006999,"- These ""Am I the A**hole?"" Stories Will SHOCK You!",source_59,source_59,True,Company_B,content_editor_01,Digital_News,Hindi,discussion_show,shorts,Youtube,,True,2025-07-21 00:00:00.000000,30.52,16.71666666666667,59.39,577.0,External,25.97,1579893.0,71215.0,2611.0,668.0,4044.8186666666666,full_package,2025-07-21 03:32:14.027635,WS-DIGITAL-NEWS
YT0029694,- Reacting to the CRAZIEST Reddit Dilemmas!,source_59,source_59,True,Company_B,content_editor_01,Digital_News,Hindi,speech,shorts,Youtube,,True,2025-07-22 00:00:00.000000,57.4,32.733333333333334,59.51,269.0,Notifications,26.37,1712435.0,1943.0,3795.0,1736.0,12002.900833333337,summary,2025-07-22 02:52:31.730322,WS-DIGITAL-NEWS
YT0011153,- I Can't Believe These AITA Stories Are Real!,source_59,source_59,True,Company_B,content_editor_01,Digital_News,Hindi,interview,shorts,Youtube,,True,2025-07-23 00:00:00.000000,35.31,10.95,16.99,55.0,Channel Page,11.82,1230109.0,54937.0,3729.0,2957.0,1178.8545,full_package,2025-07-23 01:24:29.637801,WS-DIGITAL-NEWS
YT0017140,- Reddit's Most Outrageous Stories: AITA Reaction!,source_59,source_59,True,Company_B,content_editor_01,Digital_News,Hindi,discussion_show,shorts,Youtube,,True,2025-07-23 00:00:00.000000,55.03,11.2,9.24,466.0,Browse,8.04,1997844.0,16834.0,1557.0,1131.0,2053.3396666666667,key_moments,2025-07-23 04:14:47.577023,WS-DIGITAL-NEWS
YT0008205,- Reacting to TikToks That Broke My Brain! 🤯,source_60,source_60,True,Company_B,content_editor_01,Digital_News,Hindi,discussion_show,shorts,Youtube,,True,2025-07-23 00:00:00.000000,57.1,29.2,51.54,173.0,Channel Page,12.62,1344845.0,51667.0,2292.0,1544.0,8106.426833333333,summary,2025-07-23 02:06:16.540580,WS-DIGITAL-NEWS
YT0029403,- I Can't Believe These TikToks Are Real! 😂,source_60,source_60,True,Company_B,content_editor_01,Digital_News,Hindi,speech,shorts,Youtube,,True,2025-07-23 00:00:00.000000,33.67,11.85,23.3,580.0,Shorts Feed,1.77,1745187.0,35174.0,6005.0,643.0,2108.767666666666,summary,2025-07-23 01:46:05.960427,WS-DIGITAL-NEWS
YT0003759,- Cringe Alert! Reacting to the Cringiest TikToks,source_60,source_60,True,Company_B,content_editor_01,Digital_News,Hindi,interview,shorts,Youtube,,True,2025-07-23 00:00:00.000000,40.75,28.35,80.97,214.0,Suggested,3.96,1618729.0,66386.0,1807.0,1989.0,9375.138833333333,key_moments,2025-07-23 03:17:57.766976,WS-DIGITAL-NEWS
YT0016504,- Gen Z Humor vs. My Brain: A TikTok Reaction,source_60,source_60,True,Company_B,content_editor_01,Digital_News,Hindi,speech,shorts,Youtube,,True,2025-07-24 00:00:00.000000,68.37,57.05,92.84,173.0,Notifications,20.38,1990104.0,51518.0,7175.0,865.0,27391.570333333333,full_package,2025-07-24 07:11:45.348208,WS-DIGITAL-NEWS
YT0012141,- Reacting to Viral TikToks That Made Me Question Reality,source_60,source_60,True,Company_B,content_editor_01,Digital_News,Hindi,debate,shorts,Youtube,,True,2025-07-24 00:00:00.000000,55.6,20.166666666666664,31.2,236.0,External,21.86,1976847.0,27535.0,105.0,2773.0,6955.572833333334,key_moments,2025-07-24 04:38:25.182702,WS-DIGITAL-NEWS
YT0005595,- Extreme TikTok Fails That Will Make You Sweat! 😬,source_60,source_60,True,Company_B,content_editor_01,Digital_News,Hindi,press_conference,shorts,Youtube,,True,2025-07-24 00:00:00.000000,34.120000000000005,17.166666666666664,50.56,104.0,Playlist,13.38,1548994.0,35912.0,1434.0,2644.0,4159.335666666667,summary,2025-07-24 02:36:55.096766,WS-DIGITAL-NEWS
YT0008689,- Terrifying TikToks I Wish I Never Watched! 😱,source_60,source_60,True,Company_B,content_editor_01,Digital_News,Hindi,interview,shorts,Youtube,,True,2025-07-24 00:00:00.000000,41.16,31.23333333333333,90.72,27.0,Browse,0.85,1265257.0,44600.0,1915.0,258.0,8341.324,full_package,2025-07-24 02:31:57.096255,WS-DIGITAL-NEWS
YT0014977,- Magic Tricks That BROKE My Brain! 🤯,source_61,source_61,True,Company_B,content_editor_01,Digital_News,Hindi,debate,shorts,Youtube,,True,2025-07-25 00:00:00.000000,21.67,10.316666666666666,42.23,204.0,Shorts Feed,6.52,1960068.0,58530.0,6986.0,274.0,1533.5716666666667,key_moments,2025-07-25 06:39:07.856391,WS-DIGITAL-NEWS
YT0006686,- The Funniest TikToks I've Ever Seen! (I'm Officially Old),source_60,source_60,True,Company_B,content_editor_01,Digital_News,Hindi,discussion_show,shorts,Youtube,,True,2025-07-25 00:00:00.000000,30.41,10.416666666666666,18.93,426.0,Shorts Feed,29.98,1256414.0,67826.0,6139.0,952.0,1017.928,key_moments,2025-07-25 00:35:16.660458,WS-DIGITAL-NEWS
YT0001914,- Reacting to IMPOSSIBLE Magic! (Is This Real?),source_61,source_61,True,Company_B,content_editor_01,Digital_News,Hindi,interview,shorts,Youtube,,True,2025-07-25 00:00:00.000000,45.91,24.5,55.0,634.0,Suggested,13.33,1861044.0,11754.0,878.0,892.0,8788.263333333334,key_moments,2025-07-25 07:34:11.817004,WS-DIGITAL-NEWS
YT0020023,- I Can't Explain These Magic Tricks!,source_61,source_61,True,Company_B,content_editor_01,Digital_News,Hindi,debate,shorts,Youtube,,True,2025-07-25 00:00:00.000000,67.99000000000001,19.666666666666664,22.96,148.0,Browse,28.82,1710112.0,66806.0,4083.0,533.0,5779.545166666667,key_moments,2025-07-25 00:53:35.605213,WS-DIGITAL-NEWS
YT0027029,- The Internet's WILDEST Magic Tricks!,source_61,source_61,True,Company_B,content_editor_01,Digital_News,Hindi,discussion_show,shorts,Youtube,,True,2025-07-26 00:00:00.000000,70.85,15.166666666666668,13.73,29.0,Browse,26.22,1861485.0,82637.0,4208.0,1323.0,3964.273666666667,key_moments,2025-07-26 01:17:20.870145,WS-DIGITAL-NEWS
YT0011004,- Craziest Magic EVER Caught on Camera!,source_61,source_61,True,Company_B,content_editor_01,Digital_News,Hindi,press_conference,shorts,Youtube,,True,2025-07-26 00:00:00.000000,48.68,9.133333333333333,4.85,672.0,Suggested,2.75,1426362.0,1674.0,2722.0,2884.0,647.1456666666667,key_moments,2025-07-26 02:39:03.072910,WS-DIGITAL-NEWS
YT0022071,"- Reacting to Magic So Good, It's Scary!",source_61,source_61,True,Company_B,content_editor_01,Digital_News,Hindi,debate,shorts,Youtube,,True,2025-07-26 00:00:00.000000,68.9,19.616666666666667,22.48,200.0,Suggested,24.68,1803688.0,78036.0,3365.0,112.0,6070.746166666667,key_moments,2025-07-26 22:42:02.349564,WS-DIGITAL-NEWS
YT0017893,- Magic Tricks That BROKE My Brain!,source_62,source_62,True,Company_B,content_editor_01,Digital_News,Hindi,discussion_show,shorts,Youtube,,True,2025-07-27 00:00:00.000000,48.95,28.4,61.56,457.0,External,7.67,1352615.0,79769.0,7671.0,845.0,7852.681500000001,key_moments,2025-07-27 15:18:20.770217,WS-DIGITAL-NEWS
YT0015372,"- Reacting to Magic So Good, It's Basically Witchcraft",source_62,source_62,True,Company_B,content_editor_01,Digital_News,Hindi,discussion_show,shorts,Youtube,,True,2025-07-27 00:00:00.000000,30.4,21.3,89.61,471.0,Search,20.3,1811831.0,48984.0,4928.0,2177.0,6945.352166666667,key_moments,2025-07-27 07:02:20.867563,WS-DIGITAL-NEWS
YT0019180,"- I Tried to Debunk Magic, But I Failed...",source_62,source_62,True,Company_B,content_editor_01,Digital_News,Hindi,debate,shorts,Youtube,,True,2025-07-28 00:00:00.000000,61.9,34.46666666666667,57.5,696.0,Suggested,22.41,1250583.0,93221.0,6912.0,660.0,9367.793,full_package,2025-07-28 05:19:13.052631,WS-DIGITAL-NEWS
YT0028661,- Mind-Blowing Magic Tricks That Will Make You Question Reality,source_62,source_62,True,Company_B,content_editor_01,Digital_News,Hindi,press_conference,shorts,Youtube,,True,2025-07-28 00:00:00.000000,73.84,50.35,72.82,329.0,Search,0.65,1821986.0,57986.0,7251.0,1859.0,21686.6945,summary,2025-07-28 00:54:05.945348,WS-DIGITAL-NEWS
YT0022968,- Magician REVEALS SECRETS (Or Does He?),source_62,source_62,True,Company_B,content_editor_01,Digital_News,Hindi,interview,shorts,Youtube,,True,2025-07-29 00:00:00.000000,64.86,12.933333333333334,10.9,512.0,Shorts Feed,20.92,1954562.0,74065.0,5014.0,2934.0,2949.9408333333336,key_moments,2025-07-29 04:32:03.972565,WS-DIGITAL-NEWS
YT0014432,- Insane Magic Tricks That Are Actually Impossible?!,source_62,source_62,True,Company_B,content_editor_01,Digital_News,Hindi,debate,shorts,Youtube,,True,2025-07-29 00:00:00.000000,64.06,8.683333333333334,2.41,562.0,Playlist,29.02,1531808.0,14868.0,4061.0,2533.0,503.511,key_moments,2025-07-29 02:34:39.902050,WS-DIGITAL-NEWS
YT0001593,- From Skeptic to Believer: Reacting to Unexplainable Magic,source_62,source_62,True,Company_B,content_editor_01,Digital_News,Hindi,speech,shorts,Youtube,,True,2025-07-29 00:00:00.000000,29.58,11.7,28.81,383.0,External,0.87,1694243.0,6310.0,7063.0,1312.0,1976.6168333333333,full_package,2025-07-29 02:04:52.426720,WS-DIGITAL-NEWS
YT0012585,- The Internet's WILDEST Magic Tricks (I'm Speechless!),source_62,source_62,True,Company_B,content_editor_01,Digital_News,Hindi,press_conference,shorts,Youtube,,True,2025-07-30 00:00:00.000000,72.59,24.85,30.13,646.0,Suggested,11.29,1159338.0,56938.0,5190.0,2744.0,5587.3651666666665,summary,2025-07-30 04:31:38.460876,WS-DIGITAL-NEWS
YT0025464,"- Reddit's WILDEST ""Am I the Jerk?"" Stories! 🤯",source_63,source_63,True,Company_B,content_editor_01,Digital_News,Hindi,debate,shorts,Youtube,,True,2025-07-30 00:00:00.000000,27.7,17.483333333333334,78.61,62.0,Channel Page,2.46,1552454.0,38393.0,5090.0,932.0,4305.185,key_moments,2025-07-30 02:44:38.297697,WS-DIGITAL-NEWS
YT0027630,- Reacting to Reddit's Most INSANE Stories! 😱,source_63,source_63,True,Company_B,content_editor_01,Digital_News,Hindi,press_conference,shorts,Youtube,,True,2025-08-01 00:00:00.000000,31.94,22.866666666666667,90.71,139.0,Suggested,7.34,1824621.0,12490.0,1741.0,29.0,7788.4285,summary,2025-08-01 08:01:06.098474,WS-DIGITAL-NEWS
YT0016093,"- Reddit's ""Am I the Jerk?"" - You Won't Believe These Stories! 😲",source_63,source_63,True,Company_B,content_editor_01,Digital_News,Hindi,debate,shorts,Youtube,,True,2025-08-01 00:00:00.000000,29.16,18.65,78.74,684.0,Suggested,6.34,1527255.0,84241.0,2840.0,732.0,4730.248166666667,key_moments,2025-08-01 00:51:00.151402,WS-DIGITAL-NEWS
YT0015835,- Judging the Judgers: Reacting to AITA's Craziest Tales!,source_63,source_63,True,Company_B,content_editor_01,Digital_News,Hindi,speech,shorts,Youtube,,True,2025-08-01 00:00:00.000000,41.85,23.98333333333333,61.39,168.0,External,9.3,1269065.0,66699.0,6304.0,2267.0,5810.672666666666,chapters,2025-08-01 04:14:50.585993,WS-DIGITAL-NEWS
YT0009213,"- OMG! These ""Am I the Jerk?"" Stories Are WILD!",source_63,source_63,True,Company_B,content_editor_01,Digital_News,Hindi,interview,shorts,Youtube,,True,2025-08-01 00:00:00.000000,67.22999999999999,28.4,40.02,8.0,Search,13.34,1928371.0,12731.0,7171.0,575.0,11195.265,summary,2025-08-01 01:58:47.427913,WS-DIGITAL-NEWS
YT0029730,- Reddit Drama: Reacting to the Internet's Juiciest Jerks! 😈,source_63,source_63,True,Company_B,content_editor_01,Digital_News,Hindi,interview,shorts,Youtube,,True,2025-08-01 00:00:00.000000,44.69,17.433333333333334,33.46,198.0,Notifications,22.58,1136645.0,48381.0,5243.0,2918.0,3136.298166666667,summary,2025-08-01 02:52:56.250028,WS-DIGITAL-NEWS
YT0019701,- Magic Tricks That BROKE My Brain! 🤯,source_64,source_64,True,Company_B,content_editor_01,Digital_News,Hindi,debate,shorts,Youtube,,True,2025-08-02 00:00:00.000000,25.11,7.816666666666666,3.13,678.0,Shorts Feed,10.56,1536654.0,45665.0,7751.0,351.0,135.16866666666667,key_moments,2025-08-02 05:06:13.866244,WS-DIGITAL-NEWS
YT0019775,- I Can't Explain These Magic Tricks... At All!,source_64,source_64,True,Company_B,content_editor_01,Digital_News,Hindi,press_conference,shorts,Youtube,,True,2025-08-02 00:00:00.000000,42.6,23.416666666666664,57.67,63.0,Shorts Feed,7.04,1226071.0,92289.0,141.0,2128.0,5420.823166666667,key_moments,2025-08-02 01:38:10.741709,WS-DIGITAL-NEWS
YT0021158,- Reacting to Magic So Good It's Basically Illegal!,source_64,source_64,True,Company_B,content_editor_01,Digital_News,Hindi,debate,shorts,Youtube,,True,2025-08-02 00:00:00.000000,38.79,20.433333333333334,54.36,426.0,External,16.48,1968669.0,53547.0,2361.0,319.0,7072.625666666666,key_moments,2025-08-02 04:33:41.868932,WS-DIGITAL-NEWS
YT0024166,- Magicians SHOCKED Me With These Insane Illusions!,source_64,source_64,True,Company_B,content_editor_01,Digital_News,Hindi,debate,shorts,Youtube,,True,2025-08-02 00:00:00.000000,69.96000000000001,29.216666666666665,39.51,69.0,Shorts Feed,25.82,1298033.0,30381.0,2271.0,305.0,7830.263833333333,key_moments,2025-08-02 03:22:30.345947,WS-DIGITAL-NEWS
YT0023096,- From Skeptic to Believer: Reacting to Viral Magic!,source_64,source_64,True,Company_B,content_editor_01,Digital_News,Hindi,debate,shorts,Youtube,,True,2025-08-03 00:00:00.000000,19.18,9.7,52.63,371.0,Notifications,18.25,1652719.0,42954.0,808.0,2952.0,1009.995,key_moments,2025-08-03 02:21:28.893945,WS-DIGITAL-NEWS
YT0009127,- The Most IMPOSSIBLE Magic Tricks on the Internet!,source_64,source_64,True,Company_B,content_editor_01,Digital_News,Hindi,interview,shorts,Youtube,,True,2025-08-03 00:00:00.000000,64.50999999999999,26.016666666666666,37.4,437.0,Shorts Feed,20.5,1745084.0,59678.0,2668.0,757.0,8975.871833333335,chapters,2025-08-03 02:44:42.546464,WS-DIGITAL-NEWS
YT0000057,- TikToks That Broke the Internet! 🤯,source_65,source_65,True,Company_B,content_editor_01,Digital_News,Hindi,debate,shorts,Youtube,,True,2025-08-04 00:00:00.000000,54.41,12.816666666666666,13.49,546.0,Channel Page,0.78,1628311.0,79735.0,5705.0,1381.0,2404.774166666667,key_moments,2025-08-04 03:32:05.230722,WS-DIGITAL-NEWS
YT0002009,- I Can't Believe These TikToks Are Real!,source_65,source_65,True,Company_B,content_editor_01,Digital_News,Hindi,press_conference,shorts,Youtube,,True,2025-08-04 00:00:00.000000,43.2,30.433333333333334,81.32,49.0,Channel Page,23.7,1618034.0,30967.0,7787.0,507.0,10307.475833333334,chapters,2025-08-04 02:09:50.920339,WS-DIGITAL-NEWS
YT0000239,- Reacting to TikToks That Made Me Question Everything,source_65,source_65,True,Company_B,content_editor_01,Digital_News,Hindi,interview,shorts,Youtube,,True,2025-08-04 00:00:00.000000,54.0,8.383333333333333,2.26,623.0,Shorts Feed,29.22,1409872.0,7491.0,6490.0,862.0,345.94083333333333,key_moments,2025-08-04 04:01:21.960723,WS-DIGITAL-NEWS
YT0029572,- My Jaw Dropped Watching These Magic Tricks!,source_64,source_64,True,Company_B,content_editor_01,Digital_News,Hindi,debate,shorts,Youtube,,True,2025-08-04 00:00:00.000000,52.12,40.28333333333333,88.32,508.0,Suggested,25.82,1231255.0,18410.0,61.0,307.0,11212.400833333337,key_moments,2025-08-04 03:12:06.940055,WS-DIGITAL-NEWS
YT0017879,"- Viral TikToks That Will Make You Say ""WTF!""",source_65,source_65,True,Company_B,content_editor_01,Digital_News,Hindi,debate,shorts,Youtube,,True,2025-08-05 00:00:00.000000,46.47,34.86666666666667,86.96,557.0,Search,3.37,1939446.0,69587.0,5818.0,2950.0,14743.381166666666,my_key_moments,2025-08-05 02:27:10.416453,WS-DIGITAL-NEWS
YT0018929,- The Funniest & Craziest TikToks of the Week!,source_65,source_65,True,Company_B,content_editor_01,Digital_News,Hindi,debate,shorts,Youtube,,True,2025-08-05 00:00:00.000000,42.81,12.0,16.18,397.0,Suggested,22.52,1346908.0,83551.0,627.0,2210.0,1683.635,chapters,2025-08-05 14:16:12.447799,WS-DIGITAL-NEWS
YT0003618,"- TikToks So Wild, You Have to See Them to Believe Them",source_65,source_65,True,Company_B,content_editor_01,Digital_News,Hindi,interview,shorts,Youtube,,True,2025-08-05 00:00:00.000000,40.36,29.883333333333333,88.26,583.0,Search,13.72,1144713.0,11195.0,844.0,2821.0,7117.359,key_moments,2025-08-05 05:34:33.893593,WS-DIGITAL-NEWS
YT0007924,- I'm Officially Addicted to These Viral TikToks!,source_65,source_65,True,Company_B,content_editor_01,Digital_News,Hindi,press_conference,shorts,Youtube,,True,2025-08-05 00:00:00.000000,28.84,8.383333333333333,6.38,617.0,Playlist,0.92,1855017.0,84690.0,1938.0,1700.0,455.1661666666667,summary,2025-08-05 02:56:42.167067,WS-DIGITAL-NEWS
YT0006024,- I Can't Believe These TikToks Went Viral!,source_66,source_66,True,Company_B,content_editor_01,Digital_News,Hindi,debate,shorts,Youtube,,True,2025-08-06 00:00:00.000000,37.29,20.03333333333333,56.23,271.0,Suggested,16.87,1345393.0,2720.0,1089.0,2382.0,4683.9608333333335,key_moments,2025-08-06 04:29:42.275709,WS-DIGITAL-NEWS
YT0028387,- Reacting to TikToks That Broke the Internet!,source_66,source_66,True,Company_B,content_editor_01,Digital_News,Hindi,press_conference,shorts,Youtube,,True,2025-08-06 00:00:00.000000,39.25,28.416666666666668,86.25,420.0,Playlist,8.72,1089151.0,20321.0,627.0,2430.0,6328.169,key_moments,2025-08-06 01:45:32.987585,WS-DIGITAL-NEWS
YT0020166,- Savage TikToks That Will Make You Cringe!,source_66,source_66,True,Company_B,content_editor_01,Digital_News,Hindi,debate,shorts,Youtube,,True,2025-08-06 00:00:00.000000,41.54,10.916666666666666,12.87,145.0,Suggested,6.42,1089833.0,35517.0,452.0,303.0,1034.3321666666666,full_package,2025-08-06 02:49:13.423316,WS-DIGITAL-NEWS
YT0017344,- Trying Viral TikTok Trends... HUGE FAIL!,source_66,source_66,True,Company_B,content_editor_01,Digital_News,Hindi,press_conference,shorts,Youtube,,True,2025-08-06 00:00:00.000000,65.15,9.766666666666666,4.52,248.0,External,22.34,1248853.0,84424.0,3448.0,499.0,786.3148333333334,summary,2025-08-06 03:05:46.953660,WS-DIGITAL-NEWS
YT0019114,- The Most WTF TikToks I've Ever Seen!,source_66,source_66,True,Company_B,content_editor_01,Digital_News,Hindi,speech,shorts,Youtube,,True,2025-08-07 00:00:00.000000,69.34,9.366666666666667,3.44,66.0,Shorts Feed,18.03,1664070.0,37996.0,4148.0,840.0,862.8511666666667,key_moments,2025-08-07 01:28:31.068710,WS-DIGITAL-NEWS
YT0029669,"- TikToks So Wild, I Lost My Voice!",source_66,source_66,True,Company_B,content_editor_01,Digital_News,Hindi,interview,shorts,Youtube,,True,2025-08-07 00:00:00.000000,56.3,43.96666666666667,88.3,346.0,Suggested,6.0,1950545.0,39081.0,499.0,6.0,19758.2985,key_moments,2025-08-07 05:27:11.029359,WS-DIGITAL-NEWS
YT0015062,"- Reacting to the WILDEST ""Am I the Jerk?"" Stories! 😱",source_67,source_67,True,Company_B,content_editor_01,Digital_News,Hindi,interview,shorts,Youtube,,True,2025-08-07 00:00:00.000000,32.66,20.666666666666664,74.56,633.0,Channel Page,5.93,1442166.0,41315.0,161.0,435.0,5274.5886666666665,chapters,2025-08-07 02:40:09.364046,WS-DIGITAL-NEWS
YT0019473,- AITA? These Stories Will Make You RAGE! 😡,source_67,source_67,True,Company_B,content_editor_01,Digital_News,Hindi,press_conference,shorts,Youtube,,True,2025-08-07 00:00:00.000000,25.53,16.983333333333334,90.06,176.0,External,7.71,1744541.0,40125.0,2687.0,2628.0,4595.573333333334,full_package,2025-08-07 03:00:35.793559,WS-DIGITAL-NEWS
YT0027120,"- ""Am I the Jerk?"" Stories That Broke My Brain! 🤯",source_67,source_67,True,Company_B,content_editor_01,Digital_News,Hindi,debate,shorts,Youtube,,True,2025-08-07 00:00:00.000000,69.44,26.78333333333333,35.42,191.0,Shorts Feed,2.84,1743549.0,91015.0,460.0,328.0,9339.288,key_moments,2025-08-07 02:32:16.271036,WS-DIGITAL-NEWS
YT0001623,- Reddit's Craziest Stories EVER! (You Won't Believe These!),source_67,source_67,True,Company_B,content_editor_01,Digital_News,Hindi,debate,shorts,Youtube,,True,2025-08-08 00:00:00.000000,56.46,35.41666666666667,67.33,234.0,Suggested,8.11,1254316.0,94351.0,740.0,2627.0,9726.756,key_moments,2025-08-09 18:40:22.866349,WS-DIGITAL-NEWS
YT0001066,- Second-Hand Embarrassment OVERLOAD! Reacting to AITA,source_67,source_67,True,Company_B,content_editor_01,Digital_News,Hindi,debate,shorts,Youtube,,True,2025-08-08 00:00:00.000000,42.57,26.416666666666668,68.61,136.0,Search,12.96,1699974.0,2480.0,2177.0,2419.0,8932.733666666667,key_moments,2025-08-08 02:21:15.130797,WS-DIGITAL-NEWS
YT0013330,- The Internet is a WILD Place: AITA Reactions!,source_67,source_67,True,Company_B,content_editor_01,Digital_News,Hindi,discussion_show,shorts,Youtube,,True,2025-08-09 00:00:00.000000,48.17,28.433333333333334,63.11,149.0,Browse,17.6,1651509.0,60180.0,1140.0,1253.0,9603.219,full_package,2025-08-09 00:45:51.886409,WS-DIGITAL-NEWS
YT0010434,"- Judging the JUDGEMENTAL: ""Am I the Jerk?"" Edition",source_67,source_67,True,Company_B,content_editor_01,Digital_News,Hindi,interview,shorts,Youtube,,True,2025-08-09 00:00:00.000000,51.53,13.616666666666667,16.74,208.0,Channel Page,8.75,1732654.0,24933.0,2081.0,1884.0,2943.9075000000003,chapters,2025-08-09 01:06:43.955029,WS-DIGITAL-NEWS
YT0002382,- TikTok's Grossest Food Combos: I Actually Tried Them! 🤮,source_68,source_68,True,Company_B,content_editor_01,Digital_News,Hindi,interview,shorts,Youtube,,True,2025-08-09 00:00:00.000000,27.86,12.033333333333331,35.25,576.0,External,4.03,1458767.0,65521.0,806.0,920.0,1836.9658333333327,full_package,2025-08-09 07:20:34.508711,WS-DIGITAL-NEWS
YT0003463,- Reacting to TikTok Food Crimes: My Taste Buds Are Screaming!,source_68,source_68,True,Company_B,content_editor_01,Digital_News,Hindi,press_conference,shorts,Youtube,,True,2025-08-09 00:00:00.000000,74.07,53.333333333333336,77.59,168.0,Browse,27.42,1972702.0,92483.0,269.0,1511.0,25115.419,summary,2025-08-09 11:39:06.305501,WS-DIGITAL-NEWS
YT0010831,- I Tried Viral TikTok Food... And Instantly Regretted It,source_68,source_68,True,Company_B,content_editor_01,Digital_News,Hindi,debate,shorts,Youtube,,True,2025-08-09 00:00:00.000000,39.74,24.58333333333333,69.05,490.0,Channel Page,19.88,1323526.0,22781.0,5.0,440.0,6280.621,key_moments,2025-08-09 02:19:06.067363,WS-DIGITAL-NEWS
YT0022347,- I Can't Believe These People Exist! (AITA Reactions),source_67,source_67,True,Company_B,content_editor_01,Digital_News,Hindi,interview,shorts,Youtube,,True,2025-08-09 00:00:00.000000,58.36,8.933333333333334,3.31,143.0,Channel Page,21.38,1823020.0,46356.0,2296.0,2133.0,725.832,chapters,2025-08-09 11:07:40.385061,WS-DIGITAL-NEWS
YT0002808,- Peanut Butter & Pickles?! Reacting to Insane TikTok Food Trends,source_68,source_68,True,Company_B,content_editor_01,Digital_News,Hindi,debate,shorts,Youtube,,True,2025-08-10 00:00:00.000000,38.54,19.35,50.34,185.0,Channel Page,7.3,1701782.0,87464.0,7754.0,2039.0,5601.699,key_moments,2025-08-10 07:14:22.570549,WS-DIGITAL-NEWS
YT0009620,- TikTok Made Me Do It: Testing the WORST Food Combinations,source_68,source_68,True,Company_B,content_editor_01,Digital_News,Hindi,debate,shorts,Youtube,,True,2025-08-10 00:00:00.000000,37.03,19.7,55.38,283.0,External,10.18,1209509.0,63419.0,5141.0,753.0,4098.891666666666,chapters,2025-08-10 03:26:14.576700,WS-DIGITAL-NEWS
YT0025842,- Ketchup & Ice Cream?! I Reacted to TikTok's Most Disgusting Food,source_68,source_68,True,Company_B,content_editor_01,Digital_News,Hindi,interview,shorts,Youtube,,True,2025-08-10 00:00:00.000000,54.83,32.03333333333333,61.6,307.0,Notifications,5.79,1524044.0,16970.0,1744.0,789.0,10386.077666666668,key_moments,2025-08-10 03:14:51.606364,WS-DIGITAL-NEWS
YT0010418,- Viral TikTok Food Combos That Will Make You Gag!,source_68,source_68,True,Company_B,content_editor_01,Digital_News,Hindi,speech,shorts,Youtube,,True,2025-08-11 00:00:00.000000,39.09,20.266666666666666,53.0,239.0,Notifications,20.15,1234885.0,90663.0,3448.0,806.0,4379.268166666667,summary,2025-08-11 04:37:21.912917,WS-DIGITAL-NEWS
YT0000614,- World's WILDEST Magic Tricks (I'm Officially Confused!),source_69,source_69,True,Company_B,content_editor_01,Digital_News,Hindi,interview,shorts,Youtube,,True,2025-08-11 00:00:00.000000,74.6,42.55,58.81,630.0,Shorts Feed,9.85,1368626.0,14760.0,577.0,1176.0,13325.094833333333,chapters,2025-08-11 08:04:15.066210,WS-DIGITAL-NEWS
YT0008850,- I Tried to Recreate IMPOSSIBLE Magic Tricks! (Spoiler: Fail),source_69,source_69,True,Company_B,content_editor_01,Digital_News,Hindi,debate,shorts,Youtube,,True,2025-08-12 00:00:00.000000,41.49,15.183333333333334,29.0,337.0,Suggested,0.55,1337517.0,82889.0,3082.0,794.0,2854.608,full_package,2025-08-12 05:29:47.765824,WS-DIGITAL-NEWS
YT0023053,- Disappearing Cars & Levitating Men?! Magic Reaction!,source_69,source_69,True,Company_B,content_editor_01,Digital_News,Hindi,interview,shorts,Youtube,,True,2025-08-12 00:00:00.000000,26.02,12.766666666666666,47.79,115.0,Suggested,19.78,1253150.0,11886.0,6745.0,1504.0,1833.312,chapters,2025-08-12 02:19:39.444011,WS-DIGITAL-NEWS
YT0017397,- The Magic Trick That Actually Made Me ANGRY!,source_69,source_69,True,Company_B,content_editor_01,Digital_News,Hindi,debate,shorts,Youtube,,True,2025-08-12 00:00:00.000000,71.22999999999999,24.016666666666666,29.37,62.0,Suggested,16.71,1514151.0,93531.0,1947.0,466.0,6946.868666666666,key_moments,2025-08-12 03:28:46.702539,WS-DIGITAL-NEWS
YT0012498,- Rating the CRAZIEST Magic Tricks on the Internet!,source_69,source_69,True,Company_B,content_editor_01,Digital_News,Hindi,press_conference,shorts,Youtube,,True,2025-08-12 00:00:00.000000,37.32,10.916666666666666,15.31,403.0,Playlist,18.3,1703293.0,34053.0,2908.0,1281.0,1616.5511666666669,chapters,2025-08-12 19:31:02.552137,WS-DIGITAL-NEWS
YT0020520,- Minecraft Builds That BROKE My Brain! 🤯,source_70,source_70,True,Company_B,content_editor_01,Digital_News,Hindi,interview,shorts,Youtube,,True,2025-08-13 00:00:00.000000,27.66,16.333333333333336,69.77,591.0,Playlist,17.85,1768491.0,17720.0,3057.0,516.0,4339.353,full_package,2025-08-13 04:53:25.286820,WS-DIGITAL-NEWS
YT0000560,- I Can't Believe These Minecraft Builds Are REAL!,source_70,source_70,True,Company_B,content_editor_01,Digital_News,Hindi,debate,shorts,Youtube,,True,2025-08-13 00:00:00.000000,51.19,31.48333333333333,66.27,107.0,Channel Page,26.18,1777407.0,32357.0,7446.0,947.0,11841.151333333331,my_key_moments,2025-08-13 08:01:06.696145,WS-DIGITAL-NEWS
YT0011898,- Reacting to the WILDEST Minecraft Creations EVER!,source_70,source_70,True,Company_B,content_editor_01,Digital_News,Hindi,debate,shorts,Youtube,,True,2025-08-13 00:00:00.000000,48.47,8.65,3.44,431.0,External,16.42,1959430.0,37804.0,6712.0,1803.0,625.929,full_package,2025-08-13 06:09:38.784890,WS-DIGITAL-NEWS
YT0023616,- Minecraft Master Builders?! These Builds Are INSANE!,source_70,source_70,True,Company_B,content_editor_01,Digital_News,Hindi,debate,shorts,Youtube,,True,2025-08-13 00:00:00.000000,67.08,43.78333333333333,69.67,312.0,Notifications,4.58,1992466.0,45609.0,6291.0,300.0,20081.4745,full_package,2025-08-13 04:58:39.946137,WS-DIGITAL-NEWS
YT0026341,- I'm SPEECHLESS After Seeing These Minecraft Builds!,source_70,source_70,True,Company_B,content_editor_01,Digital_News,Hindi,speech,shorts,Youtube,,True,2025-08-13 00:00:00.000000,38.870000000000005,25.366666666666667,74.85,352.0,Search,21.23,1345095.0,83080.0,3020.0,1999.0,6675.656666666667,key_moments,2025-08-13 04:21:48.270021,WS-DIGITAL-NEWS
YT0015391,- The Most IMPOSSIBLE Minecraft Builds... REACTION!,source_70,source_70,True,Company_B,content_editor_01,Digital_News,Hindi,discussion_show,shorts,Youtube,,True,2025-08-14 00:00:00.000000,46.74,36.73333333333333,92.1,471.0,Suggested,2.28,1402815.0,86503.0,2191.0,1533.0,11391.377333333334,chapters,2025-08-14 08:12:02.146392,WS-DIGITAL-NEWS
YT0014973,- Jaw-Dropping Minecraft Builds You Won't Believe!,source_70,source_70,True,Company_B,content_editor_01,Digital_News,Hindi,interview,shorts,Youtube,,True,2025-08-14 00:00:00.000000,42.64,9.6,7.6,410.0,Channel Page,8.49,1969399.0,1677.0,4041.0,2738.0,1148.816,key_moments,2025-08-14 07:06:28.473465,WS-DIGITAL-NEWS
YT0006624,- I Can't Stop Laughing at These Viral TikToks! 😂,source_71,source_71,True,Company_B,content_editor_01,Digital_News,Hindi,interview,shorts,Youtube,,True,2025-08-14 00:00:00.000000,47.51,39.71666666666667,99.1,521.0,Shorts Feed,21.37,1586007.0,71278.0,7327.0,1231.0,14193.294166666668,chapters,2025-08-14 04:56:24.779176,WS-DIGITAL-NEWS
YT0012278,- Reacting to TikToks That Broke the Internet!,source_71,source_71,True,Company_B,content_editor_01,Digital_News,Hindi,discussion_show,shorts,Youtube,,True,2025-08-16 00:00:00.000000,36.34,18.683333333333334,52.41,142.0,Browse,24.61,1636774.0,14450.0,6039.0,423.0,5084.608166666667,key_moments,2025-08-16 02:17:46.557726,WS-DIGITAL-NEWS
YT0010990,- Funniest TikToks of the Week! (Reaction),source_71,source_71,True,Company_B,content_editor_01,Digital_News,Hindi,debate,shorts,Youtube,,True,2025-08-16 00:00:00.000000,41.9,28.133333333333333,76.7,391.0,External,0.88,1839050.0,38251.0,6932.0,1182.0,10540.481,key_moments,2025-08-16 05:26:42.855630,WS-DIGITAL-NEWS
YT0009176,"- TikToks So Viral, They're Actually Insane!",source_71,source_71,True,Company_B,content_editor_01,Digital_News,Hindi,speech,shorts,Youtube,,True,2025-08-16 00:00:00.000000,66.25999999999999,49.516666666666666,81.97,448.0,Browse,10.45,1885626.0,33195.0,4131.0,2068.0,22007.69983333333,full_package,2025-08-16 03:47:28.393978,WS-DIGITAL-NEWS
YT0009975,- We Reacted to the WILDEST TikToks!,source_71,source_71,True,Company_B,content_editor_01,Digital_News,Hindi,debate,shorts,Youtube,,True,2025-08-16 00:00:00.000000,56.16,20.0,30.37,429.0,Shorts Feed,23.48,1426476.0,79924.0,7731.0,1419.0,4953.041666666667,key_moments,2025-08-16 03:07:32.873041,WS-DIGITAL-NEWS
YT0024276,- These TikToks Will Make You Question Reality!,source_71,source_71,True,Company_B,content_editor_01,Digital_News,Hindi,discussion_show,shorts,Youtube,,True,2025-08-17 00:00:00.000000,46.67,27.9,64.41,239.0,Playlist,25.41,1202512.0,1552.0,5175.0,2120.0,6814.234666666667,chapters,2025-08-18 10:06:02.179845,WS-DIGITAL-NEWS
YT0007520,- I Lost It Watching These Viral TikToks!,source_71,source_71,True,Company_B,content_editor_01,Digital_News,Hindi,interview,shorts,Youtube,,True,2025-08-17 00:00:00.000000,73.22999999999999,52.61666666666667,77.48,387.0,Shorts Feed,8.1,1150051.0,32283.0,907.0,2835.0,14412.907666666666,chapters,2025-08-17 01:10:03.792779,WS-DIGITAL-NEWS
YT0006088,- The Internet's Funniest TikToks - We React!,source_71,source_71,True,Company_B,content_editor_01,Digital_News,Hindi,interview,shorts,Youtube,,True,2025-08-17 00:00:00.000000,29.43,18.583333333333336,76.81,485.0,External,7.37,1638228.0,16990.0,6967.0,2504.0,5043.618666666666,key_moments,2025-08-17 08:36:41.590010,WS-DIGITAL-NEWS
YT0004028,- Reacting to TikToks That Broke the Internet!,source_72,source_72,True,Company_B,content_editor_01,Digital_News,Hindi,speech,shorts,Youtube,,True,2025-08-17 00:00:00.000000,33.480000000000004,23.85,88.47,353.0,Shorts Feed,0.64,1618568.0,34961.0,2281.0,1414.0,7350.996333333333,full_package,2025-08-17 02:00:21.707719,WS-DIGITAL-NEWS
YT0018290,- I Can't Believe These TikToks Actually Exist!,source_72,source_72,True,Company_B,content_editor_01,Digital_News,Hindi,debate,shorts,Youtube,,True,2025-08-17 00:00:00.000000,40.15,20.083333333333336,50.03,446.0,Shorts Feed,29.18,1865692.0,14410.0,6071.0,1675.0,6521.2845,key_moments,2025-08-17 04:26:33.535319,WS-DIGITAL-NEWS
YT0004615,- The Funniest TikToks I've Ever Seen!,source_72,source_72,True,Company_B,content_editor_01,Digital_News,Hindi,discussion_show,shorts,Youtube,,True,2025-08-17 00:00:00.000000,57.44,18.116666666666667,25.02,674.0,Notifications,15.06,1630210.0,34461.0,2836.0,2302.0,4807.61,my_key_moments,2025-08-18 07:13:23.853632,WS-DIGITAL-NEWS
YT0006251,- Savage TikTok Reactions You NEED to See!,source_72,source_72,True,Company_B,content_editor_01,Digital_News,Hindi,discussion_show,shorts,Youtube,,True,2025-08-18 00:00:00.000000,25.24,11.133333333333333,35.48,327.0,Notifications,9.05,1454274.0,38199.0,4836.0,357.0,1467.7395,full_package,2025-08-18 01:51:08.086990,WS-DIGITAL-NEWS
YT0020766,- Viral TikToks of the Week?! My HONEST Reactions!,source_73,source_73,True,Company_B,content_editor_01,Digital_News,Hindi,discussion_show,shorts,Youtube,,True,2025-08-19 00:00:00.000000,19.0,8.45,23.75,555.0,Notifications,15.75,1572038.0,26519.0,3190.0,2043.0,414.8433333333333,key_moments,2025-08-19 02:14:29.811168,WS-DIGITAL-NEWS
YT0014047,- Reacting to TikToks That BROKE the Internet!,source_73,source_73,True,Company_B,content_editor_01,Digital_News,Hindi,debate,shorts,Youtube,,True,2025-08-19 00:00:00.000000,62.36,13.75,13.2,85.0,Playlist,26.83,1485161.0,94468.0,2210.0,2165.0,2578.4045,key_moments,2025-08-19 03:56:39.648586,WS-DIGITAL-NEWS
YT0013570,- I React to the WILDEST TikToks (You Won't Believe These!),source_73,source_73,True,Company_B,content_editor_01,Digital_News,Hindi,debate,shorts,Youtube,,True,2025-08-19 00:00:00.000000,19.92,9.466666666666669,39.97,126.0,Channel Page,3.39,1967313.0,20572.0,6415.0,1264.0,1074.7358333333334,key_moments,2025-08-19 02:01:51.545254,WS-DIGITAL-NEWS
YT0008430,- TikToks Gone VIRAL! Are They Worth the Hype?,source_73,source_73,True,Company_B,content_editor_01,Digital_News,Hindi,debate,shorts,Youtube,,True,2025-08-20 00:00:00.000000,34.22,23.58333333333333,83.68,545.0,Shorts Feed,3.61,1688204.0,35462.0,2835.0,2176.0,7542.207666666667,key_moments,2025-08-20 08:06:48.895034,WS-DIGITAL-NEWS
YT0012702,- The Funniest TikToks EVER? Reacting to Your Faves!,source_73,source_73,True,Company_B,content_editor_01,Digital_News,Hindi,debate,shorts,Youtube,,True,2025-08-20 00:00:00.000000,34.32,11.516666666666666,20.79,197.0,Search,21.77,1082381.0,49517.0,1669.0,2004.0,1207.6565,key_moments,2025-08-20 02:36:29.618441,WS-DIGITAL-NEWS
YT0012984,- Controversial TikToks?! I'm Spilling the Tea!,source_73,source_73,True,Company_B,content_editor_01,Digital_News,Hindi,discussion_show,shorts,Youtube,,True,2025-08-20 00:00:00.000000,26.8,18.73333333333333,95.2,622.0,Playlist,27.27,1926172.0,8426.0,4798.0,458.0,6010.37,summary,2025-08-20 06:44:59.017531,WS-DIGITAL-NEWS
YT0015545,- I Reacted to the Cringiest Things on the Internet (Send Help),source_74,source_74,True,Company_B,content_editor_01,Digital_News,Hindi,interview,shorts,Youtube,,True,2025-08-21 00:00:00.000000,32.82,15.7,46.02,453.0,Notifications,2.31,1246537.0,2250.0,4145.0,237.0,2839.334333333333,key_moments,2025-08-21 01:22:52.272113,WS-DIGITAL-NEWS
YT0011654,- Reacting to Viral Fails: Prepare to Face Palm!,source_74,source_74,True,Company_B,content_editor_01,Digital_News,Hindi,interview,shorts,Youtube,,True,2025-08-21 00:00:00.000000,30.64,14.516666666666666,44.86,81.0,Browse,29.56,1513188.0,34360.0,2871.0,1396.0,2949.3155,full_package,2025-08-21 00:56:33.164629,WS-DIGITAL-NEWS
YT0012918,- I Tried Viral TikToks...Here's What Happened!,source_73,source_73,True,Company_B,content_editor_01,Digital_News,Hindi,discussion_show,shorts,Youtube,,True,2025-08-21 00:00:00.000000,46.08,15.566666666666666,25.95,443.0,Playlist,6.99,1923122.0,53308.0,5513.0,1473.0,4309.217833333333,key_moments,2025-08-21 03:19:49.607386,WS-DIGITAL-NEWS
YT0008841,- I Lost Brain Cells Watching These Viral Fails,source_74,source_74,True,Company_B,content_editor_01,Digital_News,Hindi,discussion_show,shorts,Youtube,,True,2025-08-22 00:00:00.000000,42.94,29.8,79.81,48.0,Browse,2.57,1134632.0,44189.0,7500.0,516.0,7028.414833333333,summary,2025-08-22 01:08:25.887569,WS-DIGITAL-NEWS
YT0018106,- Reacting to Your Cringe Compilations!,source_74,source_74,True,Company_B,content_editor_01,Digital_News,Hindi,debate,shorts,Youtube,,True,2025-08-22 00:00:00.000000,52.55,10.65,8.39,375.0,Playlist,8.16,1881159.0,14554.0,1053.0,2336.0,1646.0141666666668,key_moments,2025-08-22 13:28:33.559529,WS-DIGITAL-NEWS
YT0008987,- Magic Tricks That BROKE My Brain! 🤯,source_75,source_75,True,Company_B,content_editor_01,Digital_News,Hindi,discussion_show,shorts,Youtube,,True,2025-08-22 00:00:00.000000,66.72,56.93333333333333,95.58,422.0,Playlist,2.96,1410254.0,45794.0,3399.0,2540.0,19364.876666666667,chapters,2025-08-22 01:10:35.008835,WS-DIGITAL-NEWS
YT0014384,- I Can't Explain These Magic Tricks! (IMPOSSIBLE),source_75,source_75,True,Company_B,content_editor_01,Digital_News,Hindi,debate,shorts,Youtube,,True,2025-08-23 00:00:00.000000,73.83,20.766666666666666,22.55,48.0,Shorts Feed,2.98,1924874.0,74403.0,6526.0,1764.0,7093.517166666667,full_package,2025-08-23 01:44:38.172007,WS-DIGITAL-NEWS
YT0028162,- Reacting to Magic So Good It's Scary! 👻,source_75,source_75,True,Company_B,content_editor_01,Digital_News,Hindi,debate,shorts,Youtube,,True,2025-08-23 00:00:00.000000,33.56,18.03333333333333,56.75,623.0,Channel Page,18.65,1757570.0,27633.0,3382.0,338.0,5142.519666666666,key_moments,2025-08-23 05:34:07.894083,WS-DIGITAL-NEWS
YT0009723,- The Internet's Most Insane Magic - I'm SHOOK!,source_75,source_75,True,Company_B,content_editor_01,Digital_News,Hindi,discussion_show,shorts,Youtube,,True,2025-08-24 00:00:00.000000,22.47,9.116666666666667,21.64,664.0,Channel Page,12.13,1759581.0,12266.0,5213.0,2489.0,790.1821666666667,full_package,2025-08-24 02:30:08.215971,WS-DIGITAL-NEWS
YT0027572,- Reacting to TikToks I Prayed I'd NEVER See 😂,source_76,source_76,True,Company_B,content_editor_01,Digital_News,Hindi,discussion_show,shorts,Youtube,,True,2025-08-25 00:00:00.000000,46.39,12.483333333333334,15.88,368.0,Shorts Feed,13.42,1354699.0,87158.0,4385.0,641.0,1875.2546666666667,key_moments,2025-08-25 01:11:13.861840,WS-DIGITAL-NEWS
YT0023008,- Viral TikToks of the Week?! I'm Officially Doomed.,source_76,source_76,True,Company_B,content_editor_01,Digital_News,Hindi,debate,shorts,Youtube,,True,2025-08-25 00:00:00.000000,63.31,45.43333333333333,78.52,227.0,Suggested,9.66,1205653.0,16333.0,7890.0,2385.0,12704.010333333334,full_package,2025-08-25 20:27:20.823173,WS-DIGITAL-NEWS
YT0003859,- I Tried to Debunk Magic... I Failed.,source_75,source_75,True,Company_B,content_editor_01,Digital_News,Hindi,discussion_show,shorts,Youtube,,True,2025-08-25 00:00:00.000000,35.0,14.716666666666669,36.08,492.0,Playlist,11.64,1946039.0,75844.0,7885.0,1500.0,3901.0875,chapters,2025-08-25 01:47:41.885602,WS-DIGITAL-NEWS
YT0029119,- Mind-Bending Magic That Will Make You Question EVERYTHING.,source_75,source_75,True,Company_B,content_editor_01,Digital_News,Hindi,discussion_show,shorts,Youtube,,True,2025-08-25 00:00:00.000000,66.47999999999999,44.6,72.07,137.0,Search,9.1,1845181.0,45349.0,6938.0,1554.0,19015.61533333333,chapters,2025-08-25 03:25:07.661573,WS-DIGITAL-NEWS
YT0026082,- Prepare to Be Amazed: Reacting to UNBELIEVABLE Magic!,source_75,source_75,True,Company_B,content_editor_01,Digital_News,Hindi,interview,shorts,Youtube,,True,2025-08-25 00:00:00.000000,68.0,51.38333333333333,82.8,549.0,Playlist,5.13,1486921.0,20900.0,74.0,801.0,18125.291666666668,key_moments,2025-08-25 03:23:00.961384,WS-DIGITAL-NEWS
YT0022371,"- Cringe, Fails & Puppy Dog Eyes: Reacting to This Week's TikToks!",source_76,source_76,True,Company_B,content_editor_01,Digital_News,Hindi,interview,shorts,Youtube,,True,2025-08-26 00:00:00.000000,74.86,40.03333333333333,54.35,644.0,Playlist,6.12,1727012.0,59803.0,3785.0,218.0,15607.071333333331,key_moments,2025-08-26 07:03:38.456097,WS-DIGITAL-NEWS
YT0007505,- The TikToks That BROKE the Internet (and My Sanity),source_76,source_76,True,Company_B,content_editor_01,Digital_News,Hindi,interview,shorts,Youtube,,True,2025-08-26 00:00:00.000000,60.66,30.95,51.36,350.0,Notifications,7.91,1810931.0,67656.0,2042.0,235.0,11796.203333333331,key_moments,2025-08-26 05:47:24.917950,WS-DIGITAL-NEWS
YT0010745,- I Survived the Most Viral TikToks... Barely.,source_76,source_76,True,Company_B,content_editor_01,Digital_News,Hindi,debate,shorts,Youtube,,True,2025-08-27 00:00:00.000000,62.58,36.56666666666666,61.09,693.0,External,0.5,1614416.0,53348.0,4216.0,609.0,13034.914333333332,key_moments,2025-08-27 02:03:51.943330,WS-DIGITAL-NEWS
YT0014465,- TikToks Gone WILD: Reacting to the Craziest Trends!,source_76,source_76,True,Company_B,content_editor_01,Digital_News,Hindi,interview,shorts,Youtube,,True,2025-08-27 00:00:00.000000,51.24,12.25,13.11,349.0,Shorts Feed,13.14,1226448.0,27412.0,4830.0,1621.0,1618.23,key_moments,2025-08-27 03:04:55.797496,WS-DIGITAL-NEWS
YT0011439,- Kitchen Nightmares NIGHTMARES! 🤯 (My Honest Reactions!),source_77,source_77,True,Company_B,content_editor_01,Digital_News,Hindi,discussion_show,shorts,Youtube,,True,2025-08-28 00:00:00.000000,67.22999999999999,23.35,30.35,126.0,Notifications,3.28,1726636.0,29352.0,2865.0,698.0,7601.994666666666,my_key_moments,2025-08-28 03:20:09.407005,WS-DIGITAL-NEWS
YT0003199,- Gordon Ramsay ACTUALLY Walked Out?! 😱 Kitchen Nightmares Reacts,source_77,source_77,True,Company_B,content_editor_01,Digital_News,Hindi,discussion_show,shorts,Youtube,,True,2025-08-29 00:00:00.000000,49.94,33.8,75.27,155.0,Shorts Feed,3.58,1231189.0,68770.0,1400.0,248.0,8994.519666666667,chapters,2025-08-29 07:16:56.678839,WS-DIGITAL-NEWS
YT0008420,- Amy's Baking Company: The ULTIMATE Kitchen Nightmare?! 🔥,source_77,source_77,True,Company_B,content_editor_01,Digital_News,Hindi,interview,shorts,Youtube,,True,2025-08-29 00:00:00.000000,41.48,19.266666666666666,44.44,547.0,Suggested,24.29,1412669.0,59646.0,328.0,501.0,4617.334833333333,chapters,2025-08-29 01:34:15.172848,WS-DIGITAL-NEWS
YT0008113,- Reacting to Kitchen Nightmares' Most INSANE Meltdowns!,source_77,source_77,True,Company_B,content_editor_01,Digital_News,Hindi,discussion_show,shorts,Youtube,,True,2025-08-29 00:00:00.000000,71.14,52.35,79.89,696.0,Notifications,17.72,1174273.0,17479.0,50.0,538.0,14629.4845,key_moments,2025-08-29 20:06:04.558206,WS-DIGITAL-NEWS
YT0019066,- Dog Food?! 🤮 Reacting to the WORST Dishes on Kitchen Nightmares,source_77,source_77,True,Company_B,content_editor_01,Digital_News,Hindi,discussion_show,shorts,Youtube,,True,2025-08-29 00:00:00.000000,37.29,15.733333333333333,36.94,181.0,Shorts Feed,13.72,1682854.0,87411.0,684.0,2242.0,3848.7495,key_moments,2025-08-29 02:10:45.040091,WS-DIGITAL-NEWS
YT0006514,"- Kitchen Nightmares: Successes, Fails & Fan Theories!",source_77,source_77,True,Company_B,content_editor_01,Digital_News,Hindi,interview,shorts,Youtube,,True,2025-08-29 00:00:00.000000,42.81,21.21666666666667,49.32,529.0,Notifications,10.32,1566095.0,81255.0,389.0,1461.0,5967.111999999999,chapters,2025-08-29 03:58:19.558879,WS-DIGITAL-NEWS
YT0023430,- Reacting to TikTok Trends: HITS & MISSES! 😬,source_78,source_78,True,Company_B,content_editor_01,Digital_News,Hindi,press_conference,shorts,Youtube,,True,2025-08-30 00:00:00.000000,53.94,45.4,97.33,236.0,Channel Page,7.18,1779193.0,19425.0,5011.0,2119.0,18730.9485,key_moments,2025-08-30 01:34:52.996043,WS-DIGITAL-NEWS
YT0013477,- TikTok Trends Gone WILD! (I Can't Stop Watching),source_78,source_78,True,Company_B,content_editor_01,Digital_News,Hindi,speech,shorts,Youtube,,True,2025-08-30 00:00:00.000000,56.01,45.266666666666666,92.09,174.0,External,16.19,1498025.0,66126.0,5995.0,1278.0,15715.391833333331,summary,2025-08-30 01:24:57.249076,WS-DIGITAL-NEWS
YT0000039,- I Tried Viral TikTok Trends... And Here's What Happened,source_78,source_78,True,Company_B,content_editor_01,Digital_News,Hindi,discussion_show,shorts,Youtube,,True,2025-08-30 00:00:00.000000,46.71,31.183333333333334,74.69,210.0,Browse,18.35,1816016.0,4847.0,634.0,615.0,11947.031166666666,chapters,2025-08-30 01:59:14.099001,WS-DIGITAL-NEWS
YT0012698,- The BEST & WORST TikTok Trends of the Week!,source_78,source_78,True,Company_B,content_editor_01,Digital_News,Hindi,discussion_show,shorts,Youtube,,True,2025-08-30 00:00:00.000000,23.08,14.683333333333334,88.9,19.0,Notifications,14.82,1915780.0,83602.0,5314.0,2501.0,3822.690666666667,chapters,2025-08-30 01:50:24.730107,WS-DIGITAL-NEWS
YT0029692,- TikTok Made Me Try It! (You Won't Believe This),source_78,source_78,True,Company_B,content_editor_01,Digital_News,Hindi,interview,shorts,Youtube,,True,2025-08-31 00:00:00.000000,55.99,38.83333333333333,76.44,173.0,Notifications,16.54,1125089.0,86525.0,5813.0,211.0,9792.441333333332,my_key_moments,2025-08-31 02:52:17.960307,WS-DIGITAL-NEWS
YT0004881,- Savage TikTok Reactions: Truth About Viral Trends,source_78,source_78,True,Company_B,content_editor_01,Digital_News,Hindi,debate,shorts,Youtube,,True,2025-08-31 00:00:00.000000,59.48,35.266666666666666,62.43,255.0,Shorts Feed,10.27,1565971.0,49591.0,4874.0,361.0,12078.276333333331,key_moments,2025-08-31 01:49:40.141065,WS-DIGITAL-NEWS
YT0015188,- TikToks That Broke My Brain! (I'm Still Shook),source_80,source_80,True,Company_B,content_editor_01,Digital_News,Hindi,press_conference,shorts,Youtube,,True,2025-09-02 00:00:00.000000,48.99,27.166666666666668,57.86,220.0,External,1.1,1465894.0,99636.0,5263.0,2123.0,8008.124666666667,summary,2025-09-02 06:58:40.145747,WS-DIGITAL-NEWS
YT0006283,- Viral TikToks of the Week: My Unfiltered Reactions!,source_79,source_79,True,Company_B,content_editor_01,Digital_News,Hindi,discussion_show,shorts,Youtube,,True,2025-09-02 00:00:00.000000,45.41,24.616666666666667,56.29,625.0,Search,13.89,1733763.0,70092.0,1414.0,1394.0,8243.401,key_moments,2025-09-02 02:08:17.080417,WS-DIGITAL-NEWS
YT0017954,- I Can't Believe These TikToks Went Viral!,source_79,source_79,True,Company_B,content_editor_01,Digital_News,Hindi,debate,shorts,Youtube,,True,2025-09-02 00:00:00.000000,71.11,59.48333333333333,92.65,301.0,Playlist,1.76,1408479.0,73840.0,1583.0,2664.0,20338.176,key_moments,2025-09-02 01:57:23.997332,WS-DIGITAL-NEWS
YT0024699,"- The Funniest, Weirdest TikToks I've Ever Seen!",source_79,source_79,True,Company_B,content_editor_01,Digital_News,Hindi,debate,shorts,Youtube,,True,2025-09-02 00:00:00.000000,43.86,14.233333333333334,23.33,196.0,Browse,20.16,1545760.0,78224.0,5352.0,2511.0,2891.1436666666664,chapters,2025-09-02 02:55:15.528982,WS-DIGITAL-NEWS
YT0014916,"- TikToks So Crazy, You Won't Believe They're Real!",source_79,source_79,True,Company_B,content_editor_01,Digital_News,Hindi,press_conference,shorts,Youtube,,True,2025-09-02 00:00:00.000000,16.64,7.683333333333334,11.18,72.0,Shorts Feed,12.83,1541510.0,69032.0,7399.0,2458.0,78.50283333333333,key_moments,2025-09-02 08:51:04.715790,WS-DIGITAL-NEWS
YT0018346,- Reacting to Your Favorite TikToks! (Did I Nail It?),source_79,source_79,True,Company_B,content_editor_01,Digital_News,Hindi,debate,shorts,Youtube,,True,2025-09-02 00:00:00.000000,32.629999999999995,7.783333333333333,1.61,251.0,Notifications,23.36,1800849.0,67322.0,270.0,187.0,141.7335,full_package,2025-09-02 04:45:00.866684,WS-DIGITAL-NEWS
YT0011256,- Diving Deep into the Most Viral TikTok Trends!,source_79,source_79,True,Company_B,content_editor_01,Digital_News,Hindi,debate,shorts,Youtube,,True,2025-09-02 00:00:00.000000,67.34,51.68333333333333,84.42,375.0,Channel Page,17.96,1515281.0,5985.0,6713.0,1439.0,18597.26816666667,key_moments,2025-09-02 03:41:36.177430,WS-DIGITAL-NEWS
YT0007608,- I Can't Believe These TikToks Are Real!,source_80,source_80,True,Company_B,content_editor_01,Digital_News,Hindi,debate,shorts,Youtube,,True,2025-09-03 00:00:00.000000,72.17,57.36666666666667,87.23,84.0,Search,3.11,1491779.0,18522.0,1716.0,1952.0,20663.90166666667,key_moments,2025-09-03 01:16:15.849619,WS-DIGITAL-NEWS
YT0014908,- Reacting to TikToks That Made Me Question Everything,source_80,source_80,True,Company_B,content_editor_01,Digital_News,Hindi,debate,shorts,Youtube,,True,2025-09-03 00:00:00.000000,61.57,40.35,70.54,416.0,External,24.72,1675941.0,4078.0,7984.0,20.0,15292.961666666666,my_key_moments,2025-09-03 01:36:12.247034,WS-DIGITAL-NEWS
YT0019682,- The Internet is a Weird Place (TikTok Edition),source_80,source_80,True,Company_B,content_editor_01,Digital_News,Hindi,debate,shorts,Youtube,,True,2025-09-03 00:00:00.000000,16.3,8.516666666666666,78.21,647.0,Browse,15.63,1263533.0,19558.0,3261.0,469.0,356.831,key_moments,2025-09-03 01:26:18.421368,WS-DIGITAL-NEWS
YT0000265,"- Viral TikToks That Will Make You Say ""WTF?!""",source_80,source_80,True,Company_B,content_editor_01,Digital_News,Hindi,interview,shorts,Youtube,,True,2025-09-04 00:00:00.000000,55.3,14.866666666666667,18.28,45.0,Playlist,7.17,1963427.0,6649.0,1076.0,2687.0,4017.7533333333336,full_package,2025-09-04 11:22:44.637131,WS-DIGITAL-NEWS
YT0010811,- I Tried Not To Laugh... I Failed (Crazy TikToks!),source_80,source_80,True,Company_B,content_editor_01,Digital_News,Hindi,debate,shorts,Youtube,,True,2025-09-04 00:00:00.000000,47.09,20.866666666666667,41.65,8.0,Playlist,25.64,1573174.0,81120.0,4726.0,2953.0,5841.136833333334,key_moments,2025-09-04 06:06:54.001992,WS-DIGITAL-NEWS
YT0020895,- These TikToks Are Too Wild For The Internet,source_80,source_80,True,Company_B,content_editor_01,Digital_News,Hindi,press_conference,shorts,Youtube,,True,2025-09-06 00:00:00.000000,34.239999999999995,10.583333333333332,16.03,683.0,Channel Page,8.25,1187132.0,22121.0,4721.0,1574.0,1016.7565,chapters,2025-09-06 02:00:27.779020,WS-DIGITAL-NEWS
YT0010036,- The Best & Worst TikToks I've Ever Seen!,source_80,source_80,True,Company_B,content_editor_01,Digital_News,Hindi,press_conference,shorts,Youtube,,True,2025-09-06 00:00:00.000000,44.32,15.633333333333333,27.74,602.0,Channel Page,25.06,1829879.0,20812.0,2820.0,1756.0,4134.171,key_moments,2025-09-06 02:32:48.107555,WS-DIGITAL-NEWS
YT0025292,- Reacting to TikToks That Broke My Brain! 🤯,source_81,source_81,True,Company_B,content_editor_01,Digital_News,Hindi,discussion_show,shorts,Youtube,,True,2025-09-06 00:00:00.000000,30.46,8.283333333333333,5.07,568.0,Channel Page,20.76,1999665.0,15133.0,35.0,2439.0,435.11233333333337,chapters,2025-09-06 02:04:00.931671,WS-DIGITAL-NEWS
YT0006933,- I Can't Believe These TikToks Went Viral... 😬,source_81,source_81,True,Company_B,content_editor_01,Digital_News,Hindi,debate,shorts,Youtube,,True,2025-09-06 00:00:00.000000,33.82,11.85,23.11,377.0,External,25.26,1736942.0,56598.0,7252.0,1269.0,2098.805,chapters,2025-09-06 01:58:08.964177,WS-DIGITAL-NEWS
YT0019069,- Savage TikToks That Will Make You Cringe!,source_81,source_81,True,Company_B,content_editor_01,Digital_News,Hindi,interview,shorts,Youtube,,True,2025-09-07 00:00:00.000000,39.22,30.383333333333333,94.48,23.0,Channel Page,8.8,1486828.0,43708.0,6207.0,1611.0,9450.994666666667,key_moments,2025-09-07 05:46:50.736503,WS-DIGITAL-NEWS
YT0006215,"- TikToks So Wild, I Lost My Speech!",source_81,source_81,True,Company_B,content_editor_01,Digital_News,Hindi,debate,shorts,Youtube,,True,2025-09-08 00:00:00.000000,34.45,25.98333333333333,95.03,613.0,Channel Page,18.44,1300244.0,3394.0,4357.0,2427.0,6675.789833333333,key_moments,2025-09-08 03:10:40.952351,WS-DIGITAL-NEWS
YT0006523,- The Internet's Gone Mad! Reacting to Crazy TikToks,source_81,source_81,True,Company_B,content_editor_01,Digital_News,Hindi,discussion_show,shorts,Youtube,,True,2025-09-08 00:00:00.000000,54.94,30.466666666666665,57.5,470.0,External,3.39,1978753.0,23209.0,1680.0,2265.0,12623.711333333336,summary,2025-09-08 21:08:28.686333,WS-DIGITAL-NEWS
YT0004573,"- I Reacted to TikToks So Bad, I Need Therapy!",source_81,source_81,True,Company_B,content_editor_01,Digital_News,Hindi,speech,shorts,Youtube,,True,2025-09-08 00:00:00.000000,53.6,35.33333333333333,72.11,61.0,External,10.97,1604095.0,52625.0,526.0,95.0,12402.030833333332,key_moments,2025-09-08 10:52:34.527715,WS-DIGITAL-NEWS
YT0019746,- Viral TikToks That Are Actually Hilarious!,source_81,source_81,True,Company_B,content_editor_01,Digital_News,Hindi,speech,shorts,Youtube,,True,2025-09-08 00:00:00.000000,23.56,15.9,98.13,20.0,Shorts Feed,10.4,1647965.0,49655.0,4820.0,1807.0,3845.2516666666666,key_moments,2025-09-08 11:24:10.888457,WS-DIGITAL-NEWS
YT0017159,- TikToks That Will Make You Question Everything!,source_81,source_81,True,Company_B,content_editor_01,Digital_News,Hindi,interview,shorts,Youtube,,True,2025-09-08 00:00:00.000000,19.42,7.8,6.79,631.0,External,27.87,1378517.0,22853.0,1878.0,457.0,114.87633333333332,chapters,2025-09-08 06:50:38.586884,WS-DIGITAL-NEWS
YT0002958,"- TikToks So Wild, They Broke My Brain! 🤯",source_82,source_82,True,Company_B,content_editor_01,Digital_News,Hindi,debate,shorts,Youtube,,True,2025-09-09 00:00:00.000000,28.23,15.716666666666669,62.11,140.0,Suggested,10.99,1565300.0,71416.0,4784.0,292.0,3572.652333333333,chapters,2025-09-09 02:51:08.705304,WS-DIGITAL-NEWS
YT0021382,- I Can't Believe These TikToks Exist! 🤣,source_82,source_82,True,Company_B,content_editor_01,Digital_News,Hindi,interview,shorts,Youtube,,True,2025-09-09 00:00:00.000000,24.79,12.466666666666669,50.73,426.0,Playlist,10.48,1514137.0,34440.0,7784.0,2201.0,2088.9483333333333,summary,2025-09-09 06:27:10.380218,WS-DIGITAL-NEWS
YT0016691,- The Internet's Gone Wild! Reacting to Craziest TikToks,source_82,source_82,True,Company_B,content_editor_01,Digital_News,Hindi,interview,shorts,Youtube,,True,2025-09-09 00:00:00.000000,65.94,15.016666666666666,14.76,597.0,Playlist,28.47,1179563.0,16604.0,2088.0,220.0,2462.8838333333333,chapters,2025-09-09 03:01:33.453919,WS-DIGITAL-NEWS
YT0022567,- Prepare to Cringe: Reacting to Awkward TikToks!😬,source_82,source_82,True,Company_B,content_editor_01,Digital_News,Hindi,discussion_show,shorts,Youtube,,True,2025-09-10 00:00:00.000000,55.3,38.91666666666667,77.96,169.0,Browse,1.15,1213189.0,82585.0,7597.0,2186.0,10587.320666666668,key_moments,2025-09-10 14:44:21.363578,WS-DIGITAL-NEWS
YT0023038,- TikTok Fails Compilation: You Won't Stop Laughing! 😂,source_82,source_82,True,Company_B,content_editor_01,Digital_News,Hindi,interview,shorts,Youtube,,True,2025-09-10 00:00:00.000000,41.38,31.45,90.79,330.0,Suggested,11.19,1302552.0,5369.0,3607.0,812.0,8665.589,key_moments,2025-09-10 05:31:38.646474,WS-DIGITAL-NEWS
YT0016223,- Viral TikToks: Genius or Just Plain Crazy? 🤔,source_82,source_82,True,Company_B,content_editor_01,Digital_News,Hindi,debate,shorts,Youtube,,True,2025-09-10 00:00:00.000000,66.36,9.983333333333334,4.84,552.0,Suggested,4.63,1142298.0,78445.0,4822.0,1385.0,787.974,full_package,2025-09-10 04:56:02.979595,WS-DIGITAL-NEWS
YT0020148,- From Hilarious to Heartwarming: Reacting to TikTok's Best! ❤️,source_82,source_82,True,Company_B,content_editor_01,Digital_News,Hindi,debate,shorts,Youtube,,True,2025-09-10 00:00:00.000000,29.67,19.133333333333333,79.3,32.0,Shorts Feed,20.81,1857423.0,34254.0,3059.0,89.0,6002.228,chapters,2025-09-10 04:25:40.871355,WS-DIGITAL-NEWS
YT0021955,- Reacting to TikToks That Broke the Internet! 😂,source_83,source_83,True,Company_B,content_editor_01,Digital_News,Hindi,discussion_show,shorts,Youtube,,True,2025-09-11 00:00:00.000000,47.44,21.0,41.62,568.0,Playlist,3.66,1345260.0,49072.0,910.0,2127.0,5044.725,chapters,2025-09-11 16:05:41.932686,WS-DIGITAL-NEWS
YT0019049,- I Can't Believe These TikToks Went Viral!,source_83,source_83,True,Company_B,content_editor_01,Digital_News,Hindi,debate,shorts,Youtube,,True,2025-09-11 00:00:00.000000,58.06,40.75,77.22,29.0,Notifications,0.22,1779607.0,74959.0,5847.0,737.0,16436.648,key_moments,2025-09-11 01:16:13.267505,WS-DIGITAL-NEWS
YT0005083,"- TikToks So Wild, I Had to React! 🤣",source_83,source_83,True,Company_B,content_editor_01,Digital_News,Hindi,debate,shorts,Youtube,,True,2025-09-11 00:00:00.000000,22.54,14.35,90.85,605.0,Shorts Feed,14.86,1617161.0,51995.0,2041.0,1011.0,3077.098,key_moments,2025-09-11 17:24:28.471151,WS-DIGITAL-NEWS
YT0001137,- The Funniest TikToks of the Week! (You Won't Believe #3),source_83,source_83,True,Company_B,content_editor_01,Digital_News,Hindi,press_conference,shorts,Youtube,,True,2025-09-11 00:00:00.000000,19.57,11.95,97.37,25.0,Playlist,8.56,1543264.0,59576.0,3928.0,2500.0,1907.6458333333333,summary,2025-09-11 03:26:47.550029,WS-DIGITAL-NEWS
YT0007958,- TikTok Trends: Reacting to the Best & WORST!,source_83,source_83,True,Company_B,content_editor_01,Digital_News,Hindi,speech,shorts,Youtube,,True,2025-09-12 00:00:00.000000,16.71,8.683333333333334,69.2,482.0,Browse,18.02,1302319.0,99386.0,6407.0,2451.0,428.077,chapters,2025-09-12 01:17:55.373375,WS-DIGITAL-NEWS
YT0011190,"- Viral TikToks That Will Make You Laugh, Cry, and Cringe!",source_83,source_83,True,Company_B,content_editor_01,Digital_News,Hindi,discussion_show,shorts,Youtube,,True,2025-09-12 00:00:00.000000,25.34,7.75,2.42,328.0,Shorts Feed,21.88,1758841.0,96792.0,5773.0,274.0,122.14166666666668,key_moments,2025-09-12 02:11:28.929292,WS-DIGITAL-NEWS
YT0000936,- Magic Tricks That BROKE My Brain! 🤯,source_84,source_84,True,Company_B,content_editor_01,Digital_News,Hindi,press_conference,shorts,Youtube,,True,2025-09-12 00:00:00.000000,52.24,23.416666666666664,42.74,141.0,Notifications,15.62,1352842.0,95918.0,7220.0,1621.0,5981.315333333333,summary,2025-09-12 01:04:04.264881,WS-DIGITAL-NEWS
YT0006578,- I Can't Explain These Magic Tricks! (Actually Impossible),source_84,source_84,True,Company_B,content_editor_01,Digital_News,Hindi,speech,shorts,Youtube,,True,2025-09-13 00:00:00.000000,38.02,25.65,78.84,11.0,Channel Page,7.26,1494562.0,50110.0,4467.0,1045.0,7535.083333333333,chapters,2025-09-13 06:44:52.158506,WS-DIGITAL-NEWS
YT0004821,"- Reacting to Magic So Good, It's Scary!",source_84,source_84,True,Company_B,content_editor_01,Digital_News,Hindi,debate,shorts,Youtube,,True,2025-09-15 00:00:00.000000,38.620000000000005,17.816666666666666,43.68,528.0,Playlist,27.35,1500358.0,65234.0,3175.0,361.0,4299.637,my_key_moments,2025-09-15 01:44:35.127768,WS-DIGITAL-NEWS
YT0011197,- Magicians Are NOT Human! (Proof Inside),source_84,source_84,True,Company_B,content_editor_01,Digital_News,Hindi,discussion_show,shorts,Youtube,,True,2025-09-15 00:00:00.000000,68.99000000000001,52.05,82.52,455.0,External,26.39,1540403.0,89810.0,1210.0,1638.0,19062.487166666662,key_moments,2025-09-15 04:34:40.244154,WS-DIGITAL-NEWS
YT0010776,- I Tried to Debunk Magic... I Failed.,source_84,source_84,True,Company_B,content_editor_01,Digital_News,Hindi,discussion_show,shorts,Youtube,,True,2025-09-16 00:00:00.000000,21.9,8.933333333333334,20.77,665.0,External,8.32,1472849.0,49598.0,6964.0,2164.0,586.4121666666667,my_key_moments,2025-09-16 09:54:40.411143,WS-DIGITAL-NEWS
YT0019533,"- Reddit's WILDEST ""Am I the Jerk?"" Stories! 🤯",source_85,source_85,True,Company_B,content_editor_01,Digital_News,Hindi,debate,shorts,Youtube,,True,2025-09-17 00:00:00.000000,71.45,18.7,19.84,110.0,Suggested,7.19,1538261.0,6910.0,2289.0,728.0,4785.700833333333,full_package,2025-09-17 02:20:11.624883,WS-DIGITAL-NEWS
YT0022353,- Judging Your CRAZY Reddit Stories! ⚖️,source_85,source_85,True,Company_B,content_editor_01,Digital_News,Hindi,interview,shorts,Youtube,,True,2025-09-17 00:00:00.000000,46.96,30.3,71.34,295.0,Shorts Feed,8.61,1291999.0,16181.0,2031.0,869.0,8182.660333333333,full_package,2025-09-17 03:13:40.203360,WS-DIGITAL-NEWS
YT0017018,"- ""Am I the Jerk?"" Stories That Will SHOCK You! 😲",source_85,source_85,True,Company_B,content_editor_01,Digital_News,Hindi,discussion_show,shorts,Youtube,,True,2025-09-17 00:00:00.000000,44.04,10.283333333333331,9.58,25.0,Playlist,1.56,1387361.0,41876.0,597.0,1948.0,1072.6356666666666,key_moments,2025-09-17 01:24:36.057708,WS-DIGITAL-NEWS
YT0027361,- The Most Insane Magic EVER Caught on Camera!,source_84,source_84,True,Company_B,content_editor_01,Digital_News,Hindi,discussion_show,shorts,Youtube,,True,2025-09-17 00:00:00.000000,41.4,22.65,57.39,26.0,External,12.09,1962019.0,72835.0,2201.0,323.0,8256.83,chapters,2025-09-17 02:55:54.396674,WS-DIGITAL-NEWS
YT0009960,- Mind Reading?! Reacting to UNBELIEVABLE Magic!,source_84,source_84,True,Company_B,content_editor_01,Digital_News,Hindi,debate,shorts,Youtube,,True,2025-09-17 00:00:00.000000,70.56,16.28333333333333,15.81,51.0,Browse,8.91,1119899.0,49438.0,5463.0,156.0,2732.3461666666667,full_package,2025-09-18 07:21:33.749537,WS-DIGITAL-NEWS
YT0019087,- Prepare to Be Amazed: Reacting to Next-Level Magic!,source_84,source_84,True,Company_B,content_editor_01,Digital_News,Hindi,debate,shorts,Youtube,,True,2025-09-17 00:00:00.000000,65.36,38.016666666666666,60.6,677.0,Shorts Feed,25.67,1614926.0,1347.0,829.0,2096.0,13689.4885,key_moments,2025-09-17 07:27:11.450829,WS-DIGITAL-NEWS
YT0008078,- Reacting to the Most INSANE Reddit Drama! 🔥,source_85,source_85,True,Company_B,content_editor_01,Digital_News,Hindi,press_conference,shorts,Youtube,,True,2025-09-18 00:00:00.000000,37.0,28.416666666666668,95.08,381.0,Search,12.47,1209143.0,56651.0,4907.0,719.0,7025.344666666667,summary,2025-09-18 03:14:11.604216,WS-DIGITAL-NEWS
YT0010240,- Unbelievable Reddit Stories: Who's the REAL Jerk?! 🤔,source_85,source_85,True,Company_B,content_editor_01,Digital_News,Hindi,debate,shorts,Youtube,,True,2025-09-19 00:00:00.000000,72.91,11.066666666666666,6.16,273.0,Playlist,22.06,1676543.0,49426.0,4786.0,2129.0,1661.0195,full_package,2025-09-19 02:27:07.552337,WS-DIGITAL-NEWS
YT0019388,- Reddit Rants & Reactions: You Won't Believe This! 🤣,source_85,source_85,True,Company_B,content_editor_01,Digital_News,Hindi,debate,shorts,Youtube,,True,2025-09-19 00:00:00.000000,64.5,23.266666666666666,31.85,217.0,Search,6.43,1952835.0,90953.0,6608.0,41.0,8552.694,full_package,2025-09-19 03:51:57.144398,WS-DIGITAL-NEWS
YT0007488,- Diving Deep into Reddit's Darkest Secrets! 🤫,source_85,source_85,True,Company_B,content_editor_01,Digital_News,Hindi,debate,shorts,Youtube,,True,2025-09-19 00:00:00.000000,60.63,38.016666666666666,66.88,215.0,Browse,9.67,1206454.0,7601.0,6565.0,1567.0,10226.931833333334,key_moments,2025-09-19 04:26:18.895309,WS-DIGITAL-NEWS
YT0021250,- TikToks That Broke My Brain! (I Can't Believe These Are Real),source_86,source_86,True,Company_B,content_editor_01,Digital_News,Hindi,discussion_show,shorts,Youtube,,True,2025-09-19 00:00:00.000000,37.96,16.7,40.07,687.0,Search,27.8,1196496.0,72186.0,2179.0,1514.0,3057.712,chapters,2025-09-19 02:51:38.234171,WS-DIGITAL-NEWS
YT0016266,- Reacting to TikToks That Made Me Question Reality,source_86,source_86,True,Company_B,content_editor_01,Digital_News,Hindi,discussion_show,shorts,Youtube,,True,2025-09-20 00:00:00.000000,33.29,23.73333333333333,88.76,509.0,Suggested,11.24,1410953.0,43175.0,3834.0,856.0,6362.352833333333,key_moments,2025-09-20 06:06:45.129014,WS-DIGITAL-NEWS
YT0009047,- I Reacted to Viral TikToks...and Lost My Mind,source_86,source_86,True,Company_B,content_editor_01,Digital_News,Hindi,discussion_show,shorts,Youtube,,True,2025-09-21 00:00:00.000000,68.28,25.666666666666668,34.1,33.0,Search,27.61,1390368.0,96850.0,1102.0,1697.0,7016.208833333334,my_key_moments,2025-09-21 01:51:55.848726,WS-DIGITAL-NEWS
YT0015651,"- Unbelievable TikToks That Will Make You Say ""WTF!""",source_86,source_86,True,Company_B,content_editor_01,Digital_News,Hindi,debate,shorts,Youtube,,True,2025-09-21 00:00:00.000000,21.07,8.616666666666667,18.4,219.0,Search,9.56,1206273.0,39331.0,5583.0,2172.0,374.168,summary,2025-09-21 01:51:29.359078,WS-DIGITAL-NEWS
YT0005675,- These TikToks Are Too Wild to Be Real! (Reaction),source_86,source_86,True,Company_B,content_editor_01,Digital_News,Hindi,debate,shorts,Youtube,,True,2025-09-21 00:00:00.000000,38.69,26.03333333333333,78.23,249.0,Browse,18.45,1444768.0,73158.0,7047.0,712.0,7437.879666666667,key_moments,2025-09-21 05:22:43.397792,WS-DIGITAL-NEWS
YT0011458,- Viral TikToks That Are Actually Insane,source_86,source_86,True,Company_B,content_editor_01,Digital_News,Hindi,press_conference,shorts,Youtube,,True,2025-09-21 00:00:00.000000,24.630000000000003,16.75,96.05,505.0,Notifications,0.91,1491081.0,39440.0,1396.0,2062.0,3831.249833333333,key_moments,2025-09-21 01:34:13.726039,WS-DIGITAL-NEWS
YT0006917,- Viral Videos Gone WILD! (I Can't Believe These Are Real),source_87,source_87,True,Company_B,content_editor_01,Digital_News,Hindi,interview,shorts,Youtube,,True,2025-09-22 00:00:00.000000,31.2,19.6,74.69,656.0,Search,28.85,1445287.0,16888.0,3305.0,842.0,4857.770166666667,key_moments,2025-09-22 07:10:01.741996,WS-DIGITAL-NEWS
YT0003919,- Reacting to the Cringiest Fails on the Internet!,source_87,source_87,True,Company_B,content_editor_01,Digital_News,Hindi,interview,shorts,Youtube,,True,2025-09-22 00:00:00.000000,36.78,21.916666666666664,66.19,298.0,Playlist,21.04,1868089.0,10344.0,864.0,1549.0,7481.0045,key_moments,2025-09-22 03:57:16.423513,WS-DIGITAL-NEWS
YT0027700,- Squirrel Ninjas & Wedding Disasters: This Week's Viral Chaos!,source_87,source_87,True,Company_B,content_editor_01,Digital_News,Hindi,interview,shorts,Youtube,,True,2025-09-22 00:00:00.000000,22.57,11.066666666666666,47.12,105.0,Search,21.61,1220998.0,54533.0,6107.0,2453.0,1209.6925,summary,2025-09-22 00:55:36.428193,WS-DIGITAL-NEWS
YT0000725,- I Ranked the Internet's Dumbest Videos (You Won't Believe #1!),source_87,source_87,True,Company_B,content_editor_01,Digital_News,Hindi,interview,shorts,Youtube,,True,2025-09-22 00:00:00.000000,19.11,10.133333333333333,64.07,214.0,External,18.94,1772593.0,94338.0,431.0,1381.0,1296.619,chapters,2025-09-22 04:21:58.329368,WS-DIGITAL-NEWS
YT0005260,- Reacting to TikToks That Are 100% Bonkers,source_86,source_86,True,Company_B,content_editor_01,Digital_News,Hindi,debate,shorts,Youtube,,True,2025-09-22 00:00:00.000000,65.11,25.15,35.22,208.0,Browse,3.34,1626546.0,23746.0,1656.0,1227.0,7974.593666666667,key_moments,2025-09-22 01:02:20.094606,WS-DIGITAL-NEWS
YT0024221,- Karen Confrontations & Robot Takeover?! Viral Videos Reacted To!,source_87,source_87,True,Company_B,content_editor_01,Digital_News,Hindi,discussion_show,shorts,Youtube,,True,2025-09-23 00:00:00.000000,47.74,26.666666666666668,58.54,564.0,Playlist,8.96,1291229.0,92598.0,7782.0,101.0,6874.5988333333335,key_moments,2025-09-23 06:57:56.165525,WS-DIGITAL-NEWS
YT0009324,- Reacting to TikToks That BROKE the Internet!,source_88,source_88,True,Company_B,content_editor_01,Digital_News,Hindi,discussion_show,shorts,Youtube,,True,2025-09-23 00:00:00.000000,51.41,37.73333333333333,83.04,602.0,Notifications,19.16,1520273.0,81702.0,7694.0,747.0,12767.477833333334,key_moments,2025-09-23 03:16:41.855244,WS-DIGITAL-NEWS
YT0028845,- I Reacted to Viral TikToks... I'm Scarred.,source_88,source_88,True,Company_B,content_editor_01,Digital_News,Hindi,debate,shorts,Youtube,,True,2025-09-23 00:00:00.000000,54.34,30.78333333333333,59.18,419.0,Suggested,8.26,1567688.0,64538.0,1839.0,1558.0,10139.167333333337,chapters,2025-09-23 17:35:13.310265,WS-DIGITAL-NEWS
YT0019562,- The Funniest TikToks of the Week?! Reacting!,source_88,source_88,True,Company_B,content_editor_01,Digital_News,Hindi,press_conference,shorts,Youtube,,True,2025-09-23 00:00:00.000000,33.93,21.96666666666667,76.42,8.0,Shorts Feed,17.79,1863689.0,3540.0,3017.0,572.0,7489.268833333333,summary,2025-09-23 09:25:29.284196,WS-DIGITAL-NEWS
YT0022840,"- TikToks So Wild, I Lost Brain Cells (A Reaction)",source_88,source_88,True,Company_B,content_editor_01,Digital_News,Hindi,discussion_show,shorts,Youtube,,True,2025-09-23 00:00:00.000000,53.15,22.616666666666667,39.62,130.0,Notifications,21.25,1776606.0,80997.0,6955.0,1121.0,7460.100166666667,chapters,2025-09-23 01:42:43.681232,WS-DIGITAL-NEWS
YT0013994,- I Tried Viral TikTok Trends... HUGE FAIL!,source_88,source_88,True,Company_B,content_editor_01,Digital_News,Hindi,interview,shorts,Youtube,,True,2025-09-23 00:00:00.000000,46.72,24.616666666666667,53.96,159.0,Browse,10.24,1607153.0,97036.0,6493.0,2728.0,7641.417333333333,key_moments,2025-09-23 00:47:39.470064,WS-DIGITAL-NEWS
YT0015035,- Prepare to Cringe: Reacting to Viral Videos That Broke the Internet!,source_87,source_87,True,Company_B,content_editor_01,Digital_News,Hindi,press_conference,shorts,Youtube,,True,2025-09-23 00:00:00.000000,44.18,20.96666666666667,46.15,634.0,Search,4.74,1271741.0,43027.0,482.0,1130.0,4757.253333333333,chapters,2025-09-23 02:11:10.701553,WS-DIGITAL-NEWS
YT0003223,- Cringiest TikToks EVER! (My Honest Reaction),source_88,source_88,True,Company_B,content_editor_01,Digital_News,Hindi,discussion_show,shorts,Youtube,,True,2025-09-24 00:00:00.000000,39.2,8.833333333333334,5.51,523.0,Search,9.85,1842177.0,93712.0,7961.0,1950.0,682.2878333333333,key_moments,2025-09-24 01:30:20.680301,WS-DIGITAL-NEWS
YT0022210,- Viral TikToks of the Week?! My Brain Can't Handle It! 🤯,source_89,source_89,True,Company_B,content_editor_01,Digital_News,Hindi,press_conference,shorts,Youtube,,True,2025-09-24 00:00:00.000000,62.93,44.0,76.15,651.0,Suggested,18.97,1585625.0,68403.0,3457.0,1131.0,16076.475666666667,full_package,2025-09-24 17:14:02.440564,WS-DIGITAL-NEWS
YT0014151,- Reacting to TikToks That Broke the Internet!,source_89,source_89,True,Company_B,content_editor_01,Digital_News,Hindi,discussion_show,shorts,Youtube,,True,2025-09-24 00:00:00.000000,62.46,39.3,67.0,259.0,Notifications,26.57,1566906.0,42143.0,1637.0,2037.0,13841.003,my_key_moments,2025-09-24 03:58:01.664035,WS-DIGITAL-NEWS
YT0017546,- I Tried Viral TikTok Trends...Here's What Happened!,source_89,source_89,True,Company_B,content_editor_01,Digital_News,Hindi,press_conference,shorts,Youtube,,True,2025-09-24 00:00:00.000000,23.33,9.966666666666669,29.61,653.0,Channel Page,0.13,1810203.0,41606.0,4906.0,696.0,1240.3243333333337,summary,2025-09-24 08:26:25.430994,WS-DIGITAL-NEWS
YT0027863,- TikToks That Made Me Question Reality...,source_89,source_89,True,Company_B,content_editor_01,Digital_News,Hindi,debate,shorts,Youtube,,True,2025-09-24 00:00:00.000000,69.56,61.05,98.15,335.0,Browse,4.66,1134447.0,72777.0,343.0,553.0,16874.899166666666,my_key_moments,2025-09-24 03:11:03.905835,WS-DIGITAL-NEWS
YT0022307,- The Funniest & Cringiest TikToks of the Week!,source_89,source_89,True,Company_B,content_editor_01,Digital_News,Hindi,discussion_show,shorts,Youtube,,True,2025-09-25 00:00:00.000000,71.78,60.833333333333336,93.93,627.0,Shorts Feed,29.32,1153493.0,5828.0,3976.0,1031.0,17088.785166666665,key_moments,2025-09-25 03:27:52.100827,WS-DIGITAL-NEWS
YT0004289,- From Genius to Disaster: Reacting to Viral TikToks!,source_89,source_89,True,Company_B,content_editor_01,Digital_News,Hindi,discussion_show,shorts,Youtube,,True,2025-09-25 00:00:00.000000,29.77,20.866666666666667,90.5,668.0,Notifications,20.51,1128453.0,22763.0,5951.0,2971.0,4189.904166666666,full_package,2025-09-25 03:53:48.999619,WS-DIGITAL-NEWS
YT0028267,- Addicted to TikTok: Reacting to This Week's Top Trends,source_89,source_89,True,Company_B,content_editor_01,Digital_News,Hindi,debate,shorts,Youtube,,True,2025-09-25 00:00:00.000000,29.7,15.383333333333333,53.63,342.0,Playlist,5.32,1082439.0,26666.0,3358.0,709.0,2370.341,key_moments,2025-09-25 09:41:39.051858,WS-DIGITAL-NEWS
YT0026873,- Viral TikToks of the Week: I Can't Believe These Are Real!,source_90,source_90,True,Company_B,content_editor_01,Digital_News,Hindi,discussion_show,shorts,Youtube,,True,2025-09-26 00:00:00.000000,25.59,8.266666666666667,7.24,625.0,Suggested,13.56,1855117.0,80149.0,7952.0,2038.0,395.0711666666666,chapters,2025-09-26 05:07:57.023942,WS-DIGITAL-NEWS
YT0018402,- Reacting to TikToks That Broke the Internet!,source_90,source_90,True,Company_B,content_editor_01,Digital_News,Hindi,press_conference,shorts,Youtube,,True,2025-09-26 00:00:00.000000,24.08,10.533333333333331,33.41,458.0,Channel Page,8.71,1737827.0,82527.0,4333.0,1104.0,1464.280166666667,key_moments,2025-09-26 01:43:00.264883,WS-DIGITAL-NEWS
YT0017448,- TikToks That Made Me Question Everything,source_90,source_90,True,Company_B,content_editor_01,Digital_News,Hindi,interview,shorts,Youtube,,True,2025-09-27 00:00:00.000000,62.1,11.9,9.34,76.0,Search,7.49,1143525.0,19905.0,6715.0,2420.0,1397.6416666666669,key_moments,2025-09-27 14:38:52.898305,WS-DIGITAL-NEWS
YT0003587,- The Funniest TikToks I've Ever Seen! (I'm Crying),source_90,source_90,True,Company_B,content_editor_01,Digital_News,Hindi,debate,shorts,Youtube,,True,2025-09-27 00:00:00.000000,45.3,28.466666666666665,69.2,264.0,Notifications,0.68,1291631.0,33581.0,3438.0,2018.0,7522.554666666667,key_moments,2025-09-27 03:09:52.734269,WS-DIGITAL-NEWS
YT0028630,- Controversial TikToks: Let's Talk About It...,source_90,source_90,True,Company_B,content_editor_01,Digital_News,Hindi,debate,shorts,Youtube,,True,2025-09-27 00:00:00.000000,63.42,24.9,35.94,607.0,Playlist,22.69,1316461.0,1332.0,4740.0,2316.0,6362.894833333334,key_moments,2025-09-27 02:46:42.270403,WS-DIGITAL-NEWS
YT0010927,- I Reacted to Your Favorite TikToks!,source_90,source_90,True,Company_B,content_editor_01,Digital_News,Hindi,debate,shorts,Youtube,,True,2025-09-28 00:00:00.000000,56.69,11.283333333333331,9.07,564.0,Browse,8.03,1837819.0,40780.0,1849.0,1015.0,1931.4116666666664,full_package,2025-09-28 00:24:57.240826,WS-DIGITAL-NEWS
YT0017593,"- TikToks That Will Make You Laugh, Cry, and Cringe!",source_90,source_90,True,Company_B,content_editor_01,Digital_News,Hindi,debate,shorts,Youtube,,True,2025-09-28 00:00:00.000000,20.79,10.8,56.99,60.0,Channel Page,20.86,1953969.0,69871.0,2661.0,952.0,1791.138333333333,full_package,2025-09-28 06:38:40.788187,WS-DIGITAL-NEWS
YT0008465,- Reacting to TikTok Trends That Broke the Internet!,source_91,source_91,True,Company_B,content_editor_01,Digital_News,Hindi,speech,shorts,Youtube,,True,2025-09-28 00:00:00.000000,42.81,27.55,72.1,231.0,Notifications,23.36,1658288.0,44567.0,5995.0,1494.0,9235.742833333332,summary,2025-09-28 04:20:11.976098,WS-DIGITAL-NEWS
YT0010162,- 2024's Wildest TikTok Trends: My Honest Reactions!,source_91,source_91,True,Company_B,content_editor_01,Digital_News,Hindi,discussion_show,shorts,Youtube,,True,2025-09-28 00:00:00.000000,32.44,13.133333333333333,32.3,464.0,Channel Page,21.55,1372244.0,2344.0,7145.0,2956.0,2147.3076666666666,summary,2025-09-28 04:19:58.406036,WS-DIGITAL-NEWS
YT0006604,- I Tried Viral TikTok Trends...Here's What Happened!,source_91,source_91,True,Company_B,content_editor_01,Digital_News,Hindi,debate,shorts,Youtube,,True,2025-09-29 00:00:00.000000,26.69,16.233333333333334,74.71,311.0,Channel Page,10.44,1407650.0,89808.0,6964.0,151.0,3414.8546666666666,my_key_moments,2025-09-29 02:53:52.943768,WS-DIGITAL-NEWS
YT0019808,- TikTok Trends Gone WRONG! (You Won't Believe This),source_91,source_91,True,Company_B,content_editor_01,Digital_News,Hindi,discussion_show,shorts,Youtube,,True,2025-09-29 00:00:00.000000,40.010000000000005,30.08333333333333,90.3,678.0,Channel Page,12.99,1636518.0,42782.0,110.0,1095.0,10266.119833333332,key_moments,2025-09-29 02:31:28.900415,WS-DIGITAL-NEWS
YT0023672,- Cringe or Genius? Reacting to TikTok's Craziest Trends!,source_91,source_91,True,Company_B,content_editor_01,Digital_News,Hindi,debate,shorts,Youtube,,True,2025-09-30 00:00:00.000000,63.56,49.23333333333333,85.94,173.0,Shorts Feed,15.46,1637491.0,62341.0,2534.0,1365.0,18982.766,key_moments,2025-09-30 02:58:34.134651,WS-DIGITAL-NEWS
YT0015141,- The Funniest (and Dumbest) TikTok Trends of 2024!,source_91,source_91,True,Company_B,content_editor_01,Digital_News,Hindi,debate,shorts,Youtube,,True,2025-09-30 00:00:00.000000,32.11,16.15,50.56,230.0,Notifications,28.94,1509435.0,23028.0,6303.0,1730.0,3626.836833333333,full_package,2025-09-30 05:47:38.403310,WS-DIGITAL-NEWS
YT0011997,- TikTok Trends That Made Me Question Everything!,source_91,source_91,True,Company_B,content_editor_01,Digital_News,Hindi,interview,shorts,Youtube,,True,2025-09-30 00:00:00.000000,38.96,10.116666666666667,10.92,372.0,Shorts Feed,22.32,1985267.0,92408.0,4416.0,1105.0,1442.995,full_package,2025-09-30 06:40:11.248907,WS-DIGITAL-NEWS
YT0002679,- Viral TikToks of the Week?! You Won't Believe These!,source_92,source_92,True,Company_B,content_editor_01,Digital_News,Hindi,interview,shorts,Youtube,,True,2025-09-30 00:00:00.000000,69.68,49.38333333333333,76.6,159.0,Notifications,18.81,1299114.0,28762.0,4046.0,223.0,15114.229,key_moments,2025-09-30 03:19:29.993013,WS-DIGITAL-NEWS
YT0001910,- Reacting to TikToks That Broke the Internet!,source_92,source_92,True,Company_B,content_editor_01,Digital_News,Hindi,speech,shorts,Youtube,,True,2025-10-01 00:00:00.000000,54.17,10.85,8.55,42.0,Channel Page,12.53,1575971.0,71048.0,7651.0,684.0,1466.5285,chapters,2025-10-01 08:32:45.016055,WS-DIGITAL-NEWS
YT0007306,- I Can't Believe These TikToks Went Viral!,source_92,source_92,True,Company_B,content_editor_01,Digital_News,Hindi,interview,shorts,Youtube,,True,2025-10-01 00:00:00.000000,19.99,10.35,57.11,634.0,Search,8.66,1269842.0,17543.0,5949.0,2514.0,1005.2916666666666,key_moments,2025-10-01 03:45:18.361356,WS-DIGITAL-NEWS
YT0002098,"- The Funniest, Weirdest TikToks of the Week!",source_92,source_92,True,Company_B,content_editor_01,Digital_News,Hindi,discussion_show,shorts,Youtube,,True,2025-10-01 00:00:00.000000,48.96,19.583333333333336,35.58,318.0,Browse,19.08,1274750.0,64383.0,922.0,71.0,4278.6748333333335,key_moments,2025-10-01 02:40:20.027007,WS-DIGITAL-NEWS
YT0017767,- TikToks That Made Me Question Reality!,source_92,source_92,True,Company_B,content_editor_01,Digital_News,Hindi,interview,shorts,Youtube,,True,2025-10-02 00:00:00.000000,63.48,41.583333333333336,70.3,33.0,Playlist,9.54,1166539.0,26800.0,2900.0,2124.0,11044.316,full_package,2025-10-02 04:41:17.150514,WS-DIGITAL-NEWS
YT0007827,- Reacting to the Most Controversial TikTok Trend!,source_92,source_92,True,Company_B,content_editor_01,Digital_News,Hindi,press_conference,shorts,Youtube,,True,2025-10-02 00:00:00.000000,42.120000000000005,8.816666666666666,4.85,122.0,Browse,19.69,1146099.0,4051.0,1635.0,2223.0,419.17516666666666,summary,2025-10-02 01:20:53.592109,WS-DIGITAL-NEWS
YT0026371,- Reacting to TikToks That Broke My Brain! 🤯,source_93,source_93,True,Company_B,content_editor_01,Digital_News,Hindi,interview,shorts,Youtube,,True,2025-10-02 00:00:00.000000,67.11,35.46666666666667,53.67,347.0,External,17.82,1427165.0,99233.0,1642.0,2126.0,11086.957666666663,full_package,2025-10-02 04:49:06.709840,WS-DIGITAL-NEWS
YT0025475,- I Tried Viral TikTok Hacks... Here's What Happened!,source_92,source_92,True,Company_B,content_editor_01,Digital_News,Hindi,speech,shorts,Youtube,,True,2025-10-02 00:00:00.000000,20.99,10.816666666666666,55.37,112.0,Browse,14.86,1101213.0,84404.0,2222.0,1683.0,1014.5435,summary,2025-10-02 01:09:53.276973,WS-DIGITAL-NEWS
YT0024148,- Ranking the Craziest TikToks of the Week!,source_92,source_92,True,Company_B,content_editor_01,Digital_News,Hindi,interview,shorts,Youtube,,True,2025-10-02 00:00:00.000000,62.57,39.78333333333333,67.86,184.0,Channel Page,15.28,1220327.0,72263.0,890.0,2269.0,10943.395333333332,key_moments,2025-10-02 01:45:28.394931,WS-DIGITAL-NEWS
YT0009119,- I Can't Believe These TikToks Are Real!,source_93,source_93,True,Company_B,content_editor_01,Digital_News,Hindi,press_conference,shorts,Youtube,,True,2025-10-03 00:00:00.000000,41.41,9.533333333333331,7.7,144.0,Notifications,10.78,1995177.0,93874.0,3387.0,2909.0,1126.9055,key_moments,2025-10-03 00:47:44.159908,WS-DIGITAL-NEWS
YT0023120,- Trying Not To Cringe at These Viral TikToks...,source_93,source_93,True,Company_B,content_editor_01,Digital_News,Hindi,debate,shorts,Youtube,,True,2025-10-03 00:00:00.000000,48.04,38.93333333333334,95.14,576.0,Suggested,13.58,1138137.0,3787.0,6493.0,1321.0,9937.622166666666,key_moments,2025-10-03 03:28:37.587363,WS-DIGITAL-NEWS
YT0027722,"- TikToks So Wild, I Lost My Voice!",source_93,source_93,True,Company_B,content_editor_01,Digital_News,Hindi,interview,shorts,Youtube,,True,2025-10-04 00:00:00.000000,71.35,56.65,87.22,633.0,Channel Page,8.28,1688720.0,27066.0,3164.0,2038.0,23055.71883333333,key_moments,2025-10-04 14:29:52.310125,WS-DIGITAL-NEWS
YT0007839,- The Funniest TikToks I've EVER Seen! 😂,source_93,source_93,True,Company_B,content_editor_01,Digital_News,Hindi,discussion_show,shorts,Youtube,,True,2025-10-05 00:00:00.000000,53.8,36.36666666666667,74.4,375.0,Search,9.0,1989236.0,31764.0,2902.0,478.0,15950.725666666667,chapters,2025-10-05 03:38:32.511854,WS-DIGITAL-NEWS
YT0028376,- Heartwarming TikToks That Restored My Faith in Humanity,source_93,source_93,True,Company_B,content_editor_01,Digital_News,Hindi,discussion_show,shorts,Youtube,,True,2025-10-05 00:00:00.000000,71.31,44.8,66.24,384.0,Browse,10.05,1759579.0,41198.0,1174.0,493.0,18231.1935,chapters,2025-10-05 06:41:37.220698,WS-DIGITAL-NEWS
YT0016342,- Reacting to TikToks That Made Me Question Everything,source_93,source_93,True,Company_B,content_editor_01,Digital_News,Hindi,interview,shorts,Youtube,,True,2025-10-05 00:00:00.000000,52.5,24.566666666666663,45.51,383.0,Playlist,27.49,1078454.0,9630.0,341.0,826.0,5112.670833333334,chapters,2025-10-06 02:15:45.322664,WS-DIGITAL-NEWS
YT0011068,- I Tried Viral TikTok Trends... It Was a DISASTER!,source_93,source_93,True,Company_B,content_editor_01,Digital_News,Hindi,speech,shorts,Youtube,,True,2025-10-05 00:00:00.000000,48.53,14.55,21.03,161.0,Search,3.36,1649374.0,47689.0,1045.0,2936.0,3230.024,summary,2025-10-05 05:31:35.088358,WS-DIGITAL-NEWS
YT0022390,- Reacting to TikToks That Broke the Internet!,source_94,source_94,True,Company_B,content_editor_01,Digital_News,Hindi,speech,shorts,Youtube,,True,2025-10-05 00:00:00.000000,29.96,17.433333333333334,66.4,194.0,External,9.86,1228146.0,85737.0,5171.0,44.0,3388.773166666667,summary,2025-10-05 02:10:07.295140,WS-DIGITAL-NEWS
YT0028480,- I Can't Believe These TikToks Went Viral!,source_94,source_94,True,Company_B,content_editor_01,Digital_News,Hindi,debate,shorts,Youtube,,True,2025-10-06 00:00:00.000000,48.01,30.85,70.74,98.0,Browse,7.17,1138812.0,53351.0,5377.0,1678.0,7386.461166666666,full_package,2025-10-06 02:25:16.112501,WS-DIGITAL-NEWS
YT0029389,- The Wildest TikToks of the Week... I'm Speechless!,source_94,source_94,True,Company_B,content_editor_01,Digital_News,Hindi,interview,shorts,Youtube,,True,2025-10-07 00:00:00.000000,34.77,8.083333333333334,2.95,158.0,Search,22.45,1774198.0,90348.0,3167.0,1918.0,287.48583333333335,key_moments,2025-10-07 04:00:07.584555,WS-DIGITAL-NEWS
YT0003612,"- TikToks So Cringe, They're Hilarious!",source_94,source_94,True,Company_B,content_editor_01,Digital_News,Hindi,interview,shorts,Youtube,,True,2025-10-07 00:00:00.000000,52.19,19.133333333333333,31.28,641.0,Channel Page,0.88,1333777.0,46441.0,5889.0,2430.0,4310.075666666667,summary,2025-10-07 02:24:39.053599,WS-DIGITAL-NEWS
YT0015656,- Reacting to TikTok's Most Viral Fails!,source_94,source_94,True,Company_B,content_editor_01,Digital_News,Hindi,debate,shorts,Youtube,,True,2025-10-07 00:00:00.000000,45.41,10.016666666666666,8.28,672.0,Browse,19.99,1617063.0,55633.0,1171.0,1914.0,1130.4468333333332,key_moments,2025-10-07 02:33:34.318259,WS-DIGITAL-NEWS
YT0011587,- TikTok Trends That Went TOO FAR!,source_94,source_94,True,Company_B,content_editor_01,Digital_News,Hindi,debate,shorts,Youtube,,True,2025-10-07 00:00:00.000000,69.09,43.083333333333336,65.79,456.0,Search,18.79,1390812.0,90109.0,2810.0,2715.0,13747.146333333334,full_package,2025-10-07 08:47:51.946924,WS-DIGITAL-NEWS
YT0015633,- Reacting to TikTok Trends That Make NO SENSE! 🤣,source_95,source_95,True,Company_B,content_editor_01,Digital_News,Hindi,debate,shorts,Youtube,,True,2025-10-08 00:00:00.000000,24.34,7.783333333333333,3.03,278.0,Suggested,21.57,1246846.0,66044.0,1861.0,2373.0,98.13133333333332,my_key_moments,2025-10-08 09:05:25.455516,WS-DIGITAL-NEWS
YT0021249,- Viral TikToks That Broke the Internet (We Tried Them!),source_95,source_95,True,Company_B,content_editor_01,Digital_News,Hindi,interview,shorts,Youtube,,True,2025-10-08 00:00:00.000000,59.45,26.4,42.52,545.0,Notifications,29.1,1831935.0,52733.0,4800.0,2632.0,9617.658666666666,chapters,2025-10-08 01:04:16.323317,WS-DIGITAL-NEWS
YT0018580,- I Tried a Viral TikTok Food Trend (and Failed!),source_94,source_94,True,Company_B,content_editor_01,Digital_News,Hindi,discussion_show,shorts,Youtube,,True,2025-10-08 00:00:00.000000,55.55,8.283333333333333,1.93,482.0,Shorts Feed,29.68,1485900.0,58395.0,7898.0,35.0,323.3208333333333,chapters,2025-10-08 02:04:43.440097,WS-DIGITAL-NEWS
YT0024516,- I Tried the Most Cringe TikTok Trends...Here's What Happened,source_95,source_95,True,Company_B,content_editor_01,Digital_News,Hindi,speech,shorts,Youtube,,True,2025-10-09 00:00:00.000000,72.85,50.38333333333333,74.13,178.0,Channel Page,5.55,1686876.0,50445.0,5076.0,508.0,20094.12933333333,key_moments,2025-10-09 02:45:34.610765,WS-DIGITAL-NEWS
YT0021149,- TikTok's Gone TOO FAR! (Reacting to the Wildest Trends),source_95,source_95,True,Company_B,content_editor_01,Digital_News,Hindi,discussion_show,shorts,Youtube,,True,2025-10-09 00:00:00.000000,27.01,19.066666666666663,96.31,456.0,Shorts Feed,11.72,1568957.0,82841.0,1140.0,148.0,5041.000666666666,key_moments,2025-10-09 06:27:34.516321,WS-DIGITAL-NEWS
YT0026459,- Savage Dance Challenge? Invisible Box? TikTok Is a TRIP!,source_95,source_95,True,Company_B,content_editor_01,Digital_News,Hindi,speech,shorts,Youtube,,True,2025-10-09 00:00:00.000000,69.0,25.4,33.15,693.0,Shorts Feed,23.43,1100494.0,7902.0,848.0,401.0,5471.900666666666,key_moments,2025-10-09 09:58:54.170862,WS-DIGITAL-NEWS
YT0020374,- We Reacted to TikTok's Deepfake Trend...and Got Scared!,source_95,source_95,True,Company_B,content_editor_01,Digital_News,Hindi,discussion_show,shorts,Youtube,,True,2025-10-09 00:00:00.000000,51.37,24.83333333333333,47.66,537.0,External,20.84,1843634.0,44853.0,1751.0,2630.0,8876.756333333333,my_key_moments,2025-10-10 10:44:21.117024,WS-DIGITAL-NEWS
YT0019932,- TikTok Trends: Genius or Garbage? We Put Them to the Test!,source_95,source_95,True,Company_B,content_editor_01,Digital_News,Hindi,interview,shorts,Youtube,,True,2025-10-09 00:00:00.000000,72.50999999999999,52.833333333333336,78.83,630.0,Shorts Feed,17.69,1928103.0,97125.0,6873.0,759.0,24279.8155,my_key_moments,2025-10-09 02:45:21.355643,WS-DIGITAL-NEWS
YT0012757,- I Tried Viral TikTok Food Combos...My Stomach Regrets It,source_95,source_95,True,Company_B,content_editor_01,Digital_News,Hindi,debate,shorts,Youtube,,True,2025-10-09 00:00:00.000000,47.63,17.166666666666664,29.63,594.0,Search,21.92,1222182.0,86406.0,1736.0,2067.0,3281.7850000000003,key_moments,2025-10-09 02:52:05.796050,WS-DIGITAL-NEWS
YT0022697,"- ""Am I the Jerk?!"" Reddit Stories That Will Make You RAGE! 😡",source_96,source_96,True,Company_B,content_editor_01,Digital_News,Hindi,discussion_show,shorts,Youtube,,True,2025-10-09 00:00:00.000000,58.24,41.36666666666667,78.32,685.0,Playlist,8.69,1863947.0,26153.0,5948.0,2615.0,17534.908833333335,key_moments,2025-10-09 06:24:19.647283,WS-DIGITAL-NEWS
YT0021001,"- Reacting to the WILDEST ""Am I the Jerk?"" Tales! 🤯",source_96,source_96,True,Company_B,content_editor_01,Digital_News,Hindi,press_conference,shorts,Youtube,,True,2025-10-09 00:00:00.000000,21.05,8.75,20.66,583.0,Shorts Feed,27.33,1132990.0,65616.0,3115.0,1441.0,393.39933333333335,full_package,2025-10-09 02:19:03.266709,WS-DIGITAL-NEWS
YT0006632,"- Office Lunch Thief?! Unbelievable ""Am I the Jerk?"" Reddit Reactions! 🤣",source_96,source_96,True,Company_B,content_editor_01,Digital_News,Hindi,speech,shorts,Youtube,,True,2025-10-10 00:00:00.000000,59.94,36.266666666666666,64.01,155.0,Search,6.44,1832827.0,59847.0,3306.0,1579.0,14645.645333333332,key_moments,2025-10-10 03:34:24.334532,WS-DIGITAL-NEWS
YT0020920,"- Toxic In-Laws & Reddit Justice! ""Am I the Jerk?"" Deep Dive!",source_96,source_96,True,Company_B,content_editor_01,Digital_News,Hindi,press_conference,shorts,Youtube,,True,2025-10-12 00:00:00.000000,56.8,12.366666666666667,11.64,123.0,Browse,16.52,1405736.0,95577.0,6200.0,2655.0,1900.3468333333333,key_moments,2025-10-12 02:52:11.502468,WS-DIGITAL-NEWS
YT0029213,"- I Can't Believe These ""Am I the Jerk?"" Stories Are REAL! 😲",source_96,source_96,True,Company_B,content_editor_01,Digital_News,Hindi,debate,shorts,Youtube,,True,2025-10-12 00:00:00.000000,47.43,17.9,32.07,13.0,Notifications,16.35,1787984.0,48950.0,2601.0,673.0,5165.287166666666,key_moments,2025-10-12 00:29:28.099196,WS-DIGITAL-NEWS
YT0015144,- Magic Tricks That BROKE My Brain! 🤯,source_97,source_97,True,Company_B,content_editor_01,Digital_News,Hindi,discussion_show,shorts,Youtube,,True,2025-10-12 00:00:00.000000,28.46,11.633333333333333,30.71,548.0,Playlist,5.35,1287895.0,24741.0,6296.0,234.0,1478.6943333333334,key_moments,2025-10-12 04:24:51.983357,WS-DIGITAL-NEWS
YT0029422,- Reacting to IMPOSSIBLE Magic! (Vanishing Elephants?!),source_97,source_97,True,Company_B,content_editor_01,Digital_News,Hindi,debate,shorts,Youtube,,True,2025-10-12 00:00:00.000000,55.59,35.25,68.37,361.0,Search,18.64,1320488.0,4071.0,3949.0,1950.0,10178.761666666664,full_package,2025-10-12 03:27:25.255166,WS-DIGITAL-NEWS
YT0006966,- I Can't Explain These Magic Tricks... 😵‍💫,source_97,source_97,True,Company_B,content_editor_01,Digital_News,Hindi,debate,shorts,Youtube,,True,2025-10-13 00:00:00.000000,44.56,11.65,14.04,610.0,Browse,13.05,1494288.0,4583.0,7669.0,1427.0,1722.582,key_moments,2025-10-13 11:03:33.778537,WS-DIGITAL-NEWS
YT0007559,- Craziest Magic EVER Caught on Camera!,source_97,source_97,True,Company_B,content_editor_01,Digital_News,Hindi,interview,shorts,Youtube,,True,2025-10-13 00:00:00.000000,26.85,18.98333333333333,96.91,480.0,Browse,20.14,1707970.0,2929.0,5281.0,762.0,5448.107999999999,key_moments,2025-10-13 04:01:03.388605,WS-DIGITAL-NEWS
YT0006385,- Magicians That Defy Reality! (My Honest Reactions),source_97,source_97,True,Company_B,content_editor_01,Digital_News,Hindi,interview,shorts,Youtube,,True,2025-10-13 00:00:00.000000,44.47,30.966666666666665,79.63,257.0,Playlist,14.14,1576647.0,16408.0,631.0,1632.0,10277.402666666669,key_moments,2025-10-13 01:27:57.382435,WS-DIGITAL-NEWS
YT0026153,- Mind-Bending Magic: I'm Officially Tripping Out!,source_97,source_97,True,Company_B,content_editor_01,Digital_News,Hindi,interview,shorts,Youtube,,True,2025-10-13 00:00:00.000000,18.34,9.25,52.4,478.0,Suggested,24.08,1191703.0,39436.0,462.0,690.0,579.3,summary,2025-10-13 03:15:13.582995,WS-DIGITAL-NEWS
YT0017543,"- TikToks So Wild, I Question My Existence!",source_98,source_98,True,Company_B,content_editor_01,Digital_News,Hindi,press_conference,shorts,Youtube,,True,2025-10-14 00:00:00.000000,69.28,28.73333333333333,39.12,160.0,Shorts Feed,16.2,1940385.0,13236.0,6567.0,839.0,11444.678166666668,key_moments,2025-10-14 00:45:02.999094,WS-DIGITAL-NEWS
YT0007878,- Reacting to TikToks That Broke the Internet!,source_98,source_98,True,Company_B,content_editor_01,Digital_News,Hindi,interview,shorts,Youtube,,True,2025-10-14 00:00:00.000000,23.04,11.416666666666666,48.71,407.0,Channel Page,28.98,1201023.0,52789.0,4721.0,1077.0,1306.6685,key_moments,2025-10-14 01:31:05.709495,WS-DIGITAL-NEWS
YT0024859,- Cringe Alert! Reacting to the WILDEST TikToks,source_98,source_98,True,Company_B,content_editor_01,Digital_News,Hindi,press_conference,shorts,Youtube,,True,2025-10-14 00:00:00.000000,26.76,18.433333333333334,92.97,512.0,External,9.1,1209511.0,92435.0,1781.0,506.0,3673.3296666666665,summary,2025-10-14 06:39:01.969888,WS-DIGITAL-NEWS
YT0009870,- I Can't Believe These TikToks Are Real! (Reaction),source_98,source_98,True,Company_B,content_editor_01,Digital_News,Hindi,debate,shorts,Youtube,,True,2025-10-15 00:00:00.000000,44.27,29.883333333333333,76.47,279.0,Notifications,17.25,1796559.0,98205.0,198.0,2109.0,11170.272,key_moments,2025-10-15 03:16:54.833929,WS-DIGITAL-NEWS
YT0021474,- TikToks That Made Me Question Everything,source_98,source_98,True,Company_B,content_editor_01,Digital_News,Hindi,debate,shorts,Youtube,,True,2025-10-15 00:00:00.000000,52.38,20.9,35.85,392.0,Browse,8.63,1506356.0,68177.0,6570.0,1797.0,5606.9918333333335,summary,2025-10-15 08:22:01.367336,WS-DIGITAL-NEWS
YT0002775,- Get Ready to Cringe: Wild TikTok Reactions!,source_98,source_98,True,Company_B,content_editor_01,Digital_News,Hindi,interview,shorts,Youtube,,True,2025-10-15 00:00:00.000000,34.739999999999995,25.816666666666663,92.79,360.0,Playlist,1.55,1273956.0,64879.0,6219.0,127.0,6481.841,summary,2025-10-15 00:49:45.342277,WS-DIGITAL-NEWS
YT0021991,- The Funniest (and Weirdest) TikToks of the Week!,source_98,source_98,True,Company_B,content_editor_01,Digital_News,Hindi,press_conference,shorts,Youtube,,True,2025-10-15 00:00:00.000000,52.38,29.116666666666667,57.83,401.0,Shorts Feed,28.04,1150413.0,11924.0,6395.0,1194.0,6907.804,summary,2025-10-15 03:17:41.040110,WS-DIGITAL-NEWS
YT0024255,- I Lost Brain Cells Watching These TikToks!,source_98,source_98,True,Company_B,content_editor_01,Digital_News,Hindi,debate,shorts,Youtube,,True,2025-10-15 00:00:00.000000,55.52,45.4,93.53,482.0,External,20.95,1888744.0,37226.0,6447.0,2928.0,19884.277166666663,key_moments,2025-10-15 02:44:03.567615,WS-DIGITAL-NEWS
YT0015692,- Reacting to TikToks That BROKE the Internet!,source_99,source_99,True,Company_B,content_editor_01,Digital_News,Hindi,discussion_show,shorts,Youtube,,True,2025-10-16 00:00:00.000000,36.14,18.21666666666667,50.69,528.0,Playlist,23.2,1830915.0,63084.0,5030.0,763.0,5450.362666666667,key_moments,2025-10-16 08:35:35.582935,WS-DIGITAL-NEWS
YT0008553,- I Can't Believe These TikToks Went Viral!,source_99,source_99,True,Company_B,content_editor_01,Digital_News,Hindi,interview,shorts,Youtube,,True,2025-10-16 00:00:00.000000,70.31,36.33333333333333,52.13,419.0,Shorts Feed,20.13,1485227.0,1892.0,833.0,1299.0,11895.568166666666,key_moments,2025-10-16 06:51:06.311878,WS-DIGITAL-NEWS
YT0011557,- Trying Viral TikTok Trends (Cringe Alert!),source_99,source_99,True,Company_B,content_editor_01,Digital_News,Hindi,debate,shorts,Youtube,,True,2025-10-16 00:00:00.000000,38.8,25.35,75.0,41.0,Search,26.37,1891563.0,68213.0,7050.0,1909.0,9378.999833333331,key_moments,2025-10-16 06:41:11.532703,WS-DIGITAL-NEWS
YT0024128,"- TikToks That Will Make You Say ""WTF?!""",source_99,source_99,True,Company_B,content_editor_01,Digital_News,Hindi,discussion_show,shorts,Youtube,,True,2025-10-16 00:00:00.000000,47.22,15.55,24.98,461.0,Channel Page,24.82,1368539.0,26330.0,4157.0,1430.0,3060.2053333333333,key_moments,2025-10-16 13:43:40.051223,WS-DIGITAL-NEWS
YT0013797,- Viral TikToks of the Week: I Can't Believe These Are Real!,source_100,source_100,True,Company_B,content_editor_01,Digital_News,Hindi,press_conference,shorts,Youtube,,True,2025-10-18 00:00:00.000000,74.03999999999999,40.85,56.49,192.0,Playlist,29.25,1530947.0,22986.0,2614.0,185.0,14182.522833333333,key_moments,2025-10-18 02:58:46.941984,WS-DIGITAL-NEWS
YT0015645,- Reacting to TikToks That Made Me Cry Laughing!,source_99,source_99,True,Company_B,content_editor_01,Digital_News,Hindi,interview,shorts,Youtube,,True,2025-10-18 00:00:00.000000,41.8,30.15,84.51,571.0,Browse,26.35,1294877.0,12021.0,6894.0,2553.0,8146.9345,chapters,2025-10-18 11:38:20.295308,WS-DIGITAL-NEWS
YT0017067,- These TikToks Are Taking Over!,source_99,source_99,True,Company_B,content_editor_01,Digital_News,Hindi,debate,shorts,Youtube,,True,2025-10-18 00:00:00.000000,72.85,8.8,2.25,134.0,Playlist,16.72,1998358.0,2172.0,6620.0,1541.0,721.6293333333334,key_moments,2025-10-18 01:44:05.513000,WS-DIGITAL-NEWS
YT0029652,- Reacting to TikToks That Broke the Internet (Gone Wild!),source_100,source_100,True,Company_B,content_editor_01,Digital_News,Hindi,press_conference,shorts,Youtube,,True,2025-10-19 00:00:00.000000,47.45,21.866666666666667,44.27,574.0,Notifications,6.26,1585969.0,75972.0,2763.0,2549.0,6329.1911666666665,key_moments,2025-10-19 01:41:04.948232,WS-DIGITAL-NEWS
YT0019284,- I Tried Viral TikTok Trends & Here's What Happened...,source_100,source_100,True,Company_B,content_editor_01,Digital_News,Hindi,debate,shorts,Youtube,,True,2025-10-19 00:00:00.000000,70.08,20.46666666666667,23.54,427.0,Shorts Feed,29.86,1205215.0,10511.0,2426.0,1143.0,4341.005833333334,full_package,2025-10-19 07:18:16.226868,WS-DIGITAL-NEWS
YT0021753,- Funniest TikToks of the Week: My Honest Reactions!,source_100,source_100,True,Company_B,content_editor_01,Digital_News,Hindi,press_conference,shorts,Youtube,,True,2025-10-19 00:00:00.000000,28.32,12.25,35.66,449.0,External,2.66,1786717.0,54302.0,3169.0,1741.0,2357.473833333333,summary,2025-10-19 01:12:00.778593,WS-DIGITAL-NEWS
YT0019842,- TikTok Conspiracy Theories & Optical Illusions: I'm Shook!,source_100,source_100,True,Company_B,content_editor_01,Digital_News,Hindi,debate,shorts,Youtube,,True,2025-10-20 00:00:00.000000,67.72,20.05,23.81,392.0,Shorts Feed,2.66,1618775.0,2571.0,5491.0,2103.0,5643.2295,key_moments,2025-10-20 06:19:29.927802,WS-DIGITAL-NEWS
YT0019463,- The Most Viral TikToks: Prepare to Question Everything!,source_100,source_100,True,Company_B,content_editor_01,Digital_News,Hindi,discussion_show,shorts,Youtube,,True,2025-10-20 00:00:00.000000,63.14,9.533333333333331,4.22,339.0,Suggested,20.86,1798904.0,21173.0,1601.0,2421.0,1016.0476666666668,key_moments,2025-10-20 04:20:15.730343,WS-DIGITAL-NEWS
YT0021926,- I Reacted to the WILDEST TikToks! (Cringe Warning!),source_101,source_101,True,Company_B,content_editor_01,Digital_News,Hindi,discussion_show,shorts,Youtube,,True,2025-10-20 00:00:00.000000,70.47999999999999,38.96666666666667,56.72,187.0,External,28.57,1155694.0,11267.0,993.0,1137.0,10101.621666666668,key_moments,2025-10-20 09:25:43.941671,WS-DIGITAL-NEWS
YT0024270,"- TikToks So Crazy, I Lost Brain Cells 💀",source_101,source_101,True,Company_B,content_editor_01,Digital_News,Hindi,debate,shorts,Youtube,,True,2025-10-21 00:00:00.000000,26.55,13.966666666666669,55.99,327.0,Channel Page,17.26,1489014.0,25931.0,3576.0,1623.0,2674.710333333333,key_moments,2025-10-21 03:48:51.233213,WS-DIGITAL-NEWS
YT0005911,- Viral TikToks That Broke the Internet! (My Honest Reactions),source_101,source_101,True,Company_B,content_editor_01,Digital_News,Hindi,press_conference,shorts,Youtube,,True,2025-10-21 00:00:00.000000,53.68,43.21666666666667,92.34,546.0,Suggested,19.56,1216841.0,29751.0,5795.0,2395.0,12072.640166666668,full_package,2025-10-21 04:11:00.378632,WS-DIGITAL-NEWS
YT0029243,- Reacting to TikToks That Will Make You Question Everything,source_101,source_101,True,Company_B,content_editor_01,Digital_News,Hindi,debate,shorts,Youtube,,True,2025-10-21 00:00:00.000000,66.65,32.9,49.18,562.0,External,12.95,1883635.0,52576.0,186.0,848.0,13290.091333333334,my_key_moments,2025-10-21 06:00:42.093705,WS-DIGITAL-NEWS
YT0002440,- I Can't Believe These TikToks Went Viral!,source_101,source_101,True,Company_B,content_editor_01,Digital_News,Hindi,debate,shorts,Youtube,,True,2025-10-21 00:00:00.000000,52.69,17.133333333333333,25.56,63.0,Notifications,17.58,1999701.0,32094.0,6504.0,2891.0,5351.051666666666,key_moments,2025-10-21 02:21:14.897566,WS-DIGITAL-NEWS
YT0023324,- The Most Bizarre TikToks I've Ever Seen!,source_101,source_101,True,Company_B,content_editor_01,Digital_News,Hindi,debate,shorts,Youtube,,True,2025-10-22 00:00:00.000000,73.16,43.13333333333333,61.27,271.0,Browse,26.32,1668488.0,21490.0,4241.0,474.0,16514.941333333332,key_moments,2025-10-22 02:16:24.672195,WS-DIGITAL-NEWS
YT0028779,- TikToks That Are Actually INSANE! (You HAVE to See These),source_101,source_101,True,Company_B,content_editor_01,Digital_News,Hindi,interview,shorts,Youtube,,True,2025-10-22 00:00:00.000000,22.25,9.166666666666666,22.99,114.0,Search,16.71,1881464.0,62924.0,4762.0,2026.0,871.0481666666667,full_package,2025-10-22 05:50:47.288899,WS-DIGITAL-NEWS
YT0004807,- Reacting to Your Craziest TikTok Submissions!,source_101,source_101,True,Company_B,content_editor_01,Digital_News,Hindi,press_conference,shorts,Youtube,,True,2025-10-22 00:00:00.000000,45.27,35.43333333333334,92.28,168.0,External,20.81,1204326.0,87241.0,3905.0,607.0,9344.677666666666,summary,2025-10-22 03:54:26.526379,WS-DIGITAL-NEWS
YT0000879,- Reacting to TikToks That BROKE the Internet!,source_102,source_102,True,Company_B,content_editor_01,Digital_News,Hindi,speech,shorts,Youtube,,True,2025-10-23 00:00:00.000000,18.009999999999998,10.416666666666666,96.9,469.0,Search,5.6,1844244.0,55237.0,636.0,1350.0,1494.1791666666666,summary,2025-10-23 02:53:15.542128,WS-DIGITAL-NEWS
YT0020722,- I Can't Believe These TikToks Went Viral!,source_102,source_102,True,Company_B,content_editor_01,Digital_News,Hindi,debate,shorts,Youtube,,True,2025-10-23 00:00:00.000000,38.95,22.616666666666667,63.12,172.0,Playlist,10.25,1786121.0,84332.0,1864.0,1798.0,7500.054333333333,key_moments,2025-10-23 03:44:37.220998,WS-DIGITAL-NEWS
YT0006688,"- TikToks So Wild, I Lost It!",source_102,source_102,True,Company_B,content_editor_01,Digital_News,Hindi,discussion_show,shorts,Youtube,,True,2025-10-23 00:00:00.000000,53.75,33.233333333333334,66.41,262.0,Browse,8.53,1231911.0,42377.0,707.0,2960.0,8805.882333333333,chapters,2025-10-23 14:19:26.684403,WS-DIGITAL-NEWS
YT0022080,- Trying Viral TikTok Trends... HUGE FAIL!,source_102,source_102,True,Company_B,content_editor_01,Digital_News,Hindi,debate,shorts,Youtube,,True,2025-10-24 00:00:00.000000,66.89,18.683333333333334,21.55,666.0,Search,1.19,1965454.0,36920.0,3165.0,1195.0,6105.6465,full_package,2025-10-24 02:48:22.808770,WS-DIGITAL-NEWS
YT0013942,- The Funniest TikToks of the Week!,source_102,source_102,True,Company_B,content_editor_01,Digital_News,Hindi,discussion_show,shorts,Youtube,,True,2025-10-24 00:00:00.000000,22.13,10.383333333333333,40.44,666.0,Playlist,14.59,1161686.0,62757.0,2763.0,1008.0,930.4245,key_moments,2025-10-24 02:44:31.112042,WS-DIGITAL-NEWS
YT0017512,- TikToks That Made Me CRY?! (Emotional Reactions),source_102,source_102,True,Company_B,content_editor_01,Digital_News,Hindi,speech,shorts,Youtube,,True,2025-10-24 00:00:00.000000,31.64,13.433333333333334,35.66,192.0,Suggested,1.8,1415467.0,61672.0,1031.0,1362.0,2332.8993333333333,summary,2025-10-24 01:01:13.970020,WS-DIGITAL-NEWS
YT0025103,- Reacting to TikToks That Broke the Internet!,source_103,source_103,True,Company_B,content_editor_01,Digital_News,Hindi,interview,shorts,Youtube,,True,2025-10-24 00:00:00.000000,47.24,12.8,16.44,700.0,Shorts Feed,4.36,1228579.0,71204.0,6381.0,697.0,1808.7413333333327,key_moments,2025-10-24 03:52:00.267283,WS-DIGITAL-NEWS
YT0013459,- Viral TikToks of the Week: I Can't Stop Laughing!,source_103,source_103,True,Company_B,content_editor_01,Digital_News,Hindi,discussion_show,shorts,Youtube,,True,2025-10-25 00:00:00.000000,60.9,16.1,18.74,698.0,Suggested,29.96,1927728.0,49716.0,5247.0,938.0,4605.128,key_moments,2025-10-25 06:45:54.947596,WS-DIGITAL-NEWS
YT0004624,- The Weirdest TikToks I've Ever Seen...,source_103,source_103,True,Company_B,content_editor_01,Digital_News,Hindi,discussion_show,shorts,Youtube,,True,2025-10-25 00:00:00.000000,55.42,40.2,80.9,395.0,Shorts Feed,5.38,1132175.0,52158.0,1578.0,1282.0,10283.923,chapters,2025-10-25 07:48:31.723595,WS-DIGITAL-NEWS
YT0014312,"- TikToks That Will Make You Say ""WTF!""",source_103,source_103,True,Company_B,content_editor_01,Digital_News,Hindi,press_conference,shorts,Youtube,,True,2025-10-25 00:00:00.000000,42.260000000000005,23.566666666666663,58.94,405.0,Search,11.54,1525979.0,3409.0,6800.0,2131.0,6810.387833333333,full_package,2025-10-25 04:21:42.222893,WS-DIGITAL-NEWS
YT0007705,- Reacting to TikToks: Prepare to Cringe!,source_103,source_103,True,Company_B,content_editor_01,Digital_News,Hindi,discussion_show,shorts,Youtube,,True,2025-10-25 00:00:00.000000,17.63,8.283333333333333,29.78,402.0,Browse,1.37,1622712.0,83581.0,316.0,1969.0,353.0901666666667,chapters,2025-10-25 08:35:35.211474,WS-DIGITAL-NEWS
YT0008142,- I Reacted to Viral TikToks... My Brain Hurts,source_103,source_103,True,Company_B,content_editor_01,Digital_News,Hindi,debate,shorts,Youtube,,True,2025-10-26 00:00:00.000000,62.76,17.516666666666666,20.97,81.0,Browse,5.82,1166546.0,69296.0,4628.0,2381.0,3245.8061666666667,key_moments,2025-10-26 07:10:47.464941,WS-DIGITAL-NEWS
YT0000238,- These TikToks Are Taking Over! (My Honest Reactions),source_103,source_103,True,Company_B,content_editor_01,Digital_News,Hindi,discussion_show,shorts,Youtube,,True,2025-10-26 00:00:00.000000,52.77,41.46666666666667,89.93,335.0,Playlist,1.84,1195083.0,64860.0,7753.0,2454.0,11275.829333333331,key_moments,2025-10-26 09:44:38.499409,WS-DIGITAL-NEWS
YT0004443,- The BEST TikToks of the Week! (You NEED to See These),source_103,source_103,True,Company_B,content_editor_01,Digital_News,Hindi,debate,shorts,Youtube,,True,2025-10-27 00:00:00.000000,67.86,9.983333333333334,4.7,663.0,Notifications,19.81,1666031.0,89177.0,3473.0,745.0,1149.2528333333332,chapters,2025-10-27 08:47:27.853645,WS-DIGITAL-NEWS
YT0024553,- We Reacted to the WILDEST TikToks of the Week!,source_104,source_104,True,Company_B,content_editor_01,Digital_News,Hindi,debate,shorts,Youtube,,True,2025-10-27 00:00:00.000000,41.41,18.6,42.03,488.0,Notifications,13.45,1363492.0,1266.0,2751.0,890.0,4204.100333333333,full_package,2025-10-27 14:02:42.528752,WS-DIGITAL-NEWS
YT0010484,- Trying Viral TikTok Trends... Did We Succeed?!,source_104,source_104,True,Company_B,content_editor_01,Digital_News,Hindi,debate,shorts,Youtube,,True,2025-10-27 00:00:00.000000,65.42,51.88333333333333,88.03,278.0,External,1.79,1534328.0,69439.0,7384.0,2526.0,18916.27533333333,key_moments,2025-10-27 03:29:32.019542,WS-DIGITAL-NEWS
YT0015124,"- TikToks That Will Make You LAUGH, CRY, & CRINGE!",source_104,source_104,True,Company_B,content_editor_01,Digital_News,Hindi,discussion_show,shorts,Youtube,,True,2025-10-27 00:00:00.000000,64.28999999999999,24.266666666666666,34.02,323.0,Playlist,11.99,1694456.0,10080.0,7068.0,2318.0,7891.772,key_moments,2025-10-27 01:23:00.756428,WS-DIGITAL-NEWS
YT0015378,- The Most Viral TikToks?! Our HONEST Reactions!,source_104,source_104,True,Company_B,content_editor_01,Digital_News,Hindi,interview,shorts,Youtube,,True,2025-10-27 00:00:00.000000,35.66,8.133333333333333,3.07,419.0,Suggested,29.29,1833154.0,2517.0,736.0,2936.0,322.4993333333333,full_package,2025-10-27 06:48:08.489762,WS-DIGITAL-NEWS
YT0027946,- We Ranked the TOP TikToks of the Week!,source_104,source_104,True,Company_B,content_editor_01,Digital_News,Hindi,debate,shorts,Youtube,,True,2025-10-28 00:00:00.000000,43.16,31.85,86.47,374.0,Channel Page,22.12,1725662.0,41355.0,4202.0,148.0,11672.186,chapters,2025-10-28 07:28:07.749072,WS-DIGITAL-NEWS
YT0016390,- Photoshop Fails So Bad They're Hilarious! 😂,source_105,source_105,True,Company_B,content_editor_01,Digital_News,Hindi,discussion_show,shorts,Youtube,,True,2025-10-28 00:00:00.000000,62.43,8.283333333333333,1.65,213.0,Playlist,2.15,1392729.0,51846.0,547.0,592.0,303.0475,my_key_moments,2025-10-28 14:02:43.224387,WS-DIGITAL-NEWS
YT0029354,- I Can't Believe These Photoshop Fails Exist! 🤦‍♀️,source_105,source_105,True,Company_B,content_editor_01,Digital_News,Hindi,speech,shorts,Youtube,,True,2025-10-28 00:00:00.000000,43.870000000000005,19.55,41.74,300.0,Playlist,13.55,1986827.0,63077.0,4744.0,2590.0,6650.351500000001,key_moments,2025-10-28 11:08:55.470382,WS-DIGITAL-NEWS
YT0019499,- Reacting to the WORST Photoshop Fails EVER!,source_105,source_105,True,Company_B,content_editor_01,Digital_News,Hindi,interview,shorts,Youtube,,True,2025-10-28 00:00:00.000000,40.27,27.23333333333333,78.09,72.0,Channel Page,3.29,1642441.0,54282.0,5103.0,2015.0,9003.01,key_moments,2025-10-28 18:57:59.267588,WS-DIGITAL-NEWS
YT0017041,- These Photoshop Fails Will Make You Question Reality! 🤣,source_105,source_105,True,Company_B,content_editor_01,Digital_News,Hindi,discussion_show,shorts,Youtube,,True,2025-10-29 00:00:00.000000,43.03,30.966666666666665,83.72,313.0,Playlist,18.03,1416153.0,34877.0,7918.0,705.0,9231.2195,chapters,2025-10-29 06:34:04.047474,WS-DIGITAL-NEWS
YT0015836,- Magic Tricks That Will BREAK Your Brain! 🤯,source_106,source_106,True,Company_B,content_editor_01,Digital_News,Hindi,debate,shorts,Youtube,,True,2025-10-30 00:00:00.000000,72.99000000000001,44.46666666666667,63.75,475.0,Shorts Feed,3.36,1812192.0,21216.0,669.0,1461.0,18608.527166666663,key_moments,2025-10-30 04:48:12.565688,WS-DIGITAL-NEWS
YT0011851,- EPIC Photoshop FAILS That Should Be Illegal!,source_105,source_105,True,Company_B,content_editor_01,Digital_News,Hindi,press_conference,shorts,Youtube,,True,2025-10-30 00:00:00.000000,55.02,13.75,15.62,253.0,Search,15.86,1534969.0,28900.0,5117.0,2456.0,2664.8766666666666,full_package,2025-10-30 01:19:15.214044,WS-DIGITAL-NEWS
YT0024161,- Reacting to IMPOSSIBLE Magic! (I'm Shook!),source_106,source_106,True,Company_B,content_editor_01,Digital_News,Hindi,debate,shorts,Youtube,,True,2025-10-30 00:00:00.000000,22.95,14.05,82.39,340.0,Playlist,28.9,1483595.0,65954.0,896.0,2764.0,2699.3186666666666,full_package,2025-10-30 05:07:04.944654,WS-DIGITAL-NEWS
YT0029653,- Photoshop Disasters: You Won't Believe Your Eyes! 👀,source_105,source_105,True,Company_B,content_editor_01,Digital_News,Hindi,debate,shorts,Youtube,,True,2025-10-30 00:00:00.000000,41.82,8.25,2.8,106.0,Notifications,22.62,1853430.0,51488.0,2572.0,43.0,386.1313333333334,key_moments,2025-10-30 02:34:15.569895,WS-DIGITAL-NEWS
YT0009323,- Cringe Alert! Reacting to WILD Photoshop Fails!,source_105,source_105,True,Company_B,content_editor_01,Digital_News,Hindi,press_conference,shorts,Youtube,,True,2025-10-30 00:00:00.000000,29.82,19.95,84.01,453.0,Shorts Feed,25.94,1671707.0,76068.0,5872.0,2949.0,5781.320000000001,chapters,2025-10-30 04:44:14.877229,WS-DIGITAL-NEWS
YT0024819,- The Internet's Funniest Photoshop Fails!,source_105,source_105,True,Company_B,content_editor_01,Digital_News,Hindi,discussion_show,shorts,Youtube,,True,2025-10-30 00:00:00.000000,67.14,34.766666666666666,52.3,397.0,External,3.53,1328124.0,94679.0,6612.0,776.0,10059.3095,key_moments,2025-10-30 04:10:41.886692,WS-DIGITAL-NEWS
YT0013084,- Penn & Teller Couldn't Figure This Out?! 🤯,source_106,source_106,True,Company_B,content_editor_01,Digital_News,Hindi,interview,shorts,Youtube,,True,2025-10-31 00:00:00.000000,29.25,11.85,30.53,160.0,Shorts Feed,28.38,1624713.0,751.0,4161.0,1324.0,1963.1948333333328,key_moments,2025-10-31 05:50:01.945529,WS-DIGITAL-NEWS
YT0020840,- The Most DANGEROUS Magic I've Ever Seen! 😱,source_106,source_106,True,Company_B,content_editor_01,Digital_News,Hindi,discussion_show,shorts,Youtube,,True,2025-11-01 00:00:00.000000,27.130000000000003,14.483333333333334,57.57,112.0,Playlist,12.53,1282038.0,92049.0,4921.0,2833.0,2486.9163333333336,key_moments,2025-11-01 03:42:01.291754,WS-DIGITAL-NEWS
YT0012662,- Is This REAL Magic?! (Reacting to Illusions),source_106,source_106,True,Company_B,content_editor_01,Digital_News,Hindi,interview,shorts,Youtube,,True,2025-11-01 00:00:00.000000,16.74,8.216666666666667,41.19,424.0,Suggested,16.8,1197230.0,69227.0,6373.0,743.0,238.3375,summary,2025-11-01 08:27:04.382996,WS-DIGITAL-NEWS
YT0009557,- These Magic Tricks Messed Me UP! 🤯,source_106,source_106,True,Company_B,content_editor_01,Digital_News,Hindi,debate,shorts,Youtube,,True,2025-11-01 00:00:00.000000,41.39,22.116666666666667,55.39,223.0,External,1.12,1482572.0,42163.0,3233.0,1704.0,6019.516833333333,my_key_moments,2025-11-01 00:27:10.203341,WS-DIGITAL-NEWS
YT0000937,- Mind-Bending Magic: How Did They DO That?!,source_106,source_106,True,Company_B,content_editor_01,Digital_News,Hindi,debate,shorts,Youtube,,True,2025-11-01 00:00:00.000000,56.41,32.63333333333333,60.69,233.0,Shorts Feed,12.67,1784491.0,25289.0,441.0,1399.0,12458.390833333331,full_package,2025-11-01 04:39:23.821240,WS-DIGITAL-NEWS
YT0004778,- Reacting to TikToks That Broke My Brain! 🤯,source_107,source_107,True,Company_B,content_editor_01,Digital_News,Hindi,debate,shorts,Youtube,,True,2025-11-02 00:00:00.000000,60.46,29.0,47.29,537.0,Channel Page,26.14,1903058.0,82685.0,4384.0,842.0,11365.485333333334,summary,2025-11-02 10:28:03.413216,WS-DIGITAL-NEWS
YT0017374,- I Can't Believe These TikToks Are Real! (Emotional Rollercoaster),source_107,source_107,True,Company_B,content_editor_01,Digital_News,Hindi,debate,shorts,Youtube,,True,2025-11-02 00:00:00.000000,67.34,19.71666666666667,23.34,187.0,Suggested,13.95,1672310.0,62640.0,4611.0,2968.0,5675.015,my_key_moments,2025-11-02 17:51:21.187422,WS-DIGITAL-NEWS
YT0027009,"- Viral TikToks So Crazy, I Lost It! 😂😭",source_107,source_107,True,Company_B,content_editor_01,Digital_News,Hindi,press_conference,shorts,Youtube,,True,2025-11-02 00:00:00.000000,51.88,10.483333333333334,8.09,410.0,Channel Page,12.04,1145103.0,46999.0,2749.0,2227.0,948.9511666666666,full_package,2025-11-02 07:11:02.583645,WS-DIGITAL-NEWS
YT0019294,"- TikToks That Will Make You Say ""WTF?!""",source_107,source_107,True,Company_B,content_editor_01,Digital_News,Hindi,debate,shorts,Youtube,,True,2025-11-02 00:00:00.000000,52.19,20.71666666666667,35.54,688.0,Notifications,28.74,1829527.0,91505.0,4708.0,2959.0,6716.7356666666665,my_key_moments,2025-11-02 15:23:50.757246,WS-DIGITAL-NEWS
YT0009133,- The Internet's Wildest TikToks: My Honest Reactions!,source_107,source_107,True,Company_B,content_editor_01,Digital_News,Hindi,discussion_show,shorts,Youtube,,True,2025-11-02 00:00:00.000000,48.02,33.483333333333334,78.69,643.0,External,2.64,1887437.0,26837.0,1521.0,832.0,13622.751333333332,key_moments,2025-11-02 04:34:43.782243,WS-DIGITAL-NEWS
YT0025904,- Prepare to Be Shook: Reacting to Insane TikToks!,source_107,source_107,True,Company_B,content_editor_01,Digital_News,Hindi,interview,shorts,Youtube,,True,2025-11-03 00:00:00.000000,30.59,9.316666666666666,11.65,406.0,Browse,25.69,1165348.0,98561.0,7454.0,594.0,588.0691666666667,full_package,2025-11-03 04:00:33.014663,WS-DIGITAL-NEWS
YT0029252,- These TikToks Are Too Wild for the Internet!,source_107,source_107,True,Company_B,content_editor_01,Digital_News,Hindi,interview,shorts,Youtube,,True,2025-11-03 00:00:00.000000,42.0,32.21666666666667,91.54,70.0,Search,8.09,1800197.0,26778.0,6119.0,2408.0,12359.685833333331,chapters,2025-11-03 06:06:33.802765,WS-DIGITAL-NEWS
YT0002258,- I Can't Stop Watching These Viral TikToks!,source_108,source_108,True,Company_B,content_editor_01,Digital_News,Hindi,discussion_show,shorts,Youtube,,True,2025-11-04 00:00:00.000000,58.53,49.266666666666666,95.95,180.0,Browse,13.87,1385247.0,4136.0,718.0,1462.0,16071.4305,full_package,2025-11-04 03:59:23.248839,WS-DIGITAL-NEWS
YT0011853,"- TikToks So Good, I Had to React!",source_108,source_108,True,Company_B,content_editor_01,Digital_News,Hindi,discussion_show,shorts,Youtube,,True,2025-11-05 00:00:00.000000,20.23,11.733333333333334,80.94,195.0,Browse,16.09,1555417.0,30981.0,3104.0,2862.0,1829.0551666666663,key_moments,2025-11-05 02:08:20.938713,WS-DIGITAL-NEWS
YT0010212,- The Funniest TikToks of the Week?! (I'm Dying!),source_108,source_108,True,Company_B,content_editor_01,Digital_News,Hindi,speech,shorts,Youtube,,True,2025-11-05 00:00:00.000000,20.77,7.6,1.73,276.0,Notifications,2.08,1528713.0,81598.0,7670.0,2799.0,42.464333333333336,chapters,2025-11-05 02:38:55.636694,WS-DIGITAL-NEWS
YT0023417,- Viral TikToks That Will Make Your Day!,source_108,source_108,True,Company_B,content_editor_01,Digital_News,Hindi,interview,shorts,Youtube,,True,2025-11-05 00:00:00.000000,18.34,10.5,89.82,424.0,Shorts Feed,22.15,1761417.0,51620.0,6673.0,567.0,1467.8475,my_key_moments,2025-11-05 01:38:35.085084,WS-DIGITAL-NEWS
YT0015787,- Reacting to the BEST TikToks... You Won't Believe This!,source_108,source_108,True,Company_B,content_editor_01,Digital_News,Hindi,press_conference,shorts,Youtube,,True,2025-11-05 00:00:00.000000,37.82,12.7,22.79,330.0,Browse,6.97,1524951.0,21492.0,1087.0,1630.0,2202.7070000000003,key_moments,2025-11-05 06:06:15.537051,WS-DIGITAL-NEWS
YT0006492,- These TikToks Are Taking Over My Life!,source_108,source_108,True,Company_B,content_editor_01,Digital_News,Hindi,press_conference,shorts,Youtube,,True,2025-11-06 00:00:00.000000,73.77000000000001,59.18333333333333,87.94,607.0,Playlist,16.51,1292557.0,46395.0,2524.0,2453.0,18556.570666666667,my_key_moments,2025-11-06 04:02:11.833497,WS-DIGITAL-NEWS
YT0000204,- Viral TikToks of the Week: My UNFILTERED Reactions!,source_109,source_109,True,Company_B,content_editor_01,Digital_News,Hindi,interview,shorts,Youtube,,True,2025-11-06 00:00:00.000000,64.61,24.53333333333333,34.33,228.0,Search,16.27,1393999.0,22034.0,4013.0,1725.0,6595.6805,key_moments,2025-11-06 02:59:54.095948,WS-DIGITAL-NEWS
YT0029715,- I Reacted to the WILDEST TikToks (Brace Yourself!),source_109,source_109,True,Company_B,content_editor_01,Digital_News,Hindi,debate,shorts,Youtube,,True,2025-11-06 00:00:00.000000,65.03,55.4,95.74,2.0,Search,16.53,1243218.0,16697.0,4644.0,115.0,16541.706166666667,key_moments,2025-11-06 02:32:31.165069,WS-DIGITAL-NEWS
YT0003719,- These TikToks Broke the Internet (and My Brain!),source_109,source_109,True,Company_B,content_editor_01,Digital_News,Hindi,discussion_show,shorts,Youtube,,True,2025-11-06 00:00:00.000000,70.22,33.3,46.72,655.0,Notifications,14.31,1384623.0,10989.0,7505.0,461.0,9923.1315,key_moments,2025-11-06 05:59:29.349095,WS-DIGITAL-NEWS
YT0002400,- TikToks That Made Me SCREAM! (You Have to See These!),source_109,source_109,True,Company_B,content_editor_01,Digital_News,Hindi,debate,shorts,Youtube,,True,2025-11-07 00:00:00.000000,63.69,20.516666666666666,26.73,442.0,Suggested,23.97,1761132.0,34560.0,3720.0,1475.0,6367.796666666666,chapters,2025-11-07 07:28:05.490409,WS-DIGITAL-NEWS
YT0022685,- Reacting to TikTok Trends: Genius or Just Plain Cringe?,source_109,source_109,True,Company_B,content_editor_01,Digital_News,Hindi,interview,shorts,Youtube,,True,2025-11-07 00:00:00.000000,31.48,23.5,97.09,274.0,Notifications,21.93,1394401.0,37171.0,1685.0,1672.0,6197.337833333334,chapters,2025-11-07 01:37:08.834169,WS-DIGITAL-NEWS
YT0003619,- I Tried Viral TikTok Dances...It Went Horribly Wrong!,source_109,source_109,True,Company_B,content_editor_01,Digital_News,Hindi,speech,shorts,Youtube,,True,2025-11-07 00:00:00.000000,53.92,38.0,78.37,243.0,Suggested,11.01,1522461.0,51137.0,5307.0,26.0,12898.628,summary,2025-11-07 01:25:40.140793,WS-DIGITAL-NEWS
YT0012351,- The Most Shocking TikToks of the Week! (I'm Still Shook!),source_109,source_109,True,Company_B,content_editor_01,Digital_News,Hindi,discussion_show,shorts,Youtube,,True,2025-11-07 00:00:00.000000,68.88,15.766666666666667,15.34,417.0,Search,15.03,1271822.0,2227.0,5224.0,2443.0,2920.4801666666667,chapters,2025-11-07 08:35:02.471703,WS-DIGITAL-NEWS
YT0002460,"- Reacting to the WILDEST ""Am I the A**hole?"" Stories!",source_110,source_110,True,Company_B,content_editor_01,Digital_News,Hindi,discussion_show,shorts,Youtube,,True,2025-11-08 00:00:00.000000,57.35,38.0,72.02,622.0,Playlist,2.53,1231157.0,846.0,5158.0,2639.0,10430.635666666669,key_moments,2025-11-08 01:19:52.832706,WS-DIGITAL-NEWS
YT0009000,- AITA?! You Won't Believe These Reddit Stories!,source_110,source_110,True,Company_B,content_editor_01,Digital_News,Hindi,debate,shorts,Youtube,,True,2025-11-08 00:00:00.000000,53.73,8.45,2.45,495.0,Suggested,17.18,1611688.0,29066.0,1859.0,2238.0,425.3065,key_moments,2025-11-08 06:11:54.075633,WS-DIGITAL-NEWS
YT0009230,"- Judge Judy Reacts to ""Am I the A**hole?""",source_110,source_110,True,Company_B,content_editor_01,Digital_News,Hindi,speech,shorts,Youtube,,True,2025-11-09 00:00:00.000000,17.14,7.7,9.35,49.0,Playlist,0.66,1564434.0,25847.0,6595.0,686.0,86.913,full_package,2025-11-09 14:34:56.975876,WS-DIGITAL-NEWS
YT0006558,"- I'm Officially DONE With These ""AITA"" Stories! 😡",source_110,source_110,True,Company_B,content_editor_01,Digital_News,Hindi,debate,shorts,Youtube,,True,2025-11-09 00:00:00.000000,36.36,25.83333333333333,85.83,697.0,External,18.63,1445668.0,71100.0,6920.0,2353.0,7362.198166666667,full_package,2025-11-09 14:36:34.736558,WS-DIGITAL-NEWS
YT0012175,"- Reddit's ""AITA"" Stories: Prepare to Rage!",source_110,source_110,True,Company_B,content_editor_01,Digital_News,Hindi,debate,shorts,Youtube,,True,2025-11-09 00:00:00.000000,64.59,47.9,81.47,487.0,Browse,6.94,1668959.0,55139.0,4044.0,594.0,18729.42883333333,chapters,2025-11-09 07:13:05.177494,WS-DIGITAL-NEWS
YT0018186,"- These ""Am I the A**hole?"" Stories Broke My Brain!",source_110,source_110,True,Company_B,content_editor_01,Digital_News,Hindi,debate,shorts,Youtube,,True,2025-11-09 00:00:00.000000,61.79,49.46666666666667,89.69,431.0,External,9.53,1136860.0,13052.0,6623.0,1312.0,13252.840166666669,full_package,2025-11-09 07:03:07.979623,WS-DIGITAL-NEWS
YT0021391,- TikToks That Made Me Question Reality!,source_111,source_111,True,Company_B,content_editor_01,Digital_News,Hindi,debate,shorts,Youtube,,True,2025-11-10 00:00:00.000000,68.18,46.96666666666667,74.21,571.0,Channel Page,20.52,1459872.0,32800.0,4439.0,2724.0,16004.522666666666,summary,2025-11-11 00:14:07.958867,WS-DIGITAL-NEWS
YT0028476,"- The Most INSANE ""AITA"" Stories EVER!",source_110,source_110,True,Company_B,content_editor_01,Digital_News,Hindi,discussion_show,shorts,Youtube,,True,2025-11-10 00:00:00.000000,45.89,21.433333333333334,45.11,610.0,Browse,7.12,1297049.0,28407.0,4453.0,2077.0,5020.06,key_moments,2025-11-10 00:37:04.899345,WS-DIGITAL-NEWS
YT0000791,"- ""Am I the A**hole?"" Stories That Will Make You Question Humanity!",source_110,source_110,True,Company_B,content_editor_01,Digital_News,Hindi,discussion_show,shorts,Youtube,,True,2025-11-10 00:00:00.000000,73.61,45.95,65.6,77.0,External,0.68,1703561.0,28529.0,4308.0,2259.0,18194.97783333333,key_moments,2025-11-10 02:45:31.978130,WS-DIGITAL-NEWS
YT0017941,- Reacting to TikToks That Broke My Brain!,source_111,source_111,True,Company_B,content_editor_01,Digital_News,Hindi,debate,shorts,Youtube,,True,2025-11-12 00:00:00.000000,72.22,34.35,46.92,343.0,Playlist,4.7,1652004.0,20447.0,3945.0,57.0,12321.1965,key_moments,2025-11-12 07:53:09.566072,WS-DIGITAL-NEWS
YT0023054,- I Can't Believe These TikToks Are Real!,source_111,source_111,True,Company_B,content_editor_01,Digital_News,Hindi,debate,shorts,Youtube,,True,2025-11-12 00:00:00.000000,36.13,10.85,15.85,316.0,Shorts Feed,5.14,1959091.0,98559.0,7185.0,1003.0,1823.043,full_package,2025-11-12 03:03:14.537959,WS-DIGITAL-NEWS
YT0005665,"- Viral TikToks So Crazy, I Lost It!",source_111,source_111,True,Company_B,content_editor_01,Digital_News,Hindi,debate,shorts,Youtube,,True,2025-11-12 00:00:00.000000,70.47999999999999,51.81666666666667,79.88,604.0,Suggested,15.54,1875655.0,68713.0,1832.0,60.0,23089.660333333337,full_package,2025-11-12 10:47:04.475262,WS-DIGITAL-NEWS
YT0012000,- The Most Unhinged TikToks On The Internet!,source_111,source_111,True,Company_B,content_editor_01,Digital_News,Hindi,discussion_show,shorts,Youtube,,True,2025-11-13 00:00:00.000000,19.66,11.6,87.98,578.0,Search,11.37,1566095.0,18883.0,809.0,2926.0,1783.6081666666666,full_package,2025-11-13 03:52:33.703520,WS-DIGITAL-NEWS
YT0012176,- TikToks That Broke My Brain! (I Can't Unsee This),source_112,source_112,True,Company_B,content_editor_01,Digital_News,Hindi,debate,shorts,Youtube,,True,2025-11-14 00:00:00.000000,51.47,40.65,90.9,551.0,Browse,13.53,1776638.0,70211.0,6255.0,1918.0,16359.875,key_moments,2025-11-14 04:26:40.553171,WS-DIGITAL-NEWS
YT0021089,- I'm Officially ADDICTED to These Viral TikToks!,source_112,source_112,True,Company_B,content_editor_01,Digital_News,Hindi,interview,shorts,Youtube,,True,2025-11-15 00:00:00.000000,37.61,9.016666666666666,6.71,208.0,Browse,7.07,1357411.0,6320.0,210.0,2654.0,571.8721666666667,key_moments,2025-11-15 03:12:39.278817,WS-DIGITAL-NEWS
YT0015610,"- Cringe, Comedy, & Chaos: Reacting to Viral TikToks!",source_112,source_112,True,Company_B,content_editor_01,Digital_News,Hindi,debate,shorts,Youtube,,True,2025-11-15 00:00:00.000000,22.14,8.316666666666666,11.44,472.0,Suggested,27.48,1692061.0,92129.0,2537.0,2597.0,383.8471666666667,full_package,2025-11-15 02:38:00.332974,WS-DIGITAL-NEWS
YT0010263,- These TikToks Are SO Viral For a Reason! (Reacting),source_112,source_112,True,Company_B,content_editor_01,Digital_News,Hindi,debate,shorts,Youtube,,True,2025-11-16 00:00:00.000000,33.480000000000004,17.616666666666667,54.74,164.0,Channel Page,5.84,1980303.0,15605.0,3496.0,2674.0,5565.018166666667,summary,2025-11-16 02:34:55.591319,WS-DIGITAL-NEWS
YT0015108,- The Internet is a Weird Place: Viral TikTok Reaction!,source_112,source_112,True,Company_B,content_editor_01,Digital_News,Hindi,discussion_show,shorts,Youtube,,True,2025-11-16 00:00:00.000000,60.9,20.766666666666666,28.9,560.0,Search,26.65,1553362.0,15705.0,4762.0,1740.0,5724.426666666666,key_moments,2025-11-16 04:58:08.557168,WS-DIGITAL-NEWS
YT0002089,- I Lost It Watching These Viral TikToks!,source_112,source_112,True,Company_B,content_editor_01,Digital_News,Hindi,discussion_show,shorts,Youtube,,True,2025-11-17 00:00:00.000000,61.39,25.716666666666665,39.27,607.0,Browse,10.82,1700301.0,95596.0,6956.0,1997.0,8603.838,key_moments,2025-11-17 02:09:09.096330,WS-DIGITAL-NEWS
YT0014281,- From LOL to WTF: Reacting to the Craziest TikToks!,source_112,source_112,True,Company_B,content_editor_01,Digital_News,Hindi,debate,shorts,Youtube,,True,2025-11-17 00:00:00.000000,55.8,34.96666666666667,67.32,344.0,Suggested,17.87,1586005.0,9100.0,1703.0,2225.0,12100.630666666666,key_moments,2025-11-17 08:34:30.224576,WS-DIGITAL-NEWS
YT0029202,- Reacting to TikTok Trends That Make NO SENSE!,source_113,source_113,True,Company_B,content_editor_01,Digital_News,Hindi,debate,shorts,Youtube,,True,2025-11-17 00:00:00.000000,40.74,11.55,15.73,264.0,Channel Page,0.27,1915165.0,40269.0,6263.0,1311.0,2154.5606666666667,key_moments,2025-11-17 06:44:43.787492,WS-DIGITAL-NEWS
YT0001035,- I Tried Viral TikTok Trends... And I'm Scarred!,source_113,source_113,True,Company_B,content_editor_01,Digital_News,Hindi,press_conference,shorts,Youtube,,True,2025-11-17 00:00:00.000000,34.31,13.05,28.74,315.0,External,6.74,1676116.0,68302.0,4398.0,2287.0,2584.012166666667,key_moments,2025-11-17 09:38:20.752041,WS-DIGITAL-NEWS
YT0011905,- TikTok Trends Gone WRONG! (Cringe Alert!),source_113,source_113,True,Company_B,content_editor_01,Digital_News,Hindi,debate,shorts,Youtube,,True,2025-11-19 00:00:00.000000,64.34,34.33333333333333,54.38,610.0,Playlist,24.96,1578131.0,21058.0,6035.0,2595.0,11762.920833333334,key_moments,2025-11-19 01:37:16.251485,WS-DIGITAL-NEWS
YT0021140,- Reacting to TikToks That Broke the Internet!,source_114,source_114,True,Company_B,content_editor_01,Digital_News,Hindi,discussion_show,shorts,Youtube,,True,2025-11-20 00:00:00.000000,57.08,19.9,29.47,175.0,Playlist,5.08,1197174.0,11230.0,6809.0,2463.0,4123.599333333334,chapters,2025-11-20 01:01:37.463223,WS-DIGITAL-NEWS
YT0002663,- The Most Bizarre TikToks I've Ever Seen...,source_113,source_113,True,Company_B,content_editor_01,Digital_News,Hindi,discussion_show,shorts,Youtube,,True,2025-11-20 00:00:00.000000,65.47999999999999,20.683333333333334,26.12,348.0,Browse,5.88,1358080.0,96042.0,3499.0,896.0,4973.339333333333,key_moments,2025-11-20 03:59:11.860740,WS-DIGITAL-NEWS
YT0009770,- TikToks So Viral They Broke Me!,source_114,source_114,True,Company_B,content_editor_01,Digital_News,Hindi,debate,shorts,Youtube,,True,2025-11-20 00:00:00.000000,66.47,54.266666666666666,90.86,605.0,Channel Page,16.81,1617469.0,84674.0,4668.0,2815.0,21012.1205,key_moments,2025-11-21 16:39:49.180840,WS-DIGITAL-NEWS
YT0003691,- I Reacted to TikTok's Craziest Trends So You Don't Have To!,source_113,source_113,True,Company_B,content_editor_01,Digital_News,Hindi,discussion_show,shorts,Youtube,,True,2025-11-20 00:00:00.000000,23.11,13.116666666666667,69.26,130.0,Shorts Feed,16.77,1337482.0,80675.0,4635.0,2785.0,2086.7196666666664,key_moments,2025-11-20 11:00:54.134956,WS-DIGITAL-NEWS
YT0022496,- TikTok Trends That Are Actually DANGEROUS!,source_113,source_113,True,Company_B,content_editor_01,Digital_News,Hindi,interview,shorts,Youtube,,True,2025-11-20 00:00:00.000000,64.25,32.41666666666667,50.59,529.0,Channel Page,21.38,1781893.0,67778.0,4612.0,1142.0,12333.009499999998,summary,2025-11-20 02:34:01.194570,WS-DIGITAL-NEWS
YT0019400,- Viral TikToks: Genius or Just Plain Stupid?,source_113,source_113,True,Company_B,content_editor_01,Digital_News,Hindi,press_conference,shorts,Youtube,,True,2025-11-20 00:00:00.000000,26.0,14.35,62.27,38.0,External,1.63,1733009.0,81485.0,5673.0,35.0,3297.531,summary,2025-11-20 05:37:03.350742,WS-DIGITAL-NEWS
YT0021512,- The Funniest TikToks I've EVER Seen!,source_114,source_114,True,Company_B,content_editor_01,Digital_News,Hindi,debate,shorts,Youtube,,True,2025-11-21 00:00:00.000000,59.11,27.7,45.79,593.0,Playlist,12.93,1556219.0,85947.0,1340.0,1389.0,8732.117666666667,key_moments,2025-11-21 07:09:32.234559,WS-DIGITAL-NEWS
YT0006666,- Reacting to Your Favorite TikToks!,source_114,source_114,True,Company_B,content_editor_01,Digital_News,Hindi,debate,shorts,Youtube,,True,2025-11-21 00:00:00.000000,70.71000000000001,16.71666666666667,16.54,287.0,External,11.97,1300218.0,40346.0,1013.0,2888.0,3328.7988333333333,key_moments,2025-11-21 01:20:18.764725,WS-DIGITAL-NEWS
YT0011060,- I Tried to Recreate Viral TikToks (It Was a Disaster!),source_114,source_114,True,Company_B,content_editor_01,Digital_News,Hindi,debate,shorts,Youtube,,True,2025-11-21 00:00:00.000000,60.01,21.85,31.88,575.0,External,2.9,1936972.0,13136.0,4251.0,2217.0,7720.985666666666,full_package,2025-11-21 11:57:54.402097,WS-DIGITAL-NEWS
YT0006419,- TikToks That Broke My Brain! (I Can't Unsee These),source_115,source_115,True,Company_B,content_editor_01,Digital_News,Hindi,discussion_show,shorts,Youtube,,True,2025-11-21 00:00:00.000000,47.6,23.133333333333333,47.96,301.0,Search,22.11,1270214.0,30273.0,4054.0,97.0,5516.021833333333,my_key_moments,2025-11-21 03:29:54.861397,WS-DIGITAL-NEWS
YT0012443,- Reacting to TikToks That Made Me Question Reality,source_115,source_115,True,Company_B,content_editor_01,Digital_News,Hindi,interview,shorts,Youtube,,True,2025-11-21 00:00:00.000000,67.96000000000001,51.583333333333336,83.24,526.0,Shorts Feed,8.33,1621584.0,88408.0,3475.0,2928.0,19856.896666666667,key_moments,2025-11-21 03:43:12.348426,WS-DIGITAL-NEWS
YT0012415,- I Can't Believe These TikToks Went Viral!,source_115,source_115,True,Company_B,content_editor_01,Digital_News,Hindi,debate,shorts,Youtube,,True,2025-11-22 00:00:00.000000,56.19,12.9,13.11,143.0,Playlist,9.98,1480479.0,11662.0,5510.0,772.0,2220.7185,key_moments,2025-11-22 04:04:36.622681,WS-DIGITAL-NEWS
YT0021278,- The Funniest Fails & Epic Wins on TikTok!,source_115,source_115,True,Company_B,content_editor_01,Digital_News,Hindi,debate,shorts,Youtube,,True,2025-11-22 00:00:00.000000,44.68,27.98333333333333,69.01,95.0,Channel Page,10.47,1400742.0,35800.0,7529.0,939.0,7969.962666666667,key_moments,2025-11-22 09:59:36.297471,WS-DIGITAL-NEWS
YT0019217,- My Honest Reactions to the Wildest TikToks,source_115,source_115,True,Company_B,content_editor_01,Digital_News,Hindi,speech,shorts,Youtube,,True,2025-11-22 00:00:00.000000,35.36,8.083333333333334,2.87,426.0,Channel Page,5.45,1810676.0,68227.0,3076.0,409.0,293.3965,key_moments,2025-11-22 02:11:10.192169,WS-DIGITAL-NEWS
YT0016524,"- TikToks So Crazy, You HAVE to See Them!",source_115,source_115,True,Company_B,content_editor_01,Digital_News,Hindi,debate,shorts,Youtube,,True,2025-11-22 00:00:00.000000,28.83,19.7,88.21,152.0,Search,23.09,1499567.0,81670.0,6522.0,2822.0,5081.866,my_key_moments,2025-11-22 01:01:15.364101,WS-DIGITAL-NEWS
YT0020711,"- Cringe, Comedy, & WTF TikToks!",source_115,source_115,True,Company_B,content_editor_01,Digital_News,Hindi,discussion_show,shorts,Youtube,,True,2025-11-22 00:00:00.000000,67.9,29.416666666666668,41.43,349.0,Search,15.41,1152931.0,54117.0,3107.0,2504.0,7019.001166666667,chapters,2025-11-22 05:10:45.268998,WS-DIGITAL-NEWS
YT0015026,- I Can't Believe These TikToks Went Viral!,source_116,source_116,True,Company_B,content_editor_01,Digital_News,Hindi,interview,shorts,Youtube,,True,2025-11-23 00:00:00.000000,43.79,34.13333333333333,92.51,569.0,Notifications,22.71,1279555.0,42650.0,5869.0,544.0,9466.3375,key_moments,2025-11-23 00:46:47.520579,WS-DIGITAL-NEWS
YT0007685,- Wildest TikToks EVER! (Reaction Compilation),source_116,source_116,True,Company_B,content_editor_01,Digital_News,Hindi,debate,shorts,Youtube,,True,2025-11-23 00:00:00.000000,62.88,54.48333333333333,98.13,392.0,Browse,29.34,1195211.0,96252.0,5809.0,1122.0,15598.610166666667,chapters,2025-11-23 03:08:37.444886,WS-DIGITAL-NEWS
YT0002693,"- TikToks So Crazy, I Lost It! 🤣",source_116,source_116,True,Company_B,content_editor_01,Digital_News,Hindi,debate,shorts,Youtube,,True,2025-11-23 00:00:00.000000,22.84,13.866666666666667,81.21,208.0,Search,1.93,1728689.0,32535.0,4231.0,245.0,3057.2185,chapters,2025-11-23 10:20:15.585495,WS-DIGITAL-NEWS
YT0027235,- Viral TikToks That Will Make You Cringe!,source_116,source_116,True,Company_B,content_editor_01,Digital_News,Hindi,debate,shorts,Youtube,,True,2025-11-23 00:00:00.000000,42.95,11.35,13.77,191.0,External,25.83,1704460.0,91844.0,6458.0,2131.0,1822.8253333333328,key_moments,2025-11-23 06:21:25.495587,WS-DIGITAL-NEWS
YT0008057,- Reacting to TikTok Fails & Wins!,source_116,source_116,True,Company_B,content_editor_01,Digital_News,Hindi,press_conference,shorts,Youtube,,True,2025-11-23 00:00:00.000000,16.54,7.933333333333334,28.14,541.0,Search,17.93,1762516.0,20290.0,3197.0,1486.0,212.15466666666669,key_moments,2025-11-23 09:12:32.331937,WS-DIGITAL-NEWS
YT0018424,- The Most Outrageous TikToks I've Ever Seen!,source_116,source_116,True,Company_B,content_editor_01,Digital_News,Hindi,debate,shorts,Youtube,,True,2025-11-24 00:00:00.000000,18.06,7.883333333333333,12.53,128.0,External,24.0,1423598.0,96813.0,2971.0,1041.0,151.58683333333332,key_moments,2025-11-24 06:34:13.457500,WS-DIGITAL-NEWS
YT0020203,- I Can't Believe These Viral Videos Are Real!,source_117,source_117,True,Company_B,content_editor_01,Digital_News,Hindi,debate,shorts,Youtube,,True,2025-11-24 00:00:00.000000,46.2,18.916666666666664,36.59,191.0,Playlist,1.67,1163047.0,69115.0,4367.0,1012.0,3688.366666666667,chapters,2025-11-25 03:30:37.225797,WS-DIGITAL-NEWS
YT0020278,- Reacting to the Internet's WEIRDEST Videos!,source_117,source_117,True,Company_B,content_editor_01,Digital_News,Hindi,debate,shorts,Youtube,,True,2025-11-25 00:00:00.000000,26.91,16.633333333333333,76.69,644.0,Channel Page,16.2,1355111.0,67601.0,6386.0,1397.0,3437.9668333333334,full_package,2025-11-25 02:29:54.708900,WS-DIGITAL-NEWS
YT0025129,- Viral Videos That Broke My Brain!,source_117,source_117,True,Company_B,content_editor_01,Digital_News,Hindi,debate,shorts,Youtube,,True,2025-11-25 00:00:00.000000,23.6,13.833333333333332,73.64,295.0,Notifications,18.35,1846438.0,42847.0,3012.0,2268.0,3248.363166666667,full_package,2025-11-25 05:30:01.021914,WS-DIGITAL-NEWS
YT0029295,- I'm SPEECHLESS After Watching These Viral Videos!,source_117,source_117,True,Company_B,content_editor_01,Digital_News,Hindi,interview,shorts,Youtube,,True,2025-11-25 00:00:00.000000,21.81,13.466666666666669,87.62,54.0,Playlist,18.23,1268805.0,87086.0,4820.0,1020.0,2102.926833333333,full_package,2025-11-25 02:49:02.472752,WS-DIGITAL-NEWS
YT0015718,- You Won't Believe These Viral Videos!,source_117,source_117,True,Company_B,content_editor_01,Digital_News,Hindi,debate,shorts,Youtube,,True,2025-11-25 00:00:00.000000,40.59,16.683333333333334,35.89,607.0,Browse,28.7,1533610.0,30830.0,5092.0,605.0,3912.1255,key_moments,2025-11-25 08:35:59.169472,WS-DIGITAL-NEWS
YT0024539,"- Reacting to the WILDEST ""Am I The Jerk?"" Stories! 🤯",source_118,source_118,True,Company_B,content_editor_01,Digital_News,Hindi,discussion_show,shorts,Youtube,,True,2025-11-25 00:00:00.000000,72.3,60.18333333333333,91.94,41.0,Notifications,11.1,1387304.0,29673.0,4672.0,281.0,20302.16633333333,key_moments,2025-11-25 03:48:27.845124,WS-DIGITAL-NEWS
YT0018541,"- ""Am I The Jerk?"" Stories That Will Make You SCREAM!",source_118,source_118,True,Company_B,content_editor_01,Digital_News,Hindi,discussion_show,shorts,Youtube,,True,2025-11-26 00:00:00.000000,21.0,10.6,51.67,352.0,Search,8.87,1348475.0,70860.0,5380.0,56.0,1161.1868333333334,key_moments,2025-11-26 15:49:17.427917,WS-DIGITAL-NEWS
YT0023592,- Reddit's Most INSANE Stories?! You Won't Believe This!,source_118,source_118,True,Company_B,content_editor_01,Digital_News,Hindi,press_conference,shorts,Youtube,,True,2025-11-26 00:00:00.000000,46.36,27.0,62.18,535.0,Browse,27.56,1103056.0,32566.0,2866.0,1442.0,5974.886666666667,chapters,2025-11-26 02:36:57.554449,WS-DIGITAL-NEWS
YT0000951,"- I Can't Believe These ""Am I The Jerk?"" Stories Are REAL!",source_118,source_118,True,Company_B,content_editor_01,Digital_News,Hindi,debate,shorts,Youtube,,True,2025-11-27 00:00:00.000000,56.42,38.0,73.64,166.0,External,8.7,1717169.0,73714.0,370.0,911.0,14548.237333333333,full_package,2025-11-27 12:19:46.236256,WS-DIGITAL-NEWS
YT0001239,"- Jaw-Dropping Reddit Drama: ""Am I The Jerk?"" Edition!",source_118,source_118,True,Company_B,content_editor_01,Digital_News,Hindi,press_conference,shorts,Youtube,,True,2025-11-27 00:00:00.000000,18.65,10.266666666666666,75.8,653.0,External,24.03,1887694.0,76934.0,947.0,30.0,1450.7278333333334,key_moments,2025-11-27 06:25:44.098671,WS-DIGITAL-NEWS
YT0010694,- Petty Wars & Wedding NIGHTMARES! Reacting to AITA!,source_118,source_118,True,Company_B,content_editor_01,Digital_News,Hindi,interview,shorts,Youtube,,True,2025-11-27 00:00:00.000000,20.96,12.966666666666669,91.72,101.0,Browse,23.97,1584103.0,43139.0,3661.0,368.0,2405.489666666667,key_moments,2025-11-27 03:53:50.862271,WS-DIGITAL-NEWS
YT0024677,- Reacting to TikToks That BROKE the Internet! 🤯,source_119,source_119,True,Company_B,content_editor_01,Digital_News,Hindi,debate,shorts,Youtube,,True,2025-11-27 00:00:00.000000,42.13,16.233333333333334,32.19,651.0,External,24.34,1456984.0,97722.0,7626.0,1189.0,3534.5353333333333,chapters,2025-11-27 06:10:24.206481,WS-DIGITAL-NEWS
YT0009914,- I Can't Stop Laughing at These Viral TikToks! 😂,source_119,source_119,True,Company_B,content_editor_01,Digital_News,Hindi,interview,shorts,Youtube,,True,2025-11-28 00:00:00.000000,65.14,9.616666666666667,4.22,680.0,Channel Page,13.31,1921145.0,55508.0,8.0,2672.0,1129.5621666666666,full_package,2025-11-28 04:55:47.412251,WS-DIGITAL-NEWS
YT0023050,- TikTok's Wildest Week: I'm Officially Addicted!,source_119,source_119,True,Company_B,content_editor_01,Digital_News,Hindi,press_conference,shorts,Youtube,,True,2025-11-28 00:00:00.000000,32.239999999999995,18.45,63.52,93.0,Browse,6.62,1890305.0,1768.0,358.0,864.0,5749.6776666666665,full_package,2025-11-28 05:19:04.049778,WS-DIGITAL-NEWS
YT0010727,- Viral TikToks of the Week: HYPE or TRASH?!,source_120,source_120,True,Company_B,content_editor_01,Digital_News,Hindi,debate,shorts,Youtube,,True,2025-11-29 00:00:00.000000,46.79,26.8,60.71,36.0,Shorts Feed,6.24,1421200.0,11443.0,3634.0,2723.0,7619.211166666666,key_moments,2025-11-29 03:23:23.604368,WS-DIGITAL-NEWS
YT0002423,- Reacting to TikToks That BROKE the Internet! 🤯,source_120,source_120,True,Company_B,content_editor_01,Digital_News,Hindi,press_conference,shorts,Youtube,,True,2025-11-29 00:00:00.000000,60.12,43.583333333333336,79.97,106.0,Playlist,24.59,1209370.0,90964.0,6389.0,309.0,12121.694666666668,chapters,2025-11-29 02:16:54.964257,WS-DIGITAL-NEWS
YT0029411,- I Tried the VIRAL TikTok Dance Challenge... 😂,source_120,source_120,True,Company_B,content_editor_01,Digital_News,Hindi,discussion_show,shorts,Youtube,,True,2025-11-29 00:00:00.000000,37.0,16.816666666666666,42.35,205.0,External,6.58,1204670.0,90813.0,7682.0,308.0,3117.641333333333,full_package,2025-11-29 03:03:34.045375,WS-DIGITAL-NEWS
YT0018443,- These TikToks Went TOO FAR! (I'm speechless),source_120,source_120,True,Company_B,content_editor_01,Digital_News,Hindi,interview,shorts,Youtube,,True,2025-11-29 00:00:00.000000,24.96,14.6,71.29,15.0,Channel Page,25.5,1925025.0,43523.0,1759.0,1824.0,3796.577,chapters,2025-11-29 01:02:26.088482,WS-DIGITAL-NEWS
YT0006437,- Viral TikToks of the Week?! I'm Officially Addicted!,source_121,source_121,True,Company_B,content_editor_01,Digital_News,Hindi,speech,shorts,Youtube,,True,2025-11-29 00:00:00.000000,47.5,28.616666666666667,64.97,678.0,External,1.78,1203384.0,42281.0,7118.0,2172.0,7058.7385,key_moments,2025-11-29 07:50:41.340302,WS-DIGITAL-NEWS
YT0019342,- From Hilarious to Heartwarming: Reacting to Viral TikToks! ❤️,source_119,source_119,True,Company_B,content_editor_01,Digital_News,Hindi,discussion_show,shorts,Youtube,,True,2025-11-29 00:00:00.000000,56.75,39.16666666666667,75.85,369.0,Suggested,19.91,1480561.0,9728.0,3923.0,1262.0,13023.453166666666,my_key_moments,2025-11-29 01:29:20.713216,WS-DIGITAL-NEWS
YT0018866,"- TikToks That Will Make You Say ""WAIT, WHAT?!""",source_120,source_120,True,Company_B,content_editor_01,Digital_News,Hindi,press_conference,shorts,Youtube,,True,2025-11-29 00:00:00.000000,33.95,26.116666666666667,98.24,649.0,Playlist,28.33,1614256.0,82144.0,2741.0,2807.0,8347.796,chapters,2025-11-29 03:21:38.851883,WS-DIGITAL-NEWS
YT0012903,- The Most Viral TikToks of the Week...ARE YOU KIDDING ME?!,source_119,source_119,True,Company_B,content_editor_01,Digital_News,Hindi,debate,shorts,Youtube,,True,2025-11-29 00:00:00.000000,21.56,13.666666666666668,94.0,485.0,External,25.4,1619794.0,58228.0,1067.0,1814.0,2774.647166666666,full_package,2025-11-29 06:43:03.346613,WS-DIGITAL-NEWS
YT0006506,- Reacting to TikToks That Broke the Internet!,source_121,source_121,True,Company_B,content_editor_01,Digital_News,Hindi,interview,shorts,Youtube,,True,2025-11-30 00:00:00.000000,50.55,16.166666666666664,24.38,567.0,Search,15.65,1323354.0,85192.0,5459.0,447.0,3185.8521666666666,key_moments,2025-11-30 07:49:43.750269,WS-DIGITAL-NEWS
YT0008614,"- Cringe, Comedy, & Chaos: Reacting to This Week's TikToks!",source_121,source_121,True,Company_B,content_editor_01,Digital_News,Hindi,interview,shorts,Youtube,,True,2025-12-01 00:00:00.000000,18.59,8.766666666666666,35.28,381.0,Browse,1.81,1380176.0,80479.0,6884.0,439.0,485.6175,key_moments,2025-12-01 00:58:01.651176,WS-DIGITAL-NEWS
YT0018767,- The Most Viral TikToks Are HERE! (My Honest Reactions),source_121,source_121,True,Company_B,content_editor_01,Digital_News,Hindi,debate,shorts,Youtube,,True,2025-12-01 00:00:00.000000,59.79,32.53333333333333,55.89,385.0,Shorts Feed,5.77,1670248.0,35742.0,1280.0,2781.0,11614.409666666666,chapters,2025-12-01 03:42:59.848696,WS-DIGITAL-NEWS
YT0002786,- Addicted to TikTok?! Reacting to the Craziest Trends!,source_121,source_121,True,Company_B,content_editor_01,Digital_News,Hindi,discussion_show,shorts,Youtube,,True,2025-12-01 00:00:00.000000,53.91,24.933333333333334,44.8,403.0,Channel Page,24.23,1298696.0,49469.0,404.0,799.0,6289.055666666667,chapters,2025-12-01 05:46:41.476425,WS-DIGITAL-NEWS
YT0005026,- I Ranked the Most Viral TikToks... You Won't Agree With My #1!,source_121,source_121,True,Company_B,content_editor_01,Digital_News,Hindi,debate,shorts,Youtube,,True,2025-12-01 00:00:00.000000,50.18,13.133333333333333,16.01,355.0,Search,4.37,1269006.0,78196.0,4224.0,909.0,1985.7593333333327,key_moments,2025-12-01 04:10:11.868086,WS-DIGITAL-NEWS
YT0022991,- Reacting to TikToks That Broke the Internet!,source_122,source_122,True,Company_B,content_editor_01,Digital_News,Hindi,debate,shorts,Youtube,,True,2025-12-01 00:00:00.000000,72.5,11.15,6.35,590.0,Browse,13.61,1707186.0,69167.0,5602.0,1074.0,1730.8970000000002,key_moments,2025-12-01 11:43:22.867658,WS-DIGITAL-NEWS
YT0020618,- Viral TikToks of the Week: I Can't Stop Laughing!,source_122,source_122,True,Company_B,content_editor_01,Digital_News,Hindi,debate,shorts,Youtube,,True,2025-12-01 00:00:00.000000,52.18,7.8,0.81,110.0,External,25.41,1575000.0,50339.0,2275.0,126.0,131.25,my_key_moments,2025-12-01 02:04:21.695645,WS-DIGITAL-NEWS
YT0021488,"- TikToks So Wild, I Had to React!",source_122,source_122,True,Company_B,content_editor_01,Digital_News,Hindi,debate,shorts,Youtube,,True,2025-12-02 00:00:00.000000,28.6,16.65,67.28,700.0,Channel Page,3.22,1271102.0,89431.0,5958.0,108.0,3230.7176666666664,my_key_moments,2025-12-02 00:46:35.456170,WS-DIGITAL-NEWS
YT0019409,- Reacting to TikToks That Broke My Brain! 🤯,source_123,source_123,True,Company_B,content_editor_01,Digital_News,Hindi,debate,shorts,Youtube,,True,2025-12-02 00:00:00.000000,45.6,10.7,10.46,604.0,Notifications,15.96,1359764.0,79235.0,2912.0,1731.0,1208.6791666666666,summary,2025-12-02 07:38:55.856277,WS-DIGITAL-NEWS
YT0022377,"- The Funniest, Weirdest, and Most Viral TikToks!",source_122,source_122,True,Company_B,content_editor_01,Digital_News,Hindi,debate,shorts,Youtube,,True,2025-12-02 00:00:00.000000,16.62,8.783333333333333,79.22,617.0,Shorts Feed,16.49,1960963.0,62214.0,7502.0,475.0,699.047,key_moments,2025-12-02 02:36:10.433041,WS-DIGITAL-NEWS
YT0026838,"- Viral TikToks So Crazy, I Question Reality!",source_123,source_123,True,Company_B,content_editor_01,Digital_News,Hindi,interview,shorts,Youtube,,True,2025-12-02 00:00:00.000000,68.5,53.46666666666667,85.92,170.0,Browse,27.5,1867945.0,90417.0,2942.0,245.0,23850.890333333333,full_package,2025-12-02 00:58:46.816873,WS-DIGITAL-NEWS
YT0006852,- I React to TikToks That Will Make You Cringe!,source_122,source_122,True,Company_B,content_editor_01,Digital_News,Hindi,interview,shorts,Youtube,,True,2025-12-02 00:00:00.000000,52.97,13.466666666666669,15.71,253.0,Search,7.36,1115050.0,6168.0,3701.0,948.0,1848.0921666666663,full_package,2025-12-02 03:31:24.975912,WS-DIGITAL-NEWS
YT0003036,- I Tried Viral TikTok Trends...It Was a Disaster!,source_122,source_122,True,Company_B,content_editor_01,Digital_News,Hindi,interview,shorts,Youtube,,True,2025-12-02 00:00:00.000000,33.84,8.05,2.92,640.0,Channel Page,14.79,1677407.0,21269.0,7743.0,349.0,256.2705,key_moments,2025-12-02 10:42:19.149213,WS-DIGITAL-NEWS
YT0017225,- Reacting to Your Favorite TikToks!,source_122,source_122,True,Company_B,content_editor_01,Digital_News,Hindi,debate,shorts,Youtube,,True,2025-12-02 00:00:00.000000,54.28,11.966666666666669,11.37,443.0,Shorts Feed,6.53,1953541.0,20340.0,7298.0,1021.0,2423.837833333333,key_moments,2025-12-02 01:27:21.596420,WS-DIGITAL-NEWS
YT0005165,- The Internet is a Strange Place: Viral TikTok Reactions!,source_122,source_122,True,Company_B,content_editor_01,Digital_News,Hindi,press_conference,shorts,Youtube,,True,2025-12-02 00:00:00.000000,47.19,14.65,22.21,31.0,Search,8.92,1125805.0,7759.0,7637.0,294.0,2235.973833333333,my_key_moments,2025-12-03 01:55:19.115572,WS-DIGITAL-NEWS
YT0018256,"- TikToks That Made Me Say ""OMG!""",source_123,source_123,True,Company_B,content_editor_01,Digital_News,Hindi,discussion_show,shorts,Youtube,,True,2025-12-03 00:00:00.000000,27.25,13.033333333333331,45.17,232.0,Playlist,17.92,1509163.0,60156.0,3416.0,1331.0,2319.6395,key_moments,2025-12-03 02:02:46.354408,WS-DIGITAL-NEWS
YT0006205,- From Cringe to Heartwarming: Reacting to Viral TikToks!,source_123,source_123,True,Company_B,content_editor_01,Digital_News,Hindi,debate,shorts,Youtube,,True,2025-12-03 00:00:00.000000,66.27000000000001,52.53333333333333,87.84,192.0,Channel Page,10.11,1782825.0,86918.0,3929.0,1010.0,22301.820166666665,full_package,2025-12-03 04:17:18.075451,WS-DIGITAL-NEWS
YT0026709,- Ghost TikToks & Epic Fails: Reacting to the Internet's Wildest Videos!,source_123,source_123,True,Company_B,content_editor_01,Digital_News,Hindi,debate,shorts,Youtube,,True,2025-12-03 00:00:00.000000,54.33,43.38333333333333,91.24,207.0,Suggested,17.52,1784781.0,36751.0,5671.0,830.0,17789.969833333333,full_package,2025-12-03 01:30:29.908442,WS-DIGITAL-NEWS
YT0029478,- TikToks That Broke My Brain! (I Can't Unsee This),source_124,source_124,True,Company_B,content_editor_01,Digital_News,Hindi,interview,shorts,Youtube,,True,2025-12-03 00:00:00.000000,16.5,8.483333333333333,65.56,468.0,Shorts Feed,26.04,1519207.0,63238.0,7709.0,1946.0,414.9685,chapters,2025-12-03 04:08:07.418876,WS-DIGITAL-NEWS
YT0007174,- Reacting to TikToks That Made Me Question EVERYTHING,source_124,source_124,True,Company_B,content_editor_01,Digital_News,Hindi,debate,shorts,Youtube,,True,2025-12-05 00:00:00.000000,71.39,24.7,30.5,252.0,Shorts Feed,11.64,1148677.0,70656.0,7156.0,1789.0,5488.1235,key_moments,2025-12-05 03:35:38.792238,WS-DIGITAL-NEWS
YT0011864,- I'm Officially ADDICTED to These Viral TikToks!,source_124,source_124,True,Company_B,content_editor_01,Digital_News,Hindi,discussion_show,shorts,Youtube,,True,2025-12-05 00:00:00.000000,49.93,29.466666666666665,62.89,281.0,External,23.46,1726860.0,65700.0,3024.0,771.0,10537.043833333331,full_package,2025-12-05 01:12:53.803885,WS-DIGITAL-NEWS
YT0014711,- Savage TikTok Fails That Will Make You Cringe!,source_124,source_124,True,Company_B,content_editor_01,Digital_News,Hindi,speech,shorts,Youtube,,True,2025-12-06 00:00:00.000000,69.44,58.43333333333333,93.56,506.0,Channel Page,4.0,1255202.0,77140.0,4078.0,582.0,17758.783833333335,summary,2025-12-07 14:21:27.809253,WS-DIGITAL-NEWS
YT0014301,- Heartwarming TikToks That Restored My Faith in Humanity,source_124,source_124,True,Company_B,content_editor_01,Digital_News,Hindi,debate,shorts,Youtube,,True,2025-12-06 00:00:00.000000,50.68,29.75,62.36,252.0,Playlist,29.12,1092269.0,87373.0,5437.0,88.0,6750.829166666666,chapters,2025-12-06 02:41:28.682690,WS-DIGITAL-NEWS
YT0022841,- The Weirdest TikToks I've EVER Seen! (Viewer Discretion Advised),source_124,source_124,True,Company_B,content_editor_01,Digital_News,Hindi,debate,shorts,Youtube,,True,2025-12-06 00:00:00.000000,59.95,36.78333333333333,65.15,599.0,Search,27.4,1393225.0,97482.0,5756.0,69.0,11332.853333333333,key_moments,2025-12-06 02:41:35.464131,WS-DIGITAL-NEWS
YT0014533,- Reacting to TikToks That Broke the Internet!,source_125,source_125,True,Company_B,content_editor_01,Digital_News,Hindi,speech,shorts,Youtube,,True,2025-12-07 00:00:00.000000,21.23,12.516666666666666,80.52,331.0,Suggested,23.15,1451867.0,54667.0,3781.0,2923.0,2023.2035,key_moments,2025-12-07 08:41:03.675925,WS-DIGITAL-NEWS
YT0027672,- From Fails to Feels: Reacting to Viral TikToks!,source_124,source_124,True,Company_B,content_editor_01,Digital_News,Hindi,discussion_show,shorts,Youtube,,True,2025-12-07 00:00:00.000000,25.71,13.85,59.29,48.0,Shorts Feed,26.14,1291936.0,87938.0,1525.0,760.0,2278.8315,full_package,2025-12-07 17:04:35.093759,WS-DIGITAL-NEWS
YT0001423,- I Can't Believe These TikToks Went Viral!,source_125,source_125,True,Company_B,content_editor_01,Digital_News,Hindi,debate,shorts,Youtube,,True,2025-12-08 00:00:00.000000,73.21000000000001,17.233333333333334,16.72,253.0,Channel Page,7.47,1883277.0,56430.0,1123.0,2101.0,5091.823,key_moments,2025-12-08 09:50:59.021330,WS-DIGITAL-NEWS
YT0001358,"- TikToks That Made Me LOL, Cry, and Question Everything!",source_125,source_125,True,Company_B,content_editor_01,Digital_News,Hindi,press_conference,shorts,Youtube,,True,2025-12-08 00:00:00.000000,57.78,8.75,2.92,323.0,Shorts Feed,6.46,1820578.0,61737.0,1617.0,2967.0,632.1451666666667,key_moments,2025-12-08 01:31:48.454579,WS-DIGITAL-NEWS
YT0013576,- Reacting to YOUR TikToks! (You Guys Are Wild!),source_125,source_125,True,Company_B,content_editor_01,Digital_News,Hindi,press_conference,shorts,Youtube,,True,2025-12-08 00:00:00.000000,38.93,17.65,42.42,66.0,Suggested,3.7,1493678.0,66693.0,5396.0,1848.0,4211.342166666666,full_package,2025-12-08 04:44:47.640325,WS-DIGITAL-NEWS
YT0026810,- Controversial TikToks: Let's Talk About It!,source_125,source_125,True,Company_B,content_editor_01,Digital_News,Hindi,discussion_show,shorts,Youtube,,True,2025-12-09 00:00:00.000000,25.28,16.366666666666667,86.25,549.0,Suggested,22.42,1903597.0,47293.0,1827.0,2026.0,4688.488833333334,key_moments,2025-12-09 00:53:16.735781,WS-DIGITAL-NEWS
YT0010569,- Viral TikToks of the Week?! My Honest Reactions!,source_126,source_126,True,Company_B,content_editor_01,Digital_News,Hindi,interview,shorts,Youtube,,True,2025-12-09 00:00:00.000000,68.07,45.75,72.07,39.0,Browse,8.55,1510981.0,48006.0,4527.0,691.0,16054.173166666667,key_moments,2025-12-09 08:13:44.220049,WS-DIGITAL-NEWS
YT0021751,- Reacting to TikToks That Broke the Internet! 🤯,source_126,source_126,True,Company_B,content_editor_01,Digital_News,Hindi,debate,shorts,Youtube,,True,2025-12-09 00:00:00.000000,19.61,10.166666666666666,57.85,194.0,Suggested,1.7,1564494.0,29296.0,3960.0,2980.0,1158.8845,full_package,2025-12-09 01:04:52.601483,WS-DIGITAL-NEWS
YT0004135,- I Reacted to the WILDEST TikToks (You Won't Believe These!),source_126,source_126,True,Company_B,content_editor_01,Digital_News,Hindi,debate,shorts,Youtube,,True,2025-12-11 00:00:00.000000,65.32,10.366666666666667,5.7,666.0,Browse,10.2,1578393.0,38301.0,7123.0,993.0,1256.8685,my_key_moments,2025-12-11 02:06:13.589638,WS-DIGITAL-NEWS
YT0001392,"- TikToks So Viral, They're SCARY! (Reacting)",source_126,source_126,True,Company_B,content_editor_01,Digital_News,Hindi,discussion_show,shorts,Youtube,,True,2025-12-11 00:00:00.000000,16.7,9.083333333333334,93.14,413.0,Search,7.75,1584553.0,16353.0,7880.0,1923.0,696.9098333333333,chapters,2025-12-11 03:59:23.165864,WS-DIGITAL-NEWS
YT0027633,- I Tried Viral TikTok Recipes... BIG MISTAKE!,source_126,source_126,True,Company_B,content_editor_01,Digital_News,Hindi,debate,shorts,Youtube,,True,2025-12-12 00:00:00.000000,63.81,54.95,97.21,515.0,Channel Page,27.54,1799338.0,22760.0,3044.0,1633.0,23716.2745,key_moments,2025-12-12 05:42:37.656600,WS-DIGITAL-NEWS
YT0006729,- Kitchen Nightmares React: You Won't Believe This!,source_127,source_127,True,Company_B,content_editor_01,Digital_News,Hindi,interview,shorts,Youtube,,True,2025-12-13 00:00:00.000000,42.43,18.116666666666667,38.7,77.0,Search,1.44,1628891.0,83113.0,6146.0,2703.0,4803.720166666667,my_key_moments,2025-12-13 03:14:47.039676,WS-DIGITAL-NEWS
YT0025407,- Cooking Fails So Bad They're Hilarious! 😂,source_127,source_127,True,Company_B,content_editor_01,Digital_News,Hindi,press_conference,shorts,Youtube,,True,2025-12-13 00:00:00.000000,33.44,13.0,29.83,696.0,Channel Page,27.45,1496313.0,41817.0,1901.0,2652.0,2286.0336666666667,summary,2025-12-13 13:29:05.191517,WS-DIGITAL-NEWS
YT0008585,- Reacting to TikToks That Will Make You CRY! 😭,source_126,source_126,True,Company_B,content_editor_01,Digital_News,Hindi,debate,shorts,Youtube,,True,2025-12-13 00:00:00.000000,32.86,22.366666666666667,83.24,661.0,Search,26.32,1543402.0,69533.0,6324.0,550.0,6373.678666666666,key_moments,2025-12-13 07:08:02.758014,WS-DIGITAL-NEWS
YT0001450,- I Reacted to the WORST Cooking Fails EVER!,source_127,source_127,True,Company_B,content_editor_01,Digital_News,Hindi,discussion_show,shorts,Youtube,,True,2025-12-14 00:00:00.000000,29.71,10.316666666666666,19.15,223.0,Browse,10.6,1640916.0,18429.0,2789.0,1894.0,1283.8648333333333,chapters,2025-12-14 06:41:59.195321,WS-DIGITAL-NEWS
YT0022613,- Epic Kitchen FAILS! (Chef Reacts!),source_127,source_127,True,Company_B,content_editor_01,Digital_News,Hindi,debate,shorts,Youtube,,True,2025-12-14 00:00:00.000000,24.98,8.083333333333334,5.85,34.0,Playlist,22.74,1851592.0,29443.0,6790.0,556.0,300.0265,key_moments,2025-12-14 01:29:45.485611,WS-DIGITAL-NEWS
YT0011164,- Internet's Funniest Cooking Disasters!,source_127,source_127,True,Company_B,content_editor_01,Digital_News,Hindi,press_conference,shorts,Youtube,,True,2025-12-15 00:00:00.000000,73.77000000000001,14.433333333333334,11.8,437.0,Suggested,16.23,1451422.0,25346.0,3073.0,73.0,2795.331333333333,key_moments,2025-12-15 15:34:36.819339,WS-DIGITAL-NEWS
YT0001357,- Exploding Microwaves & Cake Wrecks! 🤣,source_127,source_127,True,Company_B,content_editor_01,Digital_News,Hindi,debate,shorts,Youtube,,True,2025-12-15 00:00:00.000000,38.35,14.8,31.26,260.0,Channel Page,1.5,1654585.0,53274.0,2258.0,89.0,3355.1306666666665,full_package,2025-12-15 02:06:14.414776,WS-DIGITAL-NEWS
YT0025287,- Viral TikToks of the Week: My UNFILTERED Reactions!,source_128,source_128,True,Company_B,content_editor_01,Digital_News,Hindi,interview,shorts,Youtube,,True,2025-12-15 00:00:00.000000,43.510000000000005,23.016666666666666,54.43,9.0,Browse,14.66,1581836.0,74488.0,7920.0,486.0,6818.006166666667,key_moments,2025-12-15 16:03:35.803368,WS-DIGITAL-NEWS
YT0003174,- I Reacted to the WILDEST TikToks (You Won't Believe #3!),source_128,source_128,True,Company_B,content_editor_01,Digital_News,Hindi,discussion_show,shorts,Youtube,,True,2025-12-15 00:00:00.000000,38.18,26.683333333333334,82.76,91.0,Notifications,20.6,1100065.0,29570.0,6566.0,1091.0,5861.920499999999,full_package,2025-12-15 20:10:01.403393,WS-DIGITAL-NEWS
YT0019158,- TikToks Gone TOO FAR?! Reacting to the Most Controversial Trends,source_128,source_128,True,Company_B,content_editor_01,Digital_News,Hindi,discussion_show,shorts,Youtube,,True,2025-12-15 00:00:00.000000,73.71000000000001,30.03333333333333,38.38,590.0,Notifications,12.01,1515866.0,57030.0,400.0,450.0,9488.198333333334,key_moments,2025-12-15 06:01:40.893449,WS-DIGITAL-NEWS
YT0013780,- Cringe or Genius? Reacting to Viral TikToks... Honestly.,source_128,source_128,True,Company_B,content_editor_01,Digital_News,Hindi,interview,shorts,Youtube,,True,2025-12-16 00:00:00.000000,64.88,48.95,83.1,166.0,Channel Page,16.63,1466924.0,86563.0,5708.0,172.0,16890.0,key_moments,2025-12-16 09:07:59.148897,WS-DIGITAL-NEWS
YT0012225,- I Tried Viral TikTok Trends... It Was a DISASTER!,source_128,source_128,True,Company_B,content_editor_01,Digital_News,Hindi,interview,shorts,Youtube,,True,2025-12-17 00:00:00.000000,28.73,18.916666666666664,83.15,506.0,Suggested,11.62,1463541.0,99179.0,2563.0,1354.0,4641.322166666667,key_moments,2025-12-17 00:20:22.493220,WS-DIGITAL-NEWS
YT0010142,- This Week's TikToks Broke My Brain (and Made Me Laugh!),source_128,source_128,True,Company_B,content_editor_01,Digital_News,Hindi,discussion_show,shorts,Youtube,,True,2025-12-17 00:00:00.000000,55.01,16.55,22.62,231.0,Suggested,7.56,1436570.0,62853.0,66.0,1109.0,3611.377333333333,chapters,2025-12-17 03:25:20.028534,WS-DIGITAL-NEWS
YT0014763,"- Reacting to TikToks So Viral, They're SCARY!",source_128,source_128,True,Company_B,content_editor_01,Digital_News,Hindi,interview,shorts,Youtube,,True,2025-12-18 00:00:00.000000,49.4,13.25,16.72,276.0,External,1.26,1457777.0,68193.0,1306.0,748.0,2328.393833333333,full_package,2025-12-18 09:39:37.155446,WS-DIGITAL-NEWS
YT0004549,- TikToks That Made Me Question Everything!,source_129,source_129,True,Company_B,content_editor_01,Digital_News,Hindi,speech,shorts,Youtube,,True,2025-12-18 00:00:00.000000,50.27,9.433333333333334,5.48,118.0,External,19.23,1439915.0,9407.0,1309.0,1504.0,773.2876666666667,summary,2025-12-18 08:22:49.649066,WS-DIGITAL-NEWS
YT0020533,- The Internet is WILD: Reacting to the Craziest TikToks!,source_128,source_128,True,Company_B,content_editor_01,Digital_News,Hindi,discussion_show,shorts,Youtube,,True,2025-12-18 00:00:00.000000,50.31,15.566666666666666,22.85,21.0,Notifications,15.81,1585110.0,59473.0,6856.0,239.0,3551.8205000000003,key_moments,2025-12-18 01:30:27.342134,WS-DIGITAL-NEWS
YT0011007,- I Can't Believe These TikToks Are Real!,source_129,source_129,True,Company_B,content_editor_01,Digital_News,Hindi,discussion_show,shorts,Youtube,,True,2025-12-19 00:00:00.000000,26.43,17.0,83.11,78.0,Search,20.41,1425220.0,33619.0,2423.0,2895.0,3760.9971666666665,key_moments,2025-12-19 03:09:44.474881,WS-DIGITAL-NEWS
YT0013546,- Reacting to TikToks That Broke the Internet!,source_129,source_129,True,Company_B,content_editor_01,Digital_News,Hindi,debate,shorts,Youtube,,True,2025-12-19 00:00:00.000000,42.08,27.816666666666663,75.02,584.0,Browse,11.02,1836551.0,39533.0,7551.0,1144.0,10364.6095,chapters,2025-12-19 00:31:32.948758,WS-DIGITAL-NEWS
YT0003403,- Savage TikToks That Will Make You Cringe!,source_129,source_129,True,Company_B,content_editor_01,Digital_News,Hindi,interview,shorts,Youtube,,True,2025-12-19 00:00:00.000000,19.16,11.35,92.55,339.0,Suggested,8.54,1257626.0,61317.0,2649.0,129.0,1344.9611666666667,key_moments,2025-12-19 05:33:57.839855,WS-DIGITAL-NEWS
YT0005965,- From Fails to Feels: Reacting to Viral TikToks!,source_129,source_129,True,Company_B,content_editor_01,Digital_News,Hindi,discussion_show,shorts,Youtube,,True,2025-12-20 00:00:00.000000,16.26,8.083333333333334,46.3,366.0,Notifications,2.8,1906218.0,24046.0,5575.0,595.0,308.878,full_package,2025-12-20 00:53:11.737648,WS-DIGITAL-NEWS
YT0029045,- The Most Shocking TikToks I've Ever Seen!,source_129,source_129,True,Company_B,content_editor_01,Digital_News,Hindi,discussion_show,shorts,Youtube,,True,2025-12-20 00:00:00.000000,37.25,12.533333333333331,22.62,2.0,Channel Page,13.49,1949286.0,85670.0,3316.0,1921.0,2725.3906666666667,key_moments,2025-12-20 09:52:53.838027,WS-DIGITAL-NEWS
YT0002164,- I Reacted to the WILDEST Viral Videos!,source_130,source_130,True,Company_B,content_editor_01,Digital_News,Hindi,debate,shorts,Youtube,,True,2025-12-21 00:00:00.000000,52.94,37.3,78.55,636.0,Suggested,17.23,1676014.0,67774.0,5401.0,2328.0,13873.6715,key_moments,2025-12-21 10:18:12.251567,WS-DIGITAL-NEWS
YT0008988,- Squirrel Ninjas & Kitchen Nightmares! (Viral Reaction),source_130,source_130,True,Company_B,content_editor_01,Digital_News,Hindi,press_conference,shorts,Youtube,,True,2025-12-21 00:00:00.000000,34.09,21.333333333333336,72.46,379.0,Browse,12.5,1744982.0,26646.0,2129.0,144.0,6705.254833333333,full_package,2025-12-21 02:44:12.593845,WS-DIGITAL-NEWS
YT0000299,- Reacting to Viral Videos That Will Make You LOL & Cringe!,source_130,source_130,True,Company_B,content_editor_01,Digital_News,Hindi,discussion_show,shorts,Youtube,,True,2025-12-21 00:00:00.000000,57.77,18.15,24.9,418.0,Suggested,13.49,1193600.0,12576.0,3774.0,1814.0,3531.0666666666666,chapters,2025-12-21 06:04:11.049468,WS-DIGITAL-NEWS
YT0023851,"- TikToks So Crazy, I Lost My Speech!",source_129,source_129,True,Company_B,content_editor_01,Digital_News,Hindi,interview,shorts,Youtube,,True,2025-12-21 00:00:00.000000,62.88,21.7,29.66,170.0,Notifications,12.46,1844921.0,84381.0,797.0,2498.0,7277.188333333333,key_moments,2025-12-21 03:21:44.160389,WS-DIGITAL-NEWS
YT0003777,- Deep Sea Nightmares & Epic Fails! (Viral Reaction),source_130,source_130,True,Company_B,content_editor_01,Digital_News,Hindi,debate,shorts,Youtube,,True,2025-12-22 00:00:00.000000,37.1,22.2,66.52,450.0,Notifications,9.62,1424929.0,33541.0,3230.0,2120.0,5818.46,summary,2025-12-22 04:51:14.714015,WS-DIGITAL-NEWS
YT0028200,- I Can't Believe These Viral Videos Are Real!,source_130,source_130,True,Company_B,content_editor_01,Digital_News,Hindi,speech,shorts,Youtube,,True,2025-12-22 00:00:00.000000,44.64,15.25,26.15,499.0,Suggested,6.44,1345355.0,39245.0,7145.0,1277.0,2896.250333333333,summary,2025-12-22 01:35:51.269816,WS-DIGITAL-NEWS
YT0019297,- From Heartwarming to WTF: Reacting to Viral Videos!,source_130,source_130,True,Company_B,content_editor_01,Digital_News,Hindi,debate,shorts,Youtube,,True,2025-12-22 00:00:00.000000,74.33,48.35,68.85,363.0,Notifications,10.88,1747019.0,21252.0,3878.0,2838.0,19823.812833333333,key_moments,2025-12-22 06:34:54.010749,WS-DIGITAL-NEWS
YT0026985,- TikToks Gone WILD! Reacting to the Craziest Viral Videos,source_131,source_131,True,Company_B,content_editor_01,Digital_News,Hindi,debate,shorts,Youtube,,True,2025-12-22 00:00:00.000000,49.85,42.21666666666667,99.62,4.0,Browse,14.94,1832920.0,354.0,6073.0,1911.0,17675.798,key_moments,2025-12-22 01:04:33.970780,WS-DIGITAL-NEWS
YT0008997,- I Can't Believe These TikToks Went Viral! (My Honest Reactions),source_131,source_131,True,Company_B,content_editor_01,Digital_News,Hindi,press_conference,shorts,Youtube,,True,2025-12-22 00:00:00.000000,40.510000000000005,22.366666666666667,58.28,199.0,Suggested,15.3,1634646.0,35388.0,5754.0,1969.0,6750.4825,summary,2025-12-22 00:55:31.038365,WS-DIGITAL-NEWS
YT0016947,- Reacting to TikToks That BROKE the Internet!,source_131,source_131,True,Company_B,content_editor_01,Digital_News,Hindi,press_conference,shorts,Youtube,,True,2025-12-22 00:00:00.000000,19.86,11.5,82.3,20.0,Playlist,2.99,1284200.0,54920.0,4036.0,2287.0,1426.8888333333334,full_package,2025-12-22 03:37:41.716581,WS-DIGITAL-NEWS
YT0007495,"- Viral TikToks of the Week: Laughs, Fails & WTF Moments!",source_131,source_131,True,Company_B,content_editor_01,Digital_News,Hindi,debate,shorts,Youtube,,True,2025-12-23 00:00:00.000000,52.66,19.75,32.53,280.0,External,19.33,1302779.0,69224.0,7885.0,268.0,4433.0675,key_moments,2025-12-23 03:22:40.993590,WS-DIGITAL-NEWS
YT0017756,- I Tried Viral TikTok Trends... Did I Succeed?!,source_131,source_131,True,Company_B,content_editor_01,Digital_News,Hindi,discussion_show,shorts,Youtube,,True,2025-12-23 00:00:00.000000,36.36,20.366666666666667,60.24,581.0,External,28.28,1927671.0,93393.0,7922.0,1909.0,6889.639,my_key_moments,2025-12-23 04:58:24.813566,WS-DIGITAL-NEWS
YT0004841,- The Most Addicting TikToks Right Now (Reacting LIVE!),source_131,source_131,True,Company_B,content_editor_01,Digital_News,Hindi,interview,shorts,Youtube,,True,2025-12-23 00:00:00.000000,64.99000000000001,29.85,44.71,494.0,Shorts Feed,0.82,1779989.0,70808.0,5090.0,346.0,11050.765,chapters,2025-12-23 02:22:44.469694,WS-DIGITAL-NEWS
YT0012888,"- TikToks That Will Make You Say ""WTF?!"" (I'm Shook)",source_131,source_131,True,Company_B,content_editor_01,Digital_News,Hindi,press_conference,shorts,Youtube,,True,2025-12-23 00:00:00.000000,28.96,12.566666666666666,36.29,267.0,Search,21.67,1264352.0,84875.0,7994.0,1896.0,1779.4583333333333,my_key_moments,2025-12-23 18:04:50.690714,WS-DIGITAL-NEWS
YT0022919,- I Reacted to the WILDEST TikToks of the Week! 😂,source_132,source_132,True,Company_B,content_editor_01,Digital_News,Hindi,discussion_show,shorts,Youtube,,True,2025-12-24 00:00:00.000000,51.24,32.21666666666667,68.2,618.0,Playlist,3.16,1867010.0,89787.0,273.0,733.0,12818.406666666668,full_package,2025-12-24 04:32:54.286337,WS-DIGITAL-NEWS
YT0021690,- Cringe Alert! Reacting to TikToks That Made Me Cringe!😬,source_132,source_132,True,Company_B,content_editor_01,Digital_News,Hindi,discussion_show,shorts,Youtube,,True,2025-12-24 00:00:00.000000,38.54,27.98333333333333,87.02,173.0,External,12.1,1548740.0,4335.0,5991.0,829.0,8812.043833333333,my_key_moments,2025-12-24 04:49:08.978514,WS-DIGITAL-NEWS
YT0017966,- Viral TikToks That Broke the Internet! (I'm Officially Obsessed),source_132,source_132,True,Company_B,content_editor_01,Digital_News,Hindi,interview,shorts,Youtube,,True,2025-12-25 00:00:00.000000,68.96000000000001,33.18333333333334,47.6,271.0,Search,13.8,1981056.0,98978.0,4399.0,1610.0,14133.367166666669,chapters,2025-12-25 04:41:01.203104,WS-DIGITAL-NEWS
YT0014755,- I Tried Viral TikTok Trends... Hilarity Ensued!,source_132,source_132,True,Company_B,content_editor_01,Digital_News,Hindi,interview,shorts,Youtube,,True,2025-12-25 00:00:00.000000,35.760000000000005,26.433333333333334,91.2,179.0,Suggested,19.63,1387118.0,60334.0,260.0,1817.0,7295.213166666666,key_moments,2025-12-25 08:55:22.480166,WS-DIGITAL-NEWS
YT0011878,- The Most Bizarre TikToks I've Ever Seen! (WTF?!),source_132,source_132,True,Company_B,content_editor_01,Digital_News,Hindi,interview,shorts,Youtube,,True,2025-12-26 00:00:00.000000,24.61,10.083333333333332,26.88,35.0,Playlist,17.77,1760015.0,58400.0,4487.0,24.0,1262.9736666666663,key_moments,2025-12-26 06:20:29.239263,WS-DIGITAL-NEWS
YT0027247,- Am I The Jerk? These Stories Will SHOCK You!,source_133,source_133,True,Company_B,content_editor_01,Digital_News,Hindi,discussion_show,shorts,Youtube,,True,2025-12-27 00:00:00.000000,46.07,17.683333333333334,32.78,297.0,Playlist,27.18,1571573.0,51101.0,7610.0,1662.0,4445.5143333333335,full_package,2025-12-27 05:41:48.563412,WS-DIGITAL-NEWS
YT0004065,"- Reddit's WILDEST ""Am I The Jerk?"" Moments! 😱",source_133,source_133,True,Company_B,content_editor_01,Digital_News,Hindi,debate,shorts,Youtube,,True,2025-12-27 00:00:00.000000,31.78,8.9,8.34,85.0,Search,15.52,1192024.0,34455.0,2255.0,2076.0,463.5648333333333,key_moments,2025-12-27 07:12:25.949025,WS-DIGITAL-NEWS
YT0024743,- Reacting to the Most INSANE Reddit Stories EVER!,source_133,source_133,True,Company_B,content_editor_01,Digital_News,Hindi,press_conference,shorts,Youtube,,True,2025-12-27 00:00:00.000000,62.44,17.05,20.13,496.0,External,21.34,1548024.0,98195.0,794.0,2350.0,4106.563666666667,full_package,2025-12-27 00:55:45.233500,WS-DIGITAL-NEWS
YT0018103,- Reacting to TikToks: Prepare for Non-Stop Laughs!,source_132,source_132,True,Company_B,content_editor_01,Digital_News,Hindi,press_conference,shorts,Youtube,,True,2025-12-27 00:00:00.000000,41.22,8.833333333333334,5.09,609.0,Channel Page,16.47,1665561.0,21829.0,5011.0,1510.0,616.8745,key_moments,2025-12-27 00:57:27.847372,WS-DIGITAL-NEWS
YT0025703,- TikToks That Made Me Question EVERYTHING! 🤯,source_132,source_132,True,Company_B,content_editor_01,Digital_News,Hindi,interview,shorts,Youtube,,True,2025-12-27 00:00:00.000000,62.08,45.53333333333333,80.78,617.0,Browse,2.92,1611949.0,61622.0,5533.0,202.0,17029.942666666666,full_package,2025-12-27 03:45:49.927684,WS-DIGITAL-NEWS
YT0001912,"- ""Am I The Jerk?"" Fails That Will Make You Cringe!",source_133,source_133,True,Company_B,content_editor_01,Digital_News,Hindi,debate,shorts,Youtube,,True,2025-12-28 00:00:00.000000,40.33,32.1,97.12,282.0,Playlist,28.92,1303280.0,56351.0,6855.0,987.0,8905.746666666668,key_moments,2025-12-28 03:24:53.726608,WS-DIGITAL-NEWS
YT0003341,- The Jerk Awards: Reddit Edition! (You Won't Believe This!),source_133,source_133,True,Company_B,content_editor_01,Digital_News,Hindi,debate,shorts,Youtube,,True,2025-12-29 00:00:00.000000,58.62,49.75,96.86,395.0,Notifications,0.92,1713977.0,94900.0,1164.0,2057.0,20115.4245,my_key_moments,2025-12-29 06:21:38.607064,WS-DIGITAL-NEWS
YT0015140,- TikToks Gone WILD! (You Won't Believe What We Saw),source_134,source_134,True,Company_B,content_editor_01,Digital_News,Hindi,interview,shorts,Youtube,,True,2025-12-30 00:00:00.000000,60.17,42.0,76.38,137.0,Channel Page,16.96,1977330.0,55280.0,6519.0,507.0,18949.4125,key_moments,2025-12-30 04:03:52.450925,WS-DIGITAL-NEWS
YT0005191,- Reacting to TikToks That Broke the Internet!,source_134,source_134,True,Company_B,content_editor_01,Digital_News,Hindi,debate,shorts,Youtube,,True,2025-12-30 00:00:00.000000,43.8,29.33333333333333,75.81,547.0,Search,14.59,1869908.0,92684.0,1225.0,1035.0,11340.645666666667,key_moments,2025-12-30 06:22:16.284995,WS-DIGITAL-NEWS
YT0015814,"- Cringe, LOLs & WTF TikToks of the Week!",source_134,source_134,True,Company_B,content_editor_01,Digital_News,Hindi,speech,shorts,Youtube,,True,2025-12-30 00:00:00.000000,48.49,29.566666666666663,65.89,132.0,Browse,2.23,1362570.0,90178.0,7182.0,322.0,8352.0495,chapters,2025-12-30 01:28:36.164002,WS-DIGITAL-NEWS
YT0006837,- We Tried Viral TikTok Life Hacks... HUGE FAIL!,source_134,source_134,True,Company_B,content_editor_01,Digital_News,Hindi,discussion_show,shorts,Youtube,,True,2025-12-30 00:00:00.000000,36.29,26.416666666666668,88.85,59.0,Suggested,23.75,1170194.0,67413.0,1722.0,1332.0,6148.936,full_package,2025-12-30 03:57:56.753002,WS-DIGITAL-NEWS
YT0011210,- Addicted to TikTok: Reacting to This Week's BEST!,source_134,source_134,True,Company_B,content_editor_01,Digital_News,Hindi,interview,shorts,Youtube,,True,2025-12-30 00:00:00.000000,69.95,37.31666666666666,54.26,695.0,Notifications,21.48,1946139.0,87978.0,7216.0,915.0,16118.716,full_package,2025-12-30 01:22:05.288326,WS-DIGITAL-NEWS
YT0007974,- TikToks That Will Make You Question EVERYTHING!,source_134,source_134,True,Company_B,content_editor_01,Digital_News,Hindi,press_conference,shorts,Youtube,,True,2025-12-31 00:00:00.000000,35.78,21.916666666666664,69.38,485.0,Suggested,6.28,1680171.0,72190.0,6028.0,2209.0,6728.4625,my_key_moments,2025-12-31 05:27:03.239528,WS-DIGITAL-NEWS
YT0004281,- I Reacted to TikToks That BROKE the Internet! 😂,source_135,source_135,True,Company_B,content_editor_01,Digital_News,Hindi,discussion_show,shorts,Youtube,,True,2025-12-31 00:00:00.000000,29.58,19.583333333333336,82.88,160.0,Channel Page,19.12,1869761.0,82427.0,6190.0,1207.0,6275.818166666667,key_moments,2025-12-31 00:53:24.641324,WS-DIGITAL-NEWS
YT0007353,"- TikToks So Wild, I Lost It! (You Will Too)",source_135,source_135,True,Company_B,content_editor_01,Digital_News,Hindi,debate,shorts,Youtube,,True,2026-01-01 00:00:00.000000,63.81,26.633333333333333,39.2,629.0,Shorts Feed,11.42,1693537.0,22919.0,57.0,2291.0,9000.8355,chapters,2026-01-01 05:17:07.328454,WS-DIGITAL-NEWS
YT0010549,- Reacting to the Funniest TikToks EVER!,source_135,source_135,True,Company_B,content_editor_01,Digital_News,Hindi,interview,shorts,Youtube,,True,2026-01-02 00:00:00.000000,55.41,22.1,36.13,639.0,Suggested,3.77,1748371.0,14740.0,4069.0,2272.0,7090.615666666667,key_moments,2026-01-02 01:14:06.106200,WS-DIGITAL-NEWS
YT0017332,- These TikToks Made Me Question Everything...,source_135,source_135,True,Company_B,content_editor_01,Digital_News,Hindi,discussion_show,shorts,Youtube,,True,2026-01-02 00:00:00.000000,36.15,13.6,28.84,71.0,Shorts Feed,10.5,1208217.0,45034.0,2951.0,1398.0,2047.256666666667,chapters,2026-01-02 02:56:35.251955,WS-DIGITAL-NEWS
YT0022585,- The BEST TikToks of the Week?! (My Honest Reactions),source_135,source_135,True,Company_B,content_editor_01,Digital_News,Hindi,discussion_show,shorts,Youtube,,True,2026-01-02 00:00:00.000000,72.02000000000001,14.966666666666669,13.09,36.0,Shorts Feed,22.27,1445447.0,21867.0,1284.0,422.0,2997.964166666666,chapters,2026-01-02 08:11:04.034785,WS-DIGITAL-NEWS
YT0011346,- I'm Officially ADDICTED to These Viral TikToks!,source_135,source_135,True,Company_B,content_editor_01,Digital_News,Hindi,interview,shorts,Youtube,,True,2026-01-02 00:00:00.000000,20.65,8.5,17.7,180.0,Search,13.2,1686309.0,44100.0,2054.0,2177.0,468.4191666666667,key_moments,2026-01-02 04:47:52.785967,WS-DIGITAL-NEWS
YT0029397,"- Cringe, Laughs & Epic Fails: Reacting to Viral TikToks!",source_135,source_135,True,Company_B,content_editor_01,Digital_News,Hindi,speech,shorts,Youtube,,True,2026-01-03 00:00:00.000000,53.66,44.31666666666667,95.23,480.0,Shorts Feed,2.28,1879000.0,78557.0,6165.0,1832.0,19216.254666666668,key_moments,2026-01-03 01:04:20.126780,WS-DIGITAL-NEWS
YT0011222,- Reacting to TikToks That Broke the Internet! 🤣,source_136,source_136,True,Company_B,content_editor_01,Digital_News,Hindi,discussion_show,shorts,Youtube,,True,2026-01-03 00:00:00.000000,66.28,39.38333333333333,62.17,366.0,Suggested,28.87,1301634.0,66629.0,7030.0,642.0,11527.897333333332,full_package,2026-01-03 02:20:09.088883,WS-DIGITAL-NEWS
YT0021470,"- TikToks So Crazy, I Lost Brain Cells 💀",source_136,source_136,True,Company_B,content_editor_01,Digital_News,Hindi,debate,shorts,Youtube,,True,2026-01-04 00:00:00.000000,27.62,9.516666666666666,15.98,51.0,Suggested,5.02,1880924.0,39569.0,4172.0,2782.0,1053.6658333333332,key_moments,2026-01-04 01:12:12.416139,WS-DIGITAL-NEWS
YT0029168,- From Hilarious to Horrifying: TikTok Reaction!,source_136,source_136,True,Company_B,content_editor_01,Digital_News,Hindi,discussion_show,shorts,Youtube,,True,2026-01-04 00:00:00.000000,35.21,22.98333333333333,76.61,254.0,External,14.16,1593376.0,65042.0,6229.0,1512.0,6852.992166666667,my_key_moments,2026-01-04 01:01:51.445439,WS-DIGITAL-NEWS
YT0012644,- These TikToks Will Make You Question Everything 👀,source_136,source_136,True,Company_B,content_editor_01,Digital_News,Hindi,discussion_show,shorts,Youtube,,True,2026-01-04 00:00:00.000000,33.41,9.1,8.69,390.0,Search,1.74,1946481.0,63642.0,3408.0,933.0,865.1026666666668,chapters,2026-01-04 04:23:41.325537,WS-DIGITAL-NEWS
YT0023395,- Reacting to TikToks That BROKE the Internet!,source_137,source_137,True,Company_B,content_editor_01,Digital_News,Hindi,debate,shorts,Youtube,,True,2026-01-05 00:00:00.000000,69.27000000000001,11.216666666666669,6.85,695.0,External,21.22,1719038.0,51014.0,3818.0,1283.0,1774.7475000000002,key_moments,2026-01-05 06:15:43.953250,WS-DIGITAL-NEWS
YT0013288,- Viral TikToks of the Week: I Can't Believe These Are Real!,source_137,source_137,True,Company_B,content_editor_01,Digital_News,Hindi,debate,shorts,Youtube,,True,2026-01-05 00:00:00.000000,51.96,17.78333333333333,27.82,369.0,Search,12.63,1782145.0,98430.0,4725.0,1535.0,5090.6641666666665,full_package,2026-01-05 05:41:25.410363,WS-DIGITAL-NEWS
YT0016102,- I Reacted to the WILDEST TikToks (You Won't Believe This!),source_137,source_137,True,Company_B,content_editor_01,Digital_News,Hindi,interview,shorts,Youtube,,True,2026-01-06 00:00:00.000000,31.67,22.583333333333336,90.48,456.0,Playlist,8.28,1844923.0,23885.0,6615.0,719.0,7729.885666666667,key_moments,2026-01-06 06:28:40.426690,WS-DIGITAL-NEWS
YT0012304,- TikToks That Made Me Say OMG! (Viral Reactions),source_137,source_137,True,Company_B,content_editor_01,Digital_News,Hindi,debate,shorts,Youtube,,True,2026-01-06 00:00:00.000000,43.52,11.883333333333333,15.37,677.0,Playlist,23.45,1899061.0,26755.0,7286.0,107.0,2312.2826666666665,key_moments,2026-01-06 03:57:43.438656,WS-DIGITAL-NEWS
YT0010777,"- The Internet's Obsessed, So I Reacted! (Viral TikToks)",source_137,source_137,True,Company_B,content_editor_01,Digital_News,Hindi,speech,shorts,Youtube,,True,2026-01-06 00:00:00.000000,49.08,32.483333333333334,73.31,627.0,Browse,12.15,1468449.0,73125.0,499.0,2084.0,10190.764166666666,key_moments,2026-01-06 03:12:51.162732,WS-DIGITAL-NEWS
YT0017234,"- Cringe, Laughs & Shocks: Reacting to Viral TikToks!",source_137,source_137,True,Company_B,content_editor_01,Digital_News,Hindi,debate,shorts,Youtube,,True,2026-01-06 00:00:00.000000,54.54,35.016666666666666,69.59,122.0,Playlist,19.53,1607172.0,88496.0,5239.0,1695.0,12284.449,key_moments,2026-01-06 01:41:42.952954,WS-DIGITAL-NEWS
YT0015120,- Reacting to TikToks That Broke My Brain!,source_138,source_138,True,Company_B,content_editor_01,Digital_News,Hindi,debate,shorts,Youtube,,True,2026-01-06 00:00:00.000000,56.67,18.333333333333336,26.0,86.0,Search,16.05,1689119.0,84153.0,3219.0,772.0,5082.997,key_moments,2026-01-06 02:48:46.588293,WS-DIGITAL-NEWS
YT0027208,- I Tried Viral TikTok Recipes & Drama! (Reaction),source_137,source_137,True,Company_B,content_editor_01,Digital_News,Hindi,interview,shorts,Youtube,,True,2026-01-06 00:00:00.000000,19.36,7.933333333333334,9.94,475.0,Notifications,21.3,1564672.0,44587.0,297.0,327.0,188.34016666666668,full_package,2026-01-06 01:23:23.559196,WS-DIGITAL-NEWS
YT0024297,- I Can't Believe These TikToks Went Viral!,source_138,source_138,True,Company_B,content_editor_01,Digital_News,Hindi,press_conference,shorts,Youtube,,True,2026-01-07 00:00:00.000000,31.61,11.033333333333331,21.27,127.0,Shorts Feed,12.37,1671034.0,60777.0,174.0,1483.0,1640.089,key_moments,2026-01-07 02:02:03.554407,WS-DIGITAL-NEWS
YT0015483,- TikToks So Bad They're Good (A Reaction),source_138,source_138,True,Company_B,content_editor_01,Digital_News,Hindi,debate,shorts,Youtube,,True,2026-01-07 00:00:00.000000,34.71,25.58333333333333,91.75,344.0,Shorts Feed,3.26,1873501.0,52272.0,1087.0,2902.0,9410.873,chapters,2026-01-07 04:17:41.757280,WS-DIGITAL-NEWS
YT0025850,- Savage TikTok Reactions: You Won't Believe This!,source_138,source_138,True,Company_B,content_editor_01,Digital_News,Hindi,debate,shorts,Youtube,,True,2026-01-08 00:00:00.000000,34.36,25.95,95.3,428.0,Browse,29.6,1848669.0,66485.0,7990.0,2744.0,9474.428666666669,chapters,2026-01-08 03:38:24.862395,WS-DIGITAL-NEWS
YT0018722,- Cringe Alert! Reacting to the Wildest TikTok Fails,source_138,source_138,True,Company_B,content_editor_01,Digital_News,Hindi,debate,shorts,Youtube,,True,2026-01-09 00:00:00.000000,50.13,20.45,36.86,358.0,External,0.95,1474809.0,73614.0,872.0,1373.0,5305.215666666667,key_moments,2026-01-10 22:26:09.896051,WS-DIGITAL-NEWS
YT0020582,- TikToks That Made Me Question Everything!,source_138,source_138,True,Company_B,content_editor_01,Digital_News,Hindi,discussion_show,shorts,Youtube,,True,2026-01-09 00:00:00.000000,39.92,13.266666666666666,23.14,82.0,Shorts Feed,14.18,1384745.0,1645.0,974.0,906.0,2218.1563333333334,chapters,2026-01-09 01:21:46.651475,WS-DIGITAL-NEWS
YT0023745,- Reacting to TikToks That Broke the Internet! 😂,source_139,source_139,True,Company_B,content_editor_01,Digital_News,Hindi,discussion_show,shorts,Youtube,,True,2026-01-09 00:00:00.000000,73.91,62.61666666666667,93.56,4.0,External,7.07,1115824.0,45672.0,3462.0,2183.0,17083.471999999998,key_moments,2026-01-09 03:37:08.629821,WS-DIGITAL-NEWS
YT0026700,- I Can't Believe These TikToks Went Viral!,source_139,source_139,True,Company_B,content_editor_01,Digital_News,Hindi,debate,shorts,Youtube,,True,2026-01-09 00:00:00.000000,57.94,13.416666666666668,13.78,686.0,Search,3.83,1944804.0,81275.0,2982.0,974.0,3196.3213333333333,full_package,2026-01-09 01:16:50.067586,WS-DIGITAL-NEWS
YT0002557,"- TikToks So Wild, I Lost It! 😂",source_139,source_139,True,Company_B,content_editor_01,Digital_News,Hindi,debate,shorts,Youtube,,True,2026-01-09 00:00:00.000000,39.56,27.65,82.04,505.0,External,14.4,1784544.0,96314.0,599.0,2019.0,9988.489333333331,key_moments,2026-01-09 02:55:59.220991,WS-DIGITAL-NEWS
YT0029540,- Reacting to the Funniest TikToks (I'm Crying!),source_139,source_139,True,Company_B,content_editor_01,Digital_News,Hindi,discussion_show,shorts,Youtube,,True,2026-01-09 00:00:00.000000,71.13,14.483333333333334,12.44,586.0,External,5.6,1238046.0,4231.0,6464.0,2772.0,2401.58,my_key_moments,2026-01-09 03:01:48.623911,WS-DIGITAL-NEWS
YT0001342,"- Viral TikToks: The Good, The Bad, and The Hilarious!",source_139,source_139,True,Company_B,content_editor_01,Digital_News,Hindi,speech,shorts,Youtube,,True,2026-01-09 00:00:00.000000,51.39,13.283333333333331,15.89,12.0,Channel Page,10.16,1145105.0,74229.0,3005.0,2621.0,1839.59,summary,2026-01-09 07:51:47.654003,WS-DIGITAL-NEWS
YT0010248,- This Week's TikToks: You Won't Believe What I Saw!,source_139,source_139,True,Company_B,content_editor_01,Digital_News,Hindi,interview,shorts,Youtube,,True,2026-01-09 00:00:00.000000,29.82,17.35,66.46,287.0,External,18.75,1836545.0,34097.0,6910.0,2929.0,5024.991166666666,chapters,2026-01-09 02:47:29.219554,WS-DIGITAL-NEWS
YT0010003,- Reacting to TikToks That BROKE the Internet!,source_140,source_140,True,Company_B,content_editor_01,Digital_News,Hindi,discussion_show,shorts,Youtube,,True,2026-01-10 00:00:00.000000,50.76,28.666666666666668,59.19,494.0,Suggested,1.62,1818104.0,51194.0,3189.0,1772.0,10689.778166666663,key_moments,2026-01-10 03:25:56.379971,WS-DIGITAL-NEWS
YT0023009,- Viral TikToks of the Week: I Can't Stop Laughing!,source_140,source_140,True,Company_B,content_editor_01,Digital_News,Hindi,debate,shorts,Youtube,,True,2026-01-11 00:00:00.000000,23.48,13.666666666666668,72.72,116.0,Playlist,4.98,1320005.0,89125.0,6018.0,2784.0,2261.1196666666665,key_moments,2026-01-11 02:50:05.980139,WS-DIGITAL-NEWS
YT0022354,- I Reacted to the WILDEST TikToks (You Won't Believe These!),source_140,source_140,True,Company_B,content_editor_01,Digital_News,Hindi,debate,shorts,Youtube,,True,2026-01-11 00:00:00.000000,31.79,23.83333333333333,97.28,609.0,Browse,1.55,1610934.0,64184.0,5412.0,962.0,7308.867166666667,full_package,2026-01-11 01:18:14.477469,WS-DIGITAL-NEWS
YT0019686,- The Internet's Obsessed With These TikToks...Here's My Take.,source_140,source_140,True,Company_B,content_editor_01,Digital_News,Hindi,debate,shorts,Youtube,,True,2026-01-11 00:00:00.000000,41.6,11.25,14.1,248.0,Browse,6.73,1960596.0,20717.0,3528.0,904.0,2042.2875,full_package,2026-01-11 02:22:26.709107,WS-DIGITAL-NEWS
YT0015345,"- Cringiest, Funniest & Shocking TikToks of the Week!",source_140,source_140,True,Company_B,content_editor_01,Digital_News,Hindi,interview,shorts,Youtube,,True,2026-01-11 00:00:00.000000,70.83,25.716666666666665,32.63,475.0,Channel Page,20.49,1369366.0,36402.0,2090.0,372.0,6929.2455,my_key_moments,2026-01-11 02:56:48.746841,WS-DIGITAL-NEWS
YT0004043,- I Tried Viral TikTok Trends & Here's What Happened...,source_140,source_140,True,Company_B,content_editor_01,Digital_News,Hindi,press_conference,shorts,Youtube,,True,2026-01-11 00:00:00.000000,73.75999999999999,28.183333333333334,35.2,316.0,External,5.09,1361820.0,34131.0,1946.0,479.0,7824.160333333333,key_moments,2026-01-11 04:14:36.090800,WS-DIGITAL-NEWS
YT0015566,- AITA?! Reacting to the WILDEST Reddit Stories! 🤯,source_141,source_141,True,Company_B,content_editor_01,Digital_News,Hindi,press_conference,shorts,Youtube,,True,2026-01-12 00:00:00.000000,63.6,12.266666666666666,9.81,628.0,Suggested,21.96,1886924.0,65092.0,7008.0,2392.0,2498.427166666667,key_moments,2026-01-12 06:15:19.599893,WS-DIGITAL-NEWS
YT0018772,- Reddit's AITA: Prepare to Question Humanity! 😱,source_141,source_141,True,Company_B,content_editor_01,Digital_News,Hindi,speech,shorts,Youtube,,True,2026-01-12 00:00:00.000000,41.36,28.516666666666666,79.73,402.0,External,27.68,1385782.0,98227.0,4151.0,1856.0,8090.144,summary,2026-01-12 03:18:55.903979,WS-DIGITAL-NEWS
YT0012429,- I Can't Believe These AITA Stories Are Real! 💀,source_141,source_141,True,Company_B,content_editor_01,Digital_News,Hindi,speech,shorts,Youtube,,True,2026-01-12 00:00:00.000000,30.17,16.916666666666664,62.07,400.0,External,12.42,1978840.0,73909.0,4909.0,450.0,5176.132333333333,summary,2026-01-12 03:16:09.214663,WS-DIGITAL-NEWS
YT0013992,- JUDGING Your AITA Stories! (I'm Speechless!),source_141,source_141,True,Company_B,content_editor_01,Digital_News,Hindi,speech,shorts,Youtube,,True,2026-01-13 00:00:00.000000,49.02,32.61666666666667,73.83,183.0,External,26.5,1788166.0,72389.0,6190.0,2399.0,12475.769333333334,full_package,2026-01-13 01:00:34.885749,WS-DIGITAL-NEWS
YT0010033,"- The Most SHOCKING ""Am I the A**hole?"" Stories EVER!",source_141,source_141,True,Company_B,content_editor_01,Digital_News,Hindi,debate,shorts,Youtube,,True,2026-01-13 00:00:00.000000,51.81,25.85,49.85,664.0,Browse,20.56,1263491.0,76441.0,1328.0,1116.0,6440.294333333333,my_key_moments,2026-01-13 06:09:36.115257,WS-DIGITAL-NEWS
YT0011405,- TikToks That Broke Me! (Laughing + Crying Reaction),source_142,source_142,True,Company_B,content_editor_01,Digital_News,Hindi,debate,shorts,Youtube,,True,2026-01-14 00:00:00.000000,70.00999999999999,37.35,54.26,82.0,Browse,29.07,1202891.0,19467.0,1061.0,2393.0,9973.971166666666,my_key_moments,2026-01-14 02:17:32.448109,WS-DIGITAL-NEWS
YT0020605,- AITA Wedding Dress DRAMA?! (Reddit Reacts!) 👰‍♀️,source_141,source_141,True,Company_B,content_editor_01,Digital_News,Hindi,debate,shorts,Youtube,,True,2026-01-14 00:00:00.000000,16.22,7.65,12.3,312.0,External,9.55,1788361.0,56645.0,4824.0,528.0,74.515,key_moments,2026-01-14 07:16:18.194603,WS-DIGITAL-NEWS
YT0027077,- Petty Roommate Revenge or Justified? AITA Breakdown! 😈,source_141,source_141,True,Company_B,content_editor_01,Digital_News,Hindi,discussion_show,shorts,Youtube,,True,2026-01-14 00:00:00.000000,19.23,11.3,89.83,617.0,External,8.81,1323097.0,51736.0,2201.0,2092.0,1396.6023333333333,chapters,2026-01-14 11:28:00.084364,WS-DIGITAL-NEWS
YT0017402,- Insane In-Law Intervention! Reacting to CRAZY AITA Stories!,source_141,source_141,True,Company_B,content_editor_01,Digital_News,Hindi,debate,shorts,Youtube,,True,2026-01-14 00:00:00.000000,52.39,18.3,28.88,5.0,Notifications,16.38,1861732.0,95512.0,4208.0,1200.0,5585.196,chapters,2026-01-14 03:26:30.080406,WS-DIGITAL-NEWS
YT0002448,- Reacting to TikToks That Made Me Question Reality,source_142,source_142,True,Company_B,content_editor_01,Digital_News,Hindi,press_conference,shorts,Youtube,,True,2026-01-15 00:00:00.000000,73.25999999999999,31.0,40.34,424.0,External,27.2,1597942.0,74310.0,864.0,2411.0,10431.010333333334,key_moments,2026-01-15 01:45:50.789793,WS-DIGITAL-NEWS
YT0001368,- Viral TikToks I Can't Stop Watching!,source_142,source_142,True,Company_B,content_editor_01,Digital_News,Hindi,interview,shorts,Youtube,,True,2026-01-15 00:00:00.000000,68.31,15.733333333333333,15.44,537.0,Browse,18.4,1564032.0,5232.0,4145.0,1124.0,3576.999166666667,chapters,2026-01-15 03:56:48.911186,WS-DIGITAL-NEWS
YT0026958,- I Lost It Reacting to These Crazy TikToks!,source_142,source_142,True,Company_B,content_editor_01,Digital_News,Hindi,discussion_show,shorts,Youtube,,True,2026-01-16 00:00:00.000000,53.77,14.983333333333334,19.3,577.0,Playlist,18.11,1129072.0,7926.0,4585.0,1663.0,2347.0061666666666,key_moments,2026-01-16 05:17:13.294829,WS-DIGITAL-NEWS
YT0002596,- Reacting to TikTok Trends: HITS & MISSES! 🤣,source_143,source_143,True,Company_B,content_editor_01,Digital_News,Hindi,debate,shorts,Youtube,,True,2026-01-16 00:00:00.000000,19.38,8.45,21.69,172.0,Channel Page,24.27,1519296.0,36369.0,389.0,941.0,400.92533333333336,key_moments,2026-01-16 03:06:27.669178,WS-DIGITAL-NEWS
YT0008436,- TikTok Trends Gone WILD! (I Can't Believe These Are Real),source_143,source_143,True,Company_B,content_editor_01,Digital_News,Hindi,debate,shorts,Youtube,,True,2026-01-16 00:00:00.000000,74.93,39.266666666666666,53.01,593.0,Browse,17.08,1877932.0,16293.0,1952.0,2985.0,16571.011000000002,my_key_moments,2026-01-16 02:32:50.551985,WS-DIGITAL-NEWS
YT0025341,"- Cringe, Comedy & Chaos: Reacting to Viral TikToks!",source_142,source_142,True,Company_B,content_editor_01,Digital_News,Hindi,debate,shorts,Youtube,,True,2026-01-16 00:00:00.000000,46.44,33.63333333333333,83.12,190.0,External,14.61,1362373.0,81613.0,4512.0,783.0,9889.818833333333,key_moments,2026-01-16 06:16:42.352079,WS-DIGITAL-NEWS
YT0018386,- I Tried Viral TikTok Trends... HUGE MISTAKE!,source_143,source_143,True,Company_B,content_editor_01,Digital_News,Hindi,press_conference,shorts,Youtube,,True,2026-01-17 00:00:00.000000,36.98,12.2,21.38,425.0,Browse,0.58,1747249.0,85544.0,2501.0,2143.0,2281.1306666666665,my_key_moments,2026-01-17 05:57:20.696600,WS-DIGITAL-NEWS
YT0000049,- The Funniest TikToks of the Week! 😂 (I Lost It!),source_143,source_143,True,Company_B,content_editor_01,Digital_News,Hindi,discussion_show,shorts,Youtube,,True,2026-01-18 00:00:00.000000,31.58,20.4,77.8,464.0,Browse,25.35,1688191.0,43452.0,851.0,2420.0,6049.351,key_moments,2026-01-18 03:01:55.638593,WS-DIGITAL-NEWS
YT0013059,- TikTok Trends: Genius or Cringe? 🤔,source_143,source_143,True,Company_B,content_editor_01,Digital_News,Hindi,interview,shorts,Youtube,,True,2026-01-18 00:00:00.000000,66.25,44.48333333333333,72.16,209.0,Notifications,24.33,1522925.0,35727.0,4686.0,2419.0,15645.234166666669,key_moments,2026-01-18 01:03:54.255467,WS-DIGITAL-NEWS
YT0003487,- We Need to Talk About These TikTok Trends...,source_143,source_143,True,Company_B,content_editor_01,Digital_News,Hindi,debate,shorts,Youtube,,True,2026-01-19 00:00:00.000000,33.2,25.25,97.53,435.0,Shorts Feed,13.68,1427976.0,59994.0,2295.0,2267.0,7040.715,key_moments,2026-01-19 05:45:45.529027,WS-DIGITAL-NEWS
YT0002434,- I Reacted to the WILDEST TikToks This Week! 😂,source_144,source_144,True,Company_B,content_editor_01,Digital_News,Hindi,discussion_show,shorts,Youtube,,True,2026-01-19 00:00:00.000000,35.45,11.016666666666666,17.2,179.0,Suggested,13.99,1606632.0,62941.0,7582.0,2515.0,1569.4415,key_moments,2026-01-19 02:09:54.095437,WS-DIGITAL-NEWS
YT0015228,- Viral TikToks That BROKE Me! (Laughing & Crying),source_144,source_144,True,Company_B,content_editor_01,Digital_News,Hindi,discussion_show,shorts,Youtube,,True,2026-01-19 00:00:00.000000,49.14,11.983333333333334,13.13,451.0,Channel Page,2.32,1900012.0,21113.0,7063.0,270.0,2366.218666666666,chapters,2026-01-19 04:44:53.547735,WS-DIGITAL-NEWS
YT0014309,- I Can't Believe These TikToks Went Viral!,source_144,source_144,True,Company_B,content_editor_01,Digital_News,Hindi,interview,shorts,Youtube,,True,2026-01-20 00:00:00.000000,69.93,30.516666666666666,41.9,34.0,Search,0.3,1256626.0,90416.0,6832.0,590.0,8034.261666666667,key_moments,2026-01-20 04:30:50.992631,WS-DIGITAL-NEWS
YT0021764,- Reacting to YOUR TikToks! (You Won't Believe This!),source_144,source_144,True,Company_B,content_editor_01,Digital_News,Hindi,interview,shorts,Youtube,,True,2026-01-20 00:00:00.000000,66.28999999999999,13.483333333333334,11.67,236.0,Search,4.43,1311342.0,44696.0,3223.0,2260.0,2179.4990000000003,chapters,2026-01-20 00:52:57.422282,WS-DIGITAL-NEWS
YT0018405,- TikToks That Made Me Question Reality...,source_144,source_144,True,Company_B,content_editor_01,Digital_News,Hindi,debate,shorts,Youtube,,True,2026-01-20 00:00:00.000000,20.53,8.483333333333333,17.78,601.0,Shorts Feed,12.98,1397255.0,84499.0,4897.0,1660.0,381.6576666666666,my_key_moments,2026-01-20 04:16:05.020874,WS-DIGITAL-NEWS
YT0022074,- The Funniest Fails & Heartwarming Moments on TikTok!,source_144,source_144,True,Company_B,content_editor_01,Digital_News,Hindi,speech,shorts,Youtube,,True,2026-01-20 00:00:00.000000,35.78,28.016666666666666,98.73,61.0,Browse,8.28,1770926.0,90726.0,64.0,1769.0,10092.6385,summary,2026-01-20 06:02:13.486480,WS-DIGITAL-NEWS
YT0010660,- Reacting to TikToks That Broke the Internet! 😂,source_145,source_145,True,Company_B,content_editor_01,Digital_News,Hindi,debate,shorts,Youtube,,True,2026-01-21 00:00:00.000000,73.96000000000001,64.91666666666666,97.38,395.0,Shorts Feed,18.96,1362376.0,69799.0,1989.0,83.0,21728.635666666665,key_moments,2026-01-21 06:39:33.526016,WS-DIGITAL-NEWS
YT0020824,- Viral TikToks of the Week: I Can't Stop Laughing!,source_145,source_145,True,Company_B,content_editor_01,Digital_News,Hindi,press_conference,shorts,Youtube,,True,2026-01-21 00:00:00.000000,50.96,28.23333333333333,57.66,553.0,External,0.7,1976917.0,96374.0,282.0,2461.0,11385.5775,summary,2026-01-21 04:23:37.561458,WS-DIGITAL-NEWS
YT0020982,- I Reacted to the WILDEST TikToks (You Won't Believe These!),source_145,source_145,True,Company_B,content_editor_01,Digital_News,Hindi,debate,shorts,Youtube,,True,2026-01-21 00:00:00.000000,20.55,12.3,86.49,625.0,Suggested,18.9,1703133.0,55021.0,3852.0,2010.0,2270.844,chapters,2026-01-21 00:49:20.858830,WS-DIGITAL-NEWS
YT0020754,- This Week's TikToks Were TOO WILD!,source_144,source_144,True,Company_B,content_editor_01,Digital_News,Hindi,debate,shorts,Youtube,,True,2026-01-21 00:00:00.000000,73.81,19.45,20.32,283.0,Channel Page,18.33,1089071.0,67133.0,6529.0,1215.0,3615.110666666667,full_package,2026-01-21 11:06:40.544092,WS-DIGITAL-NEWS
YT0025633,"- Cringe, Fails & Viral Sensations: Reacting to This Week's TikToks!",source_145,source_145,True,Company_B,content_editor_01,Digital_News,Hindi,press_conference,shorts,Youtube,,True,2026-01-22 00:00:00.000000,26.02,17.116666666666667,87.27,479.0,Suggested,5.48,1626725.0,52658.0,2588.0,1739.0,4345.4645,key_moments,2026-01-22 05:33:26.282328,WS-DIGITAL-NEWS
YT0021257,- I Tried Viral TikTok Hacks & EVERYTHING Went Wrong!,source_145,source_145,True,Company_B,content_editor_01,Digital_News,Hindi,debate,shorts,Youtube,,True,2026-01-22 00:00:00.000000,73.85,62.1,92.78,554.0,Suggested,3.99,1318656.0,9196.0,3042.0,1020.0,19999.616,full_package,2026-01-22 01:31:39.035664,WS-DIGITAL-NEWS
YT0012213,- The Funniest TikToks You NEED to See!,source_145,source_145,True,Company_B,content_editor_01,Digital_News,Hindi,discussion_show,shorts,Youtube,,True,2026-01-23 00:00:00.000000,41.49,11.7,15.86,445.0,Search,24.83,1859348.0,29852.0,1526.0,104.0,2169.239333333333,chapters,2026-01-23 02:07:47.708233,WS-DIGITAL-NEWS
YT0028706,- TikTok Drama & Hilarious Fails: My Honest Reactions!,source_145,source_145,True,Company_B,content_editor_01,Digital_News,Hindi,discussion_show,shorts,Youtube,,True,2026-01-24 00:00:00.000000,30.5,17.933333333333334,67.31,8.0,Playlist,3.08,1261118.0,8640.0,222.0,1310.0,3654.9068333333335,key_moments,2026-01-24 04:48:45.988055,WS-DIGITAL-NEWS
YT0014496,"- Reacting to the WILDEST ""Am I the A**hole?"" Posts! 🤯",source_146,source_146,True,Company_B,content_editor_01,Digital_News,Hindi,debate,shorts,Youtube,,True,2026-01-25 00:00:00.000000,52.01,33.41666666666667,70.03,178.0,Channel Page,21.77,1610658.0,41739.0,6260.0,1595.0,11595.246333333334,key_moments,2026-01-25 06:53:25.255876,WS-DIGITAL-NEWS
YT0002919,- AITA?! You Won't BELIEVE These Stories! 😱,source_146,source_146,True,Company_B,content_editor_01,Digital_News,Hindi,interview,shorts,Youtube,,True,2026-01-25 00:00:00.000000,51.62,29.03333333333333,58.8,578.0,Browse,13.66,1379427.0,71869.0,3737.0,60.0,8251.017,my_key_moments,2026-01-25 02:42:26.009523,WS-DIGITAL-NEWS
YT0015631,"- Reddit's Most INSANE ""Am I the A**hole?"" Tales!",source_146,source_146,True,Company_B,content_editor_01,Digital_News,Hindi,press_conference,shorts,Youtube,,True,2026-01-25 00:00:00.000000,56.52,11.616666666666667,9.91,23.0,Notifications,22.82,1787810.0,88103.0,4765.0,2650.0,2044.3938333333333,key_moments,2026-01-25 07:44:32.722781,WS-DIGITAL-NEWS
YT0007707,- Judge Judy Reacts to AITA?! (I Wish!),source_146,source_146,True,Company_B,content_editor_01,Digital_News,Hindi,press_conference,shorts,Youtube,,True,2026-01-25 00:00:00.000000,26.0,17.2,88.18,655.0,Notifications,28.07,1611732.0,1011.0,541.0,1988.0,4342.722333333333,key_moments,2026-01-25 00:57:11.559228,WS-DIGITAL-NEWS
YT0008990,"- ""Am I the A**hole?"" Stories That Will Make You SCREAM!",source_146,source_146,True,Company_B,content_editor_01,Digital_News,Hindi,debate,shorts,Youtube,,True,2026-01-26 00:00:00.000000,34.21,8.55,5.47,86.0,Notifications,22.3,1102483.0,7751.0,3938.0,524.0,321.5575,key_moments,2026-01-26 01:44:14.248531,WS-DIGITAL-NEWS
YT0013398,"- The SHADIEST ""Am I the A**hole?"" Posts EVER! 😈",source_146,source_146,True,Company_B,content_editor_01,Digital_News,Hindi,discussion_show,shorts,Youtube,,True,2026-01-26 00:00:00.000000,61.88,35.33333333333333,59.37,431.0,Notifications,12.86,1221690.0,54737.0,3278.0,1986.0,9445.473666666669,chapters,2026-01-26 00:46:01.397794,WS-DIGITAL-NEWS
YT0004887,- Can You Guess Who's the A**hole?! (AITA Challenge),source_146,source_146,True,Company_B,content_editor_01,Digital_News,Hindi,debate,shorts,Youtube,,True,2026-01-26 00:00:00.000000,18.76,10.9,90.43,44.0,External,13.65,1690945.0,93566.0,2401.0,2992.0,1597.0036666666667,key_moments,2026-01-26 01:57:03.797964,WS-DIGITAL-NEWS
YT0002549,"- I Can't Believe These ""Am I the A**hole?"" Stories Are REAL! 😭",source_146,source_146,True,Company_B,content_editor_01,Digital_News,Hindi,debate,shorts,Youtube,,True,2026-01-26 00:00:00.000000,25.880000000000003,8.7,11.03,96.0,Search,7.76,1638182.0,81091.0,6877.0,2951.0,546.0606666666666,key_moments,2026-01-26 13:21:59.618078,WS-DIGITAL-NEWS
YT0028482,- TikTok Trends Gone WILD! (My Honest Reactions),source_147,source_147,True,Company_B,content_editor_01,Digital_News,Hindi,debate,shorts,Youtube,,True,2026-01-26 00:00:00.000000,30.33,22.78333333333333,99.7,591.0,Channel Page,24.87,1176776.0,84673.0,4251.0,2858.0,4995.85,key_moments,2026-01-26 20:44:59.245692,WS-DIGITAL-NEWS
YT0027747,- I Reacted to the WEIRDEST TikToks of 2024!,source_147,source_147,True,Company_B,content_editor_01,Digital_News,Hindi,speech,shorts,Youtube,,True,2026-01-27 00:00:00.000000,37.25,19.016666666666666,51.76,151.0,Suggested,19.89,1956951.0,38518.0,3048.0,644.0,6260.431166666666,key_moments,2026-01-27 04:49:32.709947,WS-DIGITAL-NEWS
YT0020907,- Cringe or Comedy? Reacting to Viral TikTok Trends!,source_147,source_147,True,Company_B,content_editor_01,Digital_News,Hindi,press_conference,shorts,Youtube,,True,2026-01-27 00:00:00.000000,19.62,7.85,7.58,524.0,Channel Page,9.98,1464375.0,91425.0,6905.0,1157.0,142.36983333333333,key_moments,2026-01-27 02:24:00.710738,WS-DIGITAL-NEWS
YT0003954,"- I Tried TikTok's ""Invisible Box"" Challenge... FAIL!",source_147,source_147,True,Company_B,content_editor_01,Digital_News,Hindi,interview,shorts,Youtube,,True,2026-01-27 00:00:00.000000,74.81,58.13333333333333,84.66,460.0,Search,25.83,1354830.0,37976.0,4282.0,2771.0,19055.433,summary,2026-01-27 03:21:00.266464,WS-DIGITAL-NEWS
YT0017832,- TikTok Trends That Make NO SENSE! (Reacting),source_147,source_147,True,Company_B,content_editor_01,Digital_News,Hindi,discussion_show,shorts,Youtube,,True,2026-01-27 00:00:00.000000,22.41,11.1,48.58,162.0,External,19.31,1652871.0,41313.0,1567.0,992.0,1652.871,key_moments,2026-01-27 05:50:28.951250,WS-DIGITAL-NEWS
YT0026503,- From Corn Kid to Sea Shanties: Reacting to 2024 TikToks!,source_147,source_147,True,Company_B,content_editor_01,Digital_News,Hindi,discussion_show,shorts,Youtube,,True,2026-01-28 00:00:00.000000,50.73,8.733333333333334,3.45,172.0,Search,16.23,1317675.0,33606.0,5289.0,2715.0,451.4256666666667,key_moments,2026-01-28 01:08:44.082312,WS-DIGITAL-NEWS
YT0013355,"- Reddit's WILDEST ""Am I the Jerk?"" Stories! 🤯",source_148,source_148,True,Company_B,content_editor_01,Digital_News,Hindi,discussion_show,shorts,Youtube,,True,2026-01-28 00:00:00.000000,58.79,20.433333333333334,29.53,103.0,Suggested,8.44,1458592.0,73881.0,1588.0,1282.0,5240.126833333333,summary,2026-01-28 02:31:48.689662,WS-DIGITAL-NEWS
YT0023386,- Facepalming at These AITA Reddit Stories! 🤦‍♀️,source_148,source_148,True,Company_B,content_editor_01,Digital_News,Hindi,discussion_show,shorts,Youtube,,True,2026-01-28 00:00:00.000000,60.43,32.25,54.48,182.0,Shorts Feed,3.34,1122502.0,9189.0,187.0,1769.0,7717.201333333333,full_package,2026-01-28 12:36:23.230572,WS-DIGITAL-NEWS
YT0012643,- Reddit Drama: You Won't Believe These Jerk Moves!,source_148,source_148,True,Company_B,content_editor_01,Digital_News,Hindi,discussion_show,shorts,Youtube,,True,2026-01-29 00:00:00.000000,54.57,9.883333333333333,6.02,233.0,Shorts Feed,4.7,1433755.0,28301.0,5784.0,1259.0,949.1988333333334,key_moments,2026-01-29 01:43:58.003324,WS-DIGITAL-NEWS
YT0004130,- Unfiltered Reactions to Reddit's Craziest Stories!,source_148,source_148,True,Company_B,content_editor_01,Digital_News,Hindi,debate,shorts,Youtube,,True,2026-01-29 00:00:00.000000,34.66,19.7,62.05,574.0,Shorts Feed,2.98,1583918.0,73426.0,4423.0,1087.0,5367.722166666667,chapters,2026-01-29 02:11:49.054854,WS-DIGITAL-NEWS
YT0010638,"- ""Am I the Jerk?"" Reddit Stories That Will Make You Cringe!",source_148,source_148,True,Company_B,content_editor_01,Digital_News,Hindi,debate,shorts,Youtube,,True,2026-01-30 00:00:00.000000,67.71000000000001,48.61666666666667,78.01,76.0,Playlist,28.8,1169761.0,30299.0,6298.0,140.0,13360.187,full_package,2026-01-30 04:02:32.795873,WS-DIGITAL-NEWS
YT0024559,- AITA? These Stories Made Me Question EVERYTHING! 🤯,source_149,source_149,True,Company_B,content_editor_01,Digital_News,Hindi,speech,shorts,Youtube,,True,2026-01-31 00:00:00.000000,31.25,14.8,44.92,493.0,Playlist,18.82,1643867.0,22813.0,5489.0,1076.0,3333.397,summary,2026-01-31 05:01:00.766956,WS-DIGITAL-NEWS
YT0028297,"- Reacting to the WILDEST ""Am I the A**hole?"" Posts!",source_149,source_149,True,Company_B,content_editor_01,Digital_News,Hindi,discussion_show,shorts,Youtube,,True,2026-01-31 00:00:00.000000,31.2,15.05,46.6,105.0,Browse,6.58,1696486.0,89598.0,5528.0,1892.0,3557.9081666666666,full_package,2026-01-31 02:25:34.013228,WS-DIGITAL-NEWS
YT0014987,- Entitled Parents & Wedding Dress DRAMA! AITA Reactions,source_149,source_149,True,Company_B,content_editor_01,Digital_News,Hindi,speech,shorts,Youtube,,True,2026-01-31 00:00:00.000000,69.09,38.86666666666667,57.99,321.0,Shorts Feed,1.05,1983913.0,40073.0,5065.0,2356.0,17285.7605,chapters,2026-01-31 04:15:14.494198,WS-DIGITAL-NEWS
YT0021002,- Diving Deep into Reddit's Most Outrageous Stories!,source_148,source_148,True,Company_B,content_editor_01,Digital_News,Hindi,debate,shorts,Youtube,,True,2026-01-31 00:00:00.000000,71.3,49.21666666666667,74.1,539.0,Notifications,9.62,1961151.0,12961.0,1659.0,1765.0,22725.745166666668,key_moments,2026-01-31 06:30:19.753515,WS-DIGITAL-NEWS
YT0011639,- Reddit's Most INSANE Stories! You Won't Believe These People!,source_149,source_149,True,Company_B,content_editor_01,Digital_News,Hindi,discussion_show,shorts,Youtube,,True,2026-02-01 00:00:00.000000,25.55,17.46666666666667,94.47,321.0,Channel Page,7.96,1933958.0,25032.0,5869.0,2896.0,5354.1985,chapters,2026-02-01 19:12:37.718088,WS-DIGITAL-NEWS
YT0028710,- Petty Revenge or Justified? Reacting to AITA Roommate Wars!,source_149,source_149,True,Company_B,content_editor_01,Digital_News,Hindi,debate,shorts,Youtube,,True,2026-02-01 00:00:00.000000,24.86,14.966666666666669,75.73,360.0,Search,15.05,1374414.0,96390.0,6944.0,1735.0,2850.6365,key_moments,2026-02-01 03:36:56.694202,WS-DIGITAL-NEWS
YT0003993,- Family Feuds & Workplace Sabotage! AITA Stories Gone WRONG!,source_149,source_149,True,Company_B,content_editor_01,Digital_News,Hindi,debate,shorts,Youtube,,True,2026-02-01 00:00:00.000000,43.17,16.45,31.77,687.0,External,13.07,1485949.0,59842.0,2856.0,2650.0,3694.234333333333,key_moments,2026-02-01 03:52:12.027889,WS-DIGITAL-NEWS
YT0006125,- I Can't Believe These People Exist! Reacting to AITA Madness!,source_149,source_149,True,Company_B,content_editor_01,Digital_News,Hindi,debate,shorts,Youtube,,True,2026-02-01 00:00:00.000000,60.56,29.55,48.4,465.0,Search,19.09,1701825.0,20693.0,1216.0,1762.0,10423.678166666668,summary,2026-02-01 13:34:31.288821,WS-DIGITAL-NEWS
YT0005520,- Magic Tricks That BROKE My Brain! 🤯,source_150,source_150,True,Company_B,content_editor_01,Digital_News,Hindi,debate,shorts,Youtube,,True,2026-02-02 00:00:00.000000,70.74000000000001,34.66666666666667,48.74,521.0,Search,11.91,1345587.0,89483.0,1478.0,160.0,10154.198166666669,full_package,2026-02-02 02:34:40.315276,WS-DIGITAL-NEWS
YT0014891,- Reacting to IMPOSSIBLE Magic! (Is This Real?),source_150,source_150,True,Company_B,content_editor_01,Digital_News,Hindi,press_conference,shorts,Youtube,,True,2026-02-02 00:00:00.000000,45.28,12.883333333333333,17.78,466.0,Channel Page,11.04,1622737.0,89507.0,7992.0,685.0,2426.5928333333336,summary,2026-02-02 01:23:11.546494,WS-DIGITAL-NEWS
YT0027143,- I Can't Explain These Magic Tricks!,source_150,source_150,True,Company_B,content_editor_01,Digital_News,Hindi,debate,shorts,Youtube,,True,2026-02-02 00:00:00.000000,31.62,20.616666666666667,78.92,112.0,Search,23.47,1532775.0,81041.0,4324.0,2385.0,5584.694166666667,full_package,2026-02-02 04:53:11.703293,WS-DIGITAL-NEWS
YT0001626,- Mind-Bending Illusions: Real or Fake?,source_150,source_150,True,Company_B,content_editor_01,Digital_News,Hindi,interview,shorts,Youtube,,True,2026-02-02 00:00:00.000000,62.83,19.566666666666663,25.23,242.0,Playlist,15.51,1521721.0,83285.0,3291.0,131.0,5100.583333333333,chapters,2026-02-02 09:27:41.517455,WS-DIGITAL-NEWS
YT0012421,- The Most Insane Magic EVER Caught on Camera!,source_150,source_150,True,Company_B,content_editor_01,Digital_News,Hindi,discussion_show,shorts,Youtube,,True,2026-02-02 00:00:00.000000,60.17,10.25,6.09,60.0,Search,12.61,1116735.0,79742.0,7063.0,905.0,853.0615,key_moments,2026-02-02 05:20:22.201031,WS-DIGITAL-NEWS
YT0028465,- My Jaw Dropped Watching These Magic Tricks!,source_150,source_150,True,Company_B,content_editor_01,Digital_News,Hindi,discussion_show,shorts,Youtube,,True,2026-02-02 00:00:00.000000,51.58,19.816666666666663,33.67,99.0,Browse,13.45,1687229.0,42446.0,344.0,2008.0,5772.510333333334,summary,2026-02-02 03:42:04.649697,WS-DIGITAL-NEWS
YT0019742,- Judge Judy Reacts to AITA?! (Almost),source_149,source_149,True,Company_B,content_editor_01,Digital_News,Hindi,discussion_show,shorts,Youtube,,True,2026-02-02 00:00:00.000000,64.32,54.1,94.48,473.0,Playlist,28.28,1533415.0,80322.0,7950.0,775.0,19849.20533333333,chapters,2026-02-02 01:15:20.006844,WS-DIGITAL-NEWS
YT0028455,- Magic Tricks That BROKE My Brain! 🤯,source_151,source_151,True,Company_B,content_editor_01,Digital_News,Hindi,debate,shorts,Youtube,,True,2026-02-04 00:00:00.000000,48.77,32.483333333333334,73.98,140.0,Shorts Feed,19.3,1263808.0,75739.0,6021.0,2665.0,8770.593499999999,full_package,2026-02-04 03:49:03.044071,WS-DIGITAL-NEWS
YT0001876,- Reacting to IMPOSSIBLE Magic! (I'm Stumped!),source_151,source_151,True,Company_B,content_editor_01,Digital_News,Hindi,speech,shorts,Youtube,,True,2026-02-04 00:00:00.000000,40.94,29.83333333333333,86.1,140.0,Suggested,23.35,1875856.0,77007.0,6800.0,2199.0,11637.254833333334,key_moments,2026-02-04 10:43:39.299850,WS-DIGITAL-NEWS
YT0006299,- Reacting to TikToks That Broke the Internet! 😂,source_152,source_152,True,Company_B,content_editor_01,Digital_News,Hindi,press_conference,shorts,Youtube,,True,2026-02-05 00:00:00.000000,53.04,11.983333333333334,11.79,65.0,Notifications,4.62,1395688.0,58564.0,4810.0,1446.0,1738.1485,key_moments,2026-02-05 01:29:25.204761,WS-DIGITAL-NEWS
YT0017414,- The Most Insane Magic EVER Caught on Camera!,source_151,source_151,True,Company_B,content_editor_01,Digital_News,Hindi,interview,shorts,Youtube,,True,2026-02-05 00:00:00.000000,54.04,14.766666666666666,18.61,209.0,Browse,8.46,1516587.0,72679.0,4780.0,366.0,3061.259,key_moments,2026-02-05 03:17:19.370580,WS-DIGITAL-NEWS
YT0001831,- I Can't Explain These Magic Tricks... Can YOU?!,source_151,source_151,True,Company_B,content_editor_01,Digital_News,Hindi,discussion_show,shorts,Youtube,,True,2026-02-05 00:00:00.000000,68.43,46.016666666666666,72.09,260.0,Search,8.06,1614037.0,4638.0,719.0,1917.0,17268.7015,key_moments,2026-02-05 02:56:01.765173,WS-DIGITAL-NEWS
YT0009265,"- Viral TikToks of the Week: Cringe, Hacks, and Heartbreak!",source_152,source_152,True,Company_B,content_editor_01,Digital_News,Hindi,debate,shorts,Youtube,,True,2026-02-05 00:00:00.000000,45.19,13.433333333333334,19.65,435.0,Shorts Feed,21.84,1913210.0,47012.0,93.0,1252.0,3153.2535,key_moments,2026-02-05 02:17:20.529076,WS-DIGITAL-NEWS
YT0002664,- Vanishing Statue of Liberty?! Magic Tricks That Defy Logic!,source_151,source_151,True,Company_B,content_editor_01,Digital_News,Hindi,speech,shorts,Youtube,,True,2026-02-05 00:00:00.000000,23.6,8.116666666666667,7.17,603.0,Channel Page,26.65,1267467.0,93379.0,3687.0,715.0,217.1123333333333,key_moments,2026-02-05 04:52:38.999495,WS-DIGITAL-NEWS
YT0008794,- Gravity-Defying Magic: Real or Fake?!,source_151,source_151,True,Company_B,content_editor_01,Digital_News,Hindi,debate,shorts,Youtube,,True,2026-02-05 00:00:00.000000,67.78,58.98333333333333,97.54,394.0,Shorts Feed,3.7,1138143.0,93315.0,1270.0,1875.0,16276.498666666668,my_key_moments,2026-02-05 05:42:09.695513,WS-DIGITAL-NEWS
YT0013513,- Epic Magic Fails & Mind-Blowing Illusions!,source_151,source_151,True,Company_B,content_editor_01,Digital_News,Hindi,debate,shorts,Youtube,,True,2026-02-05 00:00:00.000000,18.95,8.483333333333333,24.89,28.0,Playlist,11.65,1951656.0,70282.0,4270.0,2503.0,533.0911666666667,key_moments,2026-02-05 05:39:18.321158,WS-DIGITAL-NEWS
YT0018423,- Mind. BLOWN. Reacting to the World's Best Magic!,source_151,source_151,True,Company_B,content_editor_01,Digital_News,Hindi,debate,shorts,Youtube,,True,2026-02-05 00:00:00.000000,27.46,13.95,51.77,287.0,Search,26.12,1079638.0,54234.0,4956.0,658.0,1934.3513333333333,key_moments,2026-02-05 01:49:51.496411,WS-DIGITAL-NEWS
YT0025867,- I Reacted to the WILDEST TikToks... You Won't Believe These!,source_152,source_152,True,Company_B,content_editor_01,Digital_News,Hindi,interview,shorts,Youtube,,True,2026-02-06 00:00:00.000000,70.69,12.516666666666666,9.01,674.0,Search,13.23,1942863.0,87703.0,5991.0,1086.0,2707.4155,chapters,2026-02-06 01:04:19.128000,WS-DIGITAL-NEWS
YT0009258,- TikTok Trends: Genius or Just Plain Crazy? 🤔,source_152,source_152,True,Company_B,content_editor_01,Digital_News,Hindi,interview,shorts,Youtube,,True,2026-02-06 00:00:00.000000,21.05,9.433333333333334,31.96,167.0,Playlist,28.69,1114253.0,19674.0,416.0,2806.0,598.3951666666667,key_moments,2026-02-06 04:56:03.378597,WS-DIGITAL-NEWS
YT0013861,- The Internet's Obsessed... So I Reacted to These TikToks!,source_152,source_152,True,Company_B,content_editor_01,Digital_News,Hindi,interview,shorts,Youtube,,True,2026-02-06 00:00:00.000000,41.25,27.266666666666666,75.3,167.0,External,20.08,1454529.0,83734.0,35.0,1122.0,7986.441666666667,summary,2026-02-06 02:40:07.009357,WS-DIGITAL-NEWS
YT0021783,- Reacting to TikToks That BROKE the Internet!,source_153,source_153,True,Company_B,content_editor_01,Digital_News,Hindi,interview,shorts,Youtube,,True,2026-02-07 00:00:00.000000,52.36,32.6,67.18,248.0,Channel Page,26.27,1492050.0,58474.0,6119.0,90.0,10402.904166666667,key_moments,2026-02-07 17:24:29.702073,WS-DIGITAL-NEWS
YT0019339,- Viral TikToks of the Week: Prepare to Cringe!,source_153,source_153,True,Company_B,content_editor_01,Digital_News,Hindi,debate,shorts,Youtube,,True,2026-02-07 00:00:00.000000,47.35,38.0,94.28,580.0,Shorts Feed,1.96,1574843.0,71734.0,1571.0,135.0,13342.419833333332,key_moments,2026-02-07 18:03:49.171621,WS-DIGITAL-NEWS
YT0021161,- Unfiltered Reactions to TikTok's Most Viral Moments!,source_152,source_152,True,Company_B,content_editor_01,Digital_News,Hindi,speech,shorts,Youtube,,True,2026-02-07 00:00:00.000000,58.43,15.783333333333331,19.07,322.0,Channel Page,15.59,1975589.0,22666.0,5466.0,1351.0,4545.683999999999,summary,2026-02-07 19:39:54.409952,WS-DIGITAL-NEWS
YT0017432,- I Tried Viral TikTok Trends (and Failed Hilariously),source_153,source_153,True,Company_B,content_editor_01,Digital_News,Hindi,discussion_show,shorts,Youtube,,True,2026-02-07 00:00:00.000000,65.13,47.61666666666667,80.03,69.0,External,8.21,1275154.0,10709.0,5886.0,2374.0,14209.702166666666,my_key_moments,2026-02-07 01:53:07.885544,WS-DIGITAL-NEWS
YT0026217,- The Most Addicting TikToks...REACTED!,source_153,source_153,True,Company_B,content_editor_01,Digital_News,Hindi,interview,shorts,Youtube,,True,2026-02-08 00:00:00.000000,68.6,59.93333333333333,97.82,54.0,Notifications,28.29,1714084.0,94369.0,3593.0,2147.0,24965.316,key_moments,2026-02-08 06:18:28.140578,WS-DIGITAL-NEWS
YT0001671,- TikTok's Wildest Side: You Won't Believe These!,source_153,source_153,True,Company_B,content_editor_01,Digital_News,Hindi,debate,shorts,Youtube,,True,2026-02-08 00:00:00.000000,42.63,34.25,96.82,102.0,Browse,27.66,1626024.0,62801.0,2404.0,1950.0,12082.261666666664,full_package,2026-02-08 08:01:44.295589,WS-DIGITAL-NEWS
YT0013519,- Heartwarming or Cringe? Reacting to Viral TikToks!,source_153,source_153,True,Company_B,content_editor_01,Digital_News,Hindi,speech,shorts,Youtube,,True,2026-02-09 00:00:00.000000,20.78,8.166666666666666,11.53,549.0,Playlist,28.92,1227740.0,6053.0,2901.0,2028.0,227.35933333333327,summary,2026-02-09 07:20:14.460157,WS-DIGITAL-NEWS
YT0022278,- TikTok's Gone WILD! Reacting to the CRAZIEST Videos!,source_154,source_154,True,Company_B,content_editor_01,Digital_News,Hindi,debate,shorts,Youtube,,True,2026-02-10 00:00:00.000000,30.97,19.016666666666666,72.11,188.0,Suggested,20.5,1665580.0,68013.0,1315.0,552.0,5328.313833333334,key_moments,2026-02-10 03:00:45.061892,WS-DIGITAL-NEWS
YT0001461,- I React to TikTok So You Don't Have To!,source_153,source_153,True,Company_B,content_editor_01,Digital_News,Hindi,debate,shorts,Youtube,,True,2026-02-10 00:00:00.000000,50.6,34.38333333333333,75.51,392.0,Search,19.35,1860603.0,63300.0,5182.0,377.0,13894.225166666669,my_key_moments,2026-02-10 11:07:47.283519,WS-DIGITAL-NEWS
YT0026034,- I Can't Believe These TikToks Are Real! (Viewer Discretion Advised),source_154,source_154,True,Company_B,content_editor_01,Digital_News,Hindi,discussion_show,shorts,Youtube,,True,2026-02-10 00:00:00.000000,62.67,17.53333333333333,21.05,667.0,Search,17.35,1127128.0,75186.0,3124.0,2543.0,3141.3475000000003,key_moments,2026-02-10 04:00:05.472883,WS-DIGITAL-NEWS
YT0009029,- Reacting to TikTok FAILS That Will Make You CRINGE!,source_154,source_154,True,Company_B,content_editor_01,Digital_News,Hindi,debate,shorts,Youtube,,True,2026-02-10 00:00:00.000000,21.53,8.516666666666666,15.57,201.0,External,1.54,1917387.0,38461.0,5076.0,1268.0,541.4843333333333,key_moments,2026-02-10 04:25:54.056239,WS-DIGITAL-NEWS
YT0015653,- TikTok Conspiracy Theories & Viral Trends: Let's Investigate!,source_154,source_154,True,Company_B,content_editor_01,Digital_News,Hindi,debate,shorts,Youtube,,True,2026-02-12 00:00:00.000000,60.99,18.516666666666666,23.95,449.0,Search,2.39,1439422.0,20037.0,5509.0,1992.0,4404.897833333333,full_package,2026-02-12 01:10:07.890466,WS-DIGITAL-NEWS
YT0022338,- Heartwarming TikToks That Restored My Faith in Humanity,source_154,source_154,True,Company_B,content_editor_01,Digital_News,Hindi,interview,shorts,Youtube,,True,2026-02-12 00:00:00.000000,45.16,22.183333333333334,48.68,531.0,Browse,25.18,1506585.0,71694.0,4093.0,2408.0,6144.913833333334,summary,2026-02-12 06:41:59.971306,WS-DIGITAL-NEWS
YT0005929,- Unbelievable TikTok Transformations: Magic or Catfish?!,source_154,source_154,True,Company_B,content_editor_01,Digital_News,Hindi,discussion_show,shorts,Youtube,,True,2026-02-12 00:00:00.000000,16.8,8.983333333333334,82.41,317.0,Suggested,18.08,1842015.0,80402.0,5328.0,2300.0,758.9783333333332,key_moments,2026-02-12 03:14:51.929713,WS-DIGITAL-NEWS
YT0002023,- Reacting to TikToks That BROKE the Internet!,source_155,source_155,True,Company_B,content_editor_01,Digital_News,Hindi,speech,shorts,Youtube,,True,2026-02-13 00:00:00.000000,44.510000000000005,36.86666666666667,99.51,562.0,Notifications,24.51,1432529.0,22490.0,6250.0,2681.0,11685.722666666668,summary,2026-02-13 05:48:05.419757,WS-DIGITAL-NEWS
YT0028850,- I Can't Believe These TikToks Went Viral!,source_155,source_155,True,Company_B,content_editor_01,Digital_News,Hindi,debate,shorts,Youtube,,True,2026-02-13 00:00:00.000000,63.67,36.18333333333334,58.93,155.0,Playlist,4.73,1530548.0,18031.0,4958.0,2804.0,12194.782833333333,summary,2026-02-13 04:49:39.983430,WS-DIGITAL-NEWS
YT0022994,"- TikToks That Will Make You LAUGH, CRY, & CRINGE!",source_155,source_155,True,Company_B,content_editor_01,Digital_News,Hindi,interview,shorts,Youtube,,True,2026-02-13 00:00:00.000000,49.99,8.416666666666666,2.62,525.0,Channel Page,18.97,1813334.0,1133.0,4598.0,2644.0,461.7285,chapters,2026-02-13 04:37:22.796296,WS-DIGITAL-NEWS
YT0023801,- The BEST TikToks of the Week?! (My Honest Reactions),source_155,source_155,True,Company_B,content_editor_01,Digital_News,Hindi,discussion_show,shorts,Youtube,,True,2026-02-13 00:00:00.000000,47.13,22.366666666666667,46.27,112.0,Browse,27.94,1751169.0,74148.0,2544.0,928.0,7231.679333333333,my_key_moments,2026-02-13 03:51:22.892804,WS-DIGITAL-NEWS
YT0028210,- I Watched Viral TikToks So You Don't Have To!,source_155,source_155,True,Company_B,content_editor_01,Digital_News,Hindi,interview,shorts,Youtube,,True,2026-02-13 00:00:00.000000,22.33,10.166666666666666,36.38,258.0,Channel Page,25.51,1984456.0,82304.0,3497.0,2646.0,1469.9673333333333,full_package,2026-02-13 07:30:18.126546,WS-DIGITAL-NEWS
YT0024791,- These TikTok Trends Are Taking Over My Life!,source_155,source_155,True,Company_B,content_editor_01,Digital_News,Hindi,discussion_show,shorts,Youtube,,True,2026-02-14 00:00:00.000000,45.31,35.516666666666666,92.43,607.0,Playlist,15.39,1522064.0,36624.0,6276.0,2845.0,11845.322166666669,full_package,2026-02-14 03:24:41.747008,WS-DIGITAL-NEWS
YT0011065,- Reacting to the WILDEST TikToks I Could Find!,source_155,source_155,True,Company_B,content_editor_01,Digital_News,Hindi,discussion_show,shorts,Youtube,,True,2026-02-14 00:00:00.000000,33.34,14.766666666666666,39.62,85.0,External,21.34,1522382.0,95574.0,6174.0,2558.0,3072.956333333333,key_moments,2026-02-14 01:14:55.470216,WS-DIGITAL-NEWS
YT0022510,- I'm Officially Questioning Reality (Magic Tricks Edition),source_156,source_156,True,Company_B,content_editor_01,Digital_News,Hindi,speech,shorts,Youtube,,True,2026-02-14 00:00:00.000000,37.06,22.48333333333333,67.92,526.0,Search,26.74,1622365.0,66602.0,5046.0,2005.0,6752.343166666668,summary,2026-02-14 06:18:20.630324,WS-DIGITAL-NEWS
YT0003827,- Vanishing Elephants & Gravity-Defying Water?!,source_156,source_156,True,Company_B,content_editor_01,Digital_News,Hindi,debate,shorts,Youtube,,True,2026-02-14 00:00:00.000000,74.22999999999999,39.0,53.18,536.0,Shorts Feed,26.53,1422093.0,33827.0,5703.0,616.0,12443.313666666663,chapters,2026-02-14 02:05:38.504247,WS-DIGITAL-NEWS
YT0003254,- The Dark Magic of Reversed Sawing-in-Half!,source_156,source_156,True,Company_B,content_editor_01,Digital_News,Hindi,debate,shorts,Youtube,,True,2026-02-15 00:00:00.000000,27.31,8.15,5.28,641.0,Shorts Feed,6.77,1879055.0,18970.0,6769.0,2034.0,339.27383333333336,chapters,2026-02-15 01:23:11.910651,WS-DIGITAL-NEWS
YT0007015,- I Tried Recreating Magic Tricks (and Failed Hilariously),source_156,source_156,True,Company_B,content_editor_01,Digital_News,Hindi,interview,shorts,Youtube,,True,2026-02-15 00:00:00.000000,71.91,50.81666666666667,76.11,205.0,Search,1.27,1935911.0,35833.0,7125.0,628.0,23293.669833333333,my_key_moments,2026-02-15 01:45:56.217955,WS-DIGITAL-NEWS
YT0011111,- These Magic Tricks Will Restore Your Faith in Wonder,source_156,source_156,True,Company_B,content_editor_01,Digital_News,Hindi,press_conference,shorts,Youtube,,True,2026-02-15 00:00:00.000000,24.32,15.566666666666666,86.55,169.0,Browse,2.08,1571894.0,48877.0,1883.0,408.0,3522.2070000000003,summary,2026-02-15 05:01:03.514133,WS-DIGITAL-NEWS
YT0020066,- Reacting to TikTok's WORST Cooking Disasters! (I Can't Stop Laughing!),source_157,source_157,True,Company_B,content_editor_01,Digital_News,Hindi,debate,shorts,Youtube,,True,2026-02-16 00:00:00.000000,37.64,13.316666666666666,25.69,200.0,External,7.27,1369376.0,76309.0,476.0,2791.0,2212.5566666666664,key_moments,2026-02-16 03:42:09.947079,WS-DIGITAL-NEWS
YT0002608,- Sleight of Hand So Fast It's Illegal! 😱,source_156,source_156,True,Company_B,content_editor_01,Digital_News,Hindi,discussion_show,shorts,Youtube,,True,2026-02-16 00:00:00.000000,21.5,11.433333333333334,60.51,99.0,Notifications,10.43,1243332.0,17628.0,300.0,1321.0,1358.4553333333336,chapters,2026-02-16 00:43:34.523291,WS-DIGITAL-NEWS
YT0008177,- I Found the Cringiest Cooking Fails on TikTok!,source_157,source_157,True,Company_B,content_editor_01,Digital_News,Hindi,press_conference,shorts,Youtube,,True,2026-02-16 00:00:00.000000,37.96,17.066666666666666,41.67,677.0,External,2.92,1704402.0,71234.0,7956.0,1288.0,4529.2905,summary,2026-02-16 02:56:34.165787,WS-DIGITAL-NEWS
YT0014903,- These TikTok Cooks Need to Be STOPPED! (Cooking Fail Reactions),source_157,source_157,True,Company_B,content_editor_01,Digital_News,Hindi,interview,shorts,Youtube,,True,2026-02-17 00:00:00.000000,26.43,9.883333333333333,20.85,164.0,Suggested,17.21,1701187.0,8141.0,6314.0,1359.0,1126.248833333333,key_moments,2026-02-17 10:11:33.997527,WS-DIGITAL-NEWS
YT0001526,- Epic Kitchen Nightmares: TikTok Cooking Fails Edition!,source_157,source_157,True,Company_B,content_editor_01,Digital_News,Hindi,speech,shorts,Youtube,,True,2026-02-17 00:00:00.000000,47.6,14.216666666666669,20.6,311.0,Channel Page,6.25,1943660.0,47344.0,1285.0,1686.0,3626.3656666666666,chapters,2026-02-17 02:47:16.130884,WS-DIGITAL-NEWS
YT0014365,- Raw Chicken Sushi?! Reacting to TikTok's Most Disturbing Cooking Fails!,source_157,source_157,True,Company_B,content_editor_01,Digital_News,Hindi,discussion_show,shorts,Youtube,,True,2026-02-17 00:00:00.000000,26.16,12.75,47.04,305.0,Channel Page,1.63,1805289.0,71966.0,7912.0,2939.0,2632.713166666667,chapters,2026-02-17 03:30:14.500226,WS-DIGITAL-NEWS
YT0026927,- Magic Tricks That BROKE My Brain! 🤯,source_158,source_158,True,Company_B,content_editor_01,Digital_News,Hindi,interview,shorts,Youtube,,True,2026-02-18 00:00:00.000000,22.68,7.833333333333333,4.34,497.0,Notifications,4.5,1786285.0,75351.0,1269.0,2720.0,165.39683333333332,key_moments,2026-02-18 09:12:49.187461,WS-DIGITAL-NEWS
YT0028169,- Reacting to IMPOSSIBLE Magic! (Is it REAL?),source_158,source_158,True,Company_B,content_editor_01,Digital_News,Hindi,debate,shorts,Youtube,,True,2026-02-18 00:00:00.000000,56.79,26.766666666666666,46.1,287.0,Search,16.84,1176237.0,91028.0,2266.0,1214.0,6295.046166666667,full_package,2026-02-18 07:33:30.954009,WS-DIGITAL-NEWS
YT0006413,- David Blaine MESSED ME UP! 😵‍💫 (Magic Reaction),source_158,source_158,True,Company_B,content_editor_01,Digital_News,Hindi,speech,shorts,Youtube,,True,2026-02-18 00:00:00.000000,71.47999999999999,62.68333333333333,97.7,9.0,Notifications,24.19,1957785.0,27780.0,7549.0,2740.0,30010.30616666667,key_moments,2026-02-18 09:03:30.328936,WS-DIGITAL-NEWS
YT0018757,- I Tried to Learn Magic... It Failed. 😂,source_158,source_158,True,Company_B,content_editor_01,Digital_News,Hindi,discussion_show,shorts,Youtube,,True,2026-02-18 00:00:00.000000,21.07,12.783333333333331,87.04,228.0,Shorts Feed,14.86,1079086.0,28249.0,2738.0,2844.0,1583.6586666666667,my_key_moments,2026-02-18 00:26:07.035031,WS-DIGITAL-NEWS
YT0028835,- Ranking the WILDEST Magic Tricks EVER!,source_158,source_158,True,Company_B,content_editor_01,Digital_News,Hindi,interview,shorts,Youtube,,True,2026-02-19 00:00:00.000000,71.36,60.56666666666667,94.16,682.0,Playlist,1.43,1912458.0,72300.0,3668.0,588.0,28191.0475,key_moments,2026-02-19 16:00:30.194322,WS-DIGITAL-NEWS
YT0000697,- Viral TikToks of the Week?! My UNFILTERED Reactions!,source_159,source_159,True,Company_B,content_editor_01,Digital_News,Hindi,discussion_show,shorts,Youtube,,True,2026-02-20 00:00:00.000000,17.57,8.45,36.96,345.0,Search,22.13,1899236.0,91369.0,7583.0,1516.0,501.18733333333336,chapters,2026-02-20 06:39:19.108266,WS-DIGITAL-NEWS
YT0006487,- Penn & Teller FOOLED ME! 😡 (Magic Reaction),source_158,source_158,True,Company_B,content_editor_01,Digital_News,Hindi,discussion_show,shorts,Youtube,,True,2026-02-20 00:00:00.000000,66.95,34.71666666666667,52.39,667.0,Playlist,8.74,1077988.0,61433.0,818.0,970.0,8149.788833333334,chapters,2026-02-21 04:39:33.221501,WS-DIGITAL-NEWS
YT0008308,- I Tried Viral TikTok Trends...This Was a MISTAKE!,source_159,source_159,True,Company_B,content_editor_01,Digital_News,Hindi,interview,shorts,Youtube,,True,2026-02-20 00:00:00.000000,34.84,14.333333333333332,34.44,501.0,Notifications,28.58,1215621.0,6612.0,4276.0,2449.0,2307.4286666666667,chapters,2026-02-20 02:08:21.132392,WS-DIGITAL-NEWS
YT0013417,- The Weirdest TikToks EVER?! (I'm SPEECHLESS!),source_159,source_159,True,Company_B,content_editor_01,Digital_News,Hindi,discussion_show,shorts,Youtube,,True,2026-02-21 00:00:00.000000,69.28,25.3,32.79,208.0,Suggested,5.49,1667105.0,70329.0,6010.0,2983.0,8242.908,key_moments,2026-02-21 00:58:32.990686,WS-DIGITAL-NEWS
YT0010978,"- TikToks So Funny, I Cried! (You HAVE to See These!)",source_159,source_159,True,Company_B,content_editor_01,Digital_News,Hindi,press_conference,shorts,Youtube,,True,2026-02-22 00:00:00.000000,21.54,7.866666666666666,5.61,209.0,Notifications,1.5,1953553.0,65195.0,5350.0,1400.0,198.973,chapters,2026-02-22 04:01:23.397189,WS-DIGITAL-NEWS
YT0009864,- Controversial TikToks?! I'm Spilling the Tea!,source_159,source_159,True,Company_B,content_editor_01,Digital_News,Hindi,discussion_show,shorts,Youtube,,True,2026-02-22 00:00:00.000000,19.55,8.783333333333333,28.21,298.0,Playlist,12.78,1259818.0,56283.0,4828.0,2553.0,449.1018333333333,my_key_moments,2026-02-22 03:12:32.829008,WS-DIGITAL-NEWS
YT0016124,- Viral TikToks of the Week: I Can't Stop Laughing!,source_160,source_160,True,Company_B,content_editor_01,Digital_News,Hindi,interview,shorts,Youtube,,True,2026-02-23 00:00:00.000000,55.97,10.633333333333333,7.65,141.0,Notifications,26.16,1578294.0,78198.0,416.0,1424.0,1373.7003333333334,chapters,2026-02-23 06:44:52.299168,WS-DIGITAL-NEWS
YT0007715,- Reacting to TikToks That Broke the Internet!,source_160,source_160,True,Company_B,content_editor_01,Digital_News,Hindi,debate,shorts,Youtube,,True,2026-02-23 00:00:00.000000,35.17,20.9,66.44,103.0,Search,16.97,1424035.0,52174.0,6522.0,990.0,5300.574666666666,full_package,2026-02-23 09:27:07.563326,WS-DIGITAL-NEWS
YT0007270,- I Tried Viral TikToks & Here's What Happened...,source_160,source_160,True,Company_B,content_editor_01,Digital_News,Hindi,discussion_show,shorts,Youtube,,True,2026-02-23 00:00:00.000000,62.04,30.216666666666665,48.29,526.0,External,15.76,1966442.0,21842.0,3033.0,2096.0,12408.613166666668,key_moments,2026-02-23 03:43:48.682315,WS-DIGITAL-NEWS
YT0010936,- The Funniest TikToks I've Ever Seen!,source_160,source_160,True,Company_B,content_editor_01,Digital_News,Hindi,discussion_show,shorts,Youtube,,True,2026-02-23 00:00:00.000000,32.17,7.65,0.87,393.0,Search,2.09,1477027.0,73727.0,7747.0,2925.0,61.54283333333333,chapters,2026-02-23 03:17:57.689042,WS-DIGITAL-NEWS
YT0021151,- Can I Master These Viral TikTok Dances?! (Challenge Accepted!),source_159,source_159,True,Company_B,content_editor_01,Digital_News,Hindi,debate,shorts,Youtube,,True,2026-02-23 00:00:00.000000,71.55,51.25,77.37,536.0,Browse,29.91,1286107.0,60334.0,7842.0,971.0,15629.7725,key_moments,2026-02-23 06:04:36.304444,WS-DIGITAL-NEWS
YT0005343,- Controversial TikToks?! Let's Talk About It...,source_160,source_160,True,Company_B,content_editor_01,Digital_News,Hindi,debate,shorts,Youtube,,True,2026-02-23 00:00:00.000000,39.88,12.216666666666669,18.96,273.0,External,11.12,1246709.0,94182.0,5280.0,25.0,1633.4196666666664,chapters,2026-02-23 03:15:30.183123,WS-DIGITAL-NEWS
YT0012714,- This Week's TikToks Are WILD! (You Have To See This),source_160,source_160,True,Company_B,content_editor_01,Digital_News,Hindi,interview,shorts,Youtube,,True,2026-02-24 00:00:00.000000,21.49,7.966666666666667,7.19,460.0,Shorts Feed,17.69,1873579.0,1065.0,7966.0,2619.0,242.87133333333333,key_moments,2026-02-24 03:02:50.858453,WS-DIGITAL-NEWS
YT0007456,- TikToks That Made Me Question My Existence,source_160,source_160,True,Company_B,content_editor_01,Digital_News,Hindi,interview,shorts,Youtube,,True,2026-02-24 00:00:00.000000,62.3,20.066666666666663,26.57,474.0,Search,15.78,1707281.0,47493.0,3740.0,2587.0,5959.675333333334,full_package,2026-02-24 09:10:14.146701,WS-DIGITAL-NEWS
YT0006541,- We Reacted to the Most Viral TikToks!,source_160,source_160,True,Company_B,content_editor_01,Digital_News,Hindi,interview,shorts,Youtube,,True,2026-02-24 00:00:00.000000,51.05,38.3,85.44,434.0,Playlist,4.0,1186347.0,18142.0,6361.0,870.0,10149.857666666669,key_moments,2026-02-24 10:57:30.648753,WS-DIGITAL-NEWS
YT0011942,- TikToks Gone WILD! (I Can't Believe These Are Real),source_161,source_161,True,Company_B,content_editor_01,Digital_News,Hindi,debate,shorts,Youtube,,True,2026-02-25 00:00:00.000000,17.509999999999998,8.066666666666666,22.58,575.0,Playlist,27.09,1578168.0,92938.0,1017.0,469.0,248.4153333333333,full_package,2026-02-25 09:31:14.485064,WS-DIGITAL-NEWS
YT0018442,- Reacting to TikToks That Broke the Internet!,source_161,source_161,True,Company_B,content_editor_01,Digital_News,Hindi,debate,shorts,Youtube,,True,2026-02-25 00:00:00.000000,73.72,30.53333333333333,39.23,262.0,Search,22.89,1395292.0,5278.0,4449.0,432.0,8927.285,full_package,2026-02-25 03:29:46.747018,WS-DIGITAL-NEWS
YT0000892,- I Tried Viral TikTok Life Hacks... HUGE MISTAKE!,source_161,source_161,True,Company_B,content_editor_01,Digital_News,Hindi,debate,shorts,Youtube,,True,2026-02-25 00:00:00.000000,53.05,33.8,69.12,565.0,Suggested,17.79,1224456.0,87073.0,1608.0,1666.0,8945.331333333334,key_moments,2026-02-25 00:43:19.702503,WS-DIGITAL-NEWS
YT0002916,- Savage TikToks That Will Make You Cringe!,source_161,source_161,True,Company_B,content_editor_01,Digital_News,Hindi,interview,shorts,Youtube,,True,2026-02-25 00:00:00.000000,41.2,31.33333333333333,90.97,128.0,Notifications,4.29,1184791.0,45284.0,2916.0,1430.0,7843.755166666667,key_moments,2026-02-25 03:33:09.996443,WS-DIGITAL-NEWS
YT0010445,- The Funniest TikToks of the Week! (Try Not To Laugh),source_161,source_161,True,Company_B,content_editor_01,Digital_News,Hindi,press_conference,shorts,Youtube,,True,2026-02-27 00:00:00.000000,67.67,18.05,20.03,204.0,Channel Page,15.03,1669778.0,52049.0,4158.0,763.0,4893.377166666667,full_package,2026-02-27 02:10:52.596147,WS-DIGITAL-NEWS
YT0022397,- TikTok Conspiracy Theories That Will Blow Your Mind!,source_161,source_161,True,Company_B,content_editor_01,Digital_News,Hindi,debate,shorts,Youtube,,True,2026-02-27 00:00:00.000000,61.52,48.81666666666667,88.81,226.0,Browse,8.44,1416050.0,27083.0,516.0,1005.0,16251.796,full_package,2026-02-27 03:36:20.499481,WS-DIGITAL-NEWS
YT0007910,- Reacting to the Most SHOCKING TikToks EVER!,source_161,source_161,True,Company_B,content_editor_01,Digital_News,Hindi,interview,shorts,Youtube,,True,2026-02-27 00:00:00.000000,69.35,56.41666666666666,90.0,142.0,Browse,1.52,1140089.0,66440.0,2819.0,672.0,15491.487166666666,key_moments,2026-02-27 02:20:17.858764,WS-DIGITAL-NEWS
YT0022766,"- Viral TikToks of the Week: The Good, The Bad, and The WTF!",source_161,source_161,True,Company_B,content_editor_01,Digital_News,Hindi,debate,shorts,Youtube,,True,2026-02-27 00:00:00.000000,28.37,15.9,62.83,216.0,Notifications,0.3,1999477.0,63279.0,972.0,1832.0,4665.446333333334,key_moments,2026-02-27 03:56:03.048041,WS-DIGITAL-NEWS
YT0012689,- Viral TikToks of the Week! (I Can't Believe These Are Real),source_162,source_162,True,Company_B,content_editor_01,Digital_News,Hindi,debate,shorts,Youtube,,True,2026-02-28 00:00:00.000000,66.19,35.65,54.99,563.0,External,19.01,1520057.0,51558.0,7496.0,2512.0,11886.001333333332,key_moments,2026-02-28 01:44:30.196559,WS-DIGITAL-NEWS
YT0023888,- Reacting to TikToks That Broke the Internet!,source_162,source_162,True,Company_B,content_editor_01,Digital_News,Hindi,debate,shorts,Youtube,,True,2026-02-28 00:00:00.000000,55.49,7.666666666666667,0.41,315.0,Search,9.56,1697636.0,37196.0,4055.0,627.0,78.59433333333332,full_package,2026-02-28 01:26:08.870833,WS-DIGITAL-NEWS
YT0008460,"- TikToks That Made Me Say ""WTF?!""",source_162,source_162,True,Company_B,content_editor_01,Digital_News,Hindi,debate,shorts,Youtube,,True,2026-02-28 00:00:00.000000,67.4,30.03333333333333,43.0,76.0,External,5.5,1862520.0,90108.0,3124.0,1943.0,11657.9955,full_package,2026-02-28 10:38:17.376404,WS-DIGITAL-NEWS
YT0003357,- Public Proposal DISASTER?! Reacting to Viral TikToks,source_162,source_162,True,Company_B,content_editor_01,Digital_News,Hindi,interview,shorts,Youtube,,True,2026-02-28 00:00:00.000000,43.45,33.7,92.09,244.0,Channel Page,5.46,1085159.0,40886.0,3565.0,76.0,7897.546,key_moments,2026-02-28 01:50:29.319211,WS-DIGITAL-NEWS
YT0003941,- Reacting to TikToks That Broke the Internet!,source_163,source_163,True,Company_B,content_editor_01,Digital_News,Hindi,press_conference,shorts,Youtube,,True,2026-03-01 00:00:00.000000,59.11,10.25,6.23,330.0,External,11.93,1377872.0,38558.0,7564.0,2479.0,1052.5411666666666,summary,2026-03-01 04:00:03.820830,WS-DIGITAL-NEWS
YT0005255,"- TikToks That Will Make You Laugh, Cry, and Question Everything",source_162,source_162,True,Company_B,content_editor_01,Digital_News,Hindi,debate,shorts,Youtube,,True,2026-03-01 00:00:00.000000,73.42,32.58333333333333,42.94,532.0,Notifications,1.08,1556925.0,8486.0,3713.0,288.0,10848.019166666669,chapters,2026-03-01 08:35:02.592618,WS-DIGITAL-NEWS
YT0003609,- The Most Shocking TikToks of the Week!,source_162,source_162,True,Company_B,content_editor_01,Digital_News,Hindi,discussion_show,shorts,Youtube,,True,2026-03-01 00:00:00.000000,17.43,7.883333333333333,15.78,412.0,Playlist,21.21,1167392.0,70908.0,4990.0,423.0,124.30566666666668,full_package,2026-03-01 08:18:44.319397,WS-DIGITAL-NEWS
YT0017141,- Viral TikToks of the Week: I Can't Stop Laughing!,source_163,source_163,True,Company_B,content_editor_01,Digital_News,Hindi,interview,shorts,Youtube,,True,2026-03-02 00:00:00.000000,40.18,22.15,58.18,118.0,External,27.28,1347658.0,77893.0,4701.0,688.0,5484.2193333333325,key_moments,2026-03-02 07:33:17.002649,WS-DIGITAL-NEWS
YT0012737,- I React to the WILDEST TikToks (Cringe Alert!),source_163,source_163,True,Company_B,content_editor_01,Digital_News,Hindi,speech,shorts,Youtube,,True,2026-03-02 00:00:00.000000,70.21000000000001,8.366666666666667,1.57,28.0,External,5.49,1301717.0,98442.0,3391.0,1498.0,313.3763333333334,summary,2026-03-02 05:05:48.015439,WS-DIGITAL-NEWS
YT0019054,"- TikToks So Viral, They Broke My Brain!",source_163,source_163,True,Company_B,content_editor_01,Digital_News,Hindi,interview,shorts,Youtube,,True,2026-03-03 00:00:00.000000,20.39,12.5,92.76,490.0,Search,20.77,1624746.0,7027.0,7552.0,1003.0,2256.5916666666667,key_moments,2026-03-03 07:08:18.454487,WS-DIGITAL-NEWS
YT0018024,- The Funniest TikToks You NEED to See!,source_163,source_163,True,Company_B,content_editor_01,Digital_News,Hindi,debate,shorts,Youtube,,True,2026-03-03 00:00:00.000000,16.1,8.366666666666667,78.79,312.0,Channel Page,9.51,1928391.0,51417.0,2333.0,2671.0,464.24233333333336,key_moments,2026-03-03 11:59:53.875427,WS-DIGITAL-NEWS
YT0012558,- Unfiltered Reactions to the Craziest TikTok Trends!,source_163,source_163,True,Company_B,content_editor_01,Digital_News,Hindi,interview,shorts,Youtube,,True,2026-03-03 00:00:00.000000,61.37,15.733333333333333,17.76,166.0,Notifications,27.34,1387766.0,52738.0,3068.0,1190.0,3173.8721666666665,key_moments,2026-03-03 05:37:11.610991,WS-DIGITAL-NEWS
YT0005940,- We Found the Most Viral TikToks... Prepare to be Amazed!,source_163,source_163,True,Company_B,content_editor_01,Digital_News,Hindi,debate,shorts,Youtube,,True,2026-03-04 00:00:00.000000,48.91,36.73333333333333,86.21,673.0,Shorts Feed,23.36,1444667.0,11794.0,4365.0,1732.0,11731.231166666666,key_moments,2026-03-04 00:55:11.715487,WS-DIGITAL-NEWS
YT0014692,- TikTok's Grossest Food Combos: I Can't Believe People Eat This!,source_164,source_164,True,Company_B,content_editor_01,Digital_News,Hindi,speech,shorts,Youtube,,True,2026-03-05 00:00:00.000000,32.72,14.366666666666667,38.75,350.0,Browse,18.8,1257297.0,4555.0,912.0,801.0,2398.177666666667,summary,2026-03-05 02:37:14.768495,WS-DIGITAL-NEWS
YT0014235,- I Tried TikTok's Weirdest Food Trends... My Taste Buds Are Crying,source_164,source_164,True,Company_B,content_editor_01,Digital_News,Hindi,discussion_show,shorts,Youtube,,True,2026-03-06 00:00:00.000000,41.370000000000005,26.166666666666668,70.79,552.0,Playlist,20.85,1803116.0,49400.0,3788.0,2092.0,9349.490333333331,full_package,2026-03-06 06:58:56.582721,WS-DIGITAL-NEWS
YT0014701,- Ketchup on Ice Cream?! TikTok Food Combos That Went Too Far,source_164,source_164,True,Company_B,content_editor_01,Digital_News,Hindi,interview,shorts,Youtube,,True,2026-03-06 00:00:00.000000,28.03,14.733333333333334,55.51,427.0,Playlist,22.02,1928317.0,59448.0,4945.0,531.0,3874.488833333333,key_moments,2026-03-06 02:25:19.408993,WS-DIGITAL-NEWS
YT0023810,- TikTok Made Me Try It: The Most Disgusting Food Combinations EVER,source_164,source_164,True,Company_B,content_editor_01,Digital_News,Hindi,debate,shorts,Youtube,,True,2026-03-06 00:00:00.000000,58.73,21.96666666666667,33.08,315.0,Shorts Feed,18.4,1135609.0,84076.0,4047.0,2193.0,4563.465833333334,chapters,2026-03-06 14:37:11.411491,WS-DIGITAL-NEWS
YT0010485,- Reacting to TikToks That Broke the Internet!,source_165,source_165,True,Company_B,content_editor_01,Digital_News,Hindi,discussion_show,shorts,Youtube,,True,2026-03-07 00:00:00.000000,46.0,8.833333333333334,4.3,138.0,Playlist,18.78,1919088.0,84026.0,1835.0,2983.0,710.7733333333333,key_moments,2026-03-07 03:48:10.256070,WS-DIGITAL-NEWS
YT0010356,- The Most Insane TikToks I've Ever Seen!,source_165,source_165,True,Company_B,content_editor_01,Digital_News,Hindi,press_conference,shorts,Youtube,,True,2026-03-07 00:00:00.000000,16.77,7.65,8.47,690.0,Notifications,6.96,1267718.0,68785.0,437.0,1725.0,52.82166666666667,summary,2026-03-07 04:16:56.328250,WS-DIGITAL-NEWS
YT0016726,"- TikToks So Crazy, You Have to See Them to Believe Them!",source_165,source_165,True,Company_B,content_editor_01,Digital_News,Hindi,interview,shorts,Youtube,,True,2026-03-07 00:00:00.000000,51.12,17.55,27.82,639.0,Playlist,3.53,1857101.0,78039.0,6868.0,2761.0,5184.407,key_moments,2026-03-07 09:50:11.037513,WS-DIGITAL-NEWS
YT0024284,"- The ""Mystery Combo"" Challenge: TikTok Trolls Pick My Food!",source_164,source_164,True,Company_B,content_editor_01,Digital_News,Hindi,discussion_show,shorts,Youtube,,True,2026-03-07 00:00:00.000000,26.87,14.133333333333333,55.88,544.0,External,18.58,1200880.0,62067.0,4852.0,2256.0,2212.7326666666663,full_package,2026-03-07 03:27:20.388152,WS-DIGITAL-NEWS
YT0019840,- Reacting to TikToks That Will Make You Cringe!,source_165,source_165,True,Company_B,content_editor_01,Digital_News,Hindi,speech,shorts,Youtube,,True,2026-03-08 00:00:00.000000,68.19,45.766666666666666,71.94,373.0,Shorts Feed,21.58,1814588.0,92478.0,6632.0,1785.0,19288.39833333333,chapters,2026-03-08 04:36:20.873548,WS-DIGITAL-NEWS
YT0019221,- Prepare to be Amazed: Reacting to Viral TikToks!,source_165,source_165,True,Company_B,content_editor_01,Digital_News,Hindi,press_conference,shorts,Youtube,,True,2026-03-08 00:00:00.000000,35.52,10.916666666666666,16.65,632.0,Browse,2.63,1734415.0,87915.0,6437.0,2050.0,1646.0883333333334,summary,2026-03-08 08:12:43.100939,WS-DIGITAL-NEWS
YT0028279,- SCARIEST TikToks of the Week! (I'm Officially Spooked!),source_166,source_166,True,Company_B,content_editor_01,Digital_News,Hindi,debate,shorts,Youtube,,True,2026-03-08 00:00:00.000000,69.50999999999999,52.28333333333333,82.16,251.0,Search,19.77,1754100.0,43392.0,2188.0,247.0,21820.679166666665,full_package,2026-03-08 01:13:54.486005,WS-DIGITAL-NEWS
YT0006555,- Reacting to TikToks That Gave Me NIGHTMARES! 👻,source_166,source_166,True,Company_B,content_editor_01,Digital_News,Hindi,discussion_show,shorts,Youtube,,True,2026-03-09 00:00:00.000000,34.39,12.483333333333334,25.7,431.0,Playlist,20.95,1510545.0,28145.0,3399.0,1157.0,2090.985833333333,key_moments,2026-03-09 03:11:01.455116,WS-DIGITAL-NEWS
YT0020611,- TikTok's Creepiest Videos: Real or Fake?!,source_166,source_166,True,Company_B,content_editor_01,Digital_News,Hindi,discussion_show,shorts,Youtube,,True,2026-03-09 00:00:00.000000,65.42,41.66666666666666,67.76,395.0,Playlist,11.93,1508460.0,29463.0,7735.0,862.0,14316.402833333334,chapters,2026-03-09 07:45:53.735579,WS-DIGITAL-NEWS
YT0024116,- I Watched Scary TikToks So You Don't Have To!,source_166,source_166,True,Company_B,content_editor_01,Digital_News,Hindi,interview,shorts,Youtube,,True,2026-03-10 00:00:00.000000,47.6,7.6,0.31,124.0,Search,10.37,1321919.0,45532.0,3648.0,620.0,36.72,key_moments,2026-03-10 04:12:55.895174,WS-DIGITAL-NEWS
YT0019596,- These TikToks Made Me SCREAM! (Loud Warning!),source_166,source_166,True,Company_B,content_editor_01,Digital_News,Hindi,debate,shorts,Youtube,,True,2026-03-10 00:00:00.000000,54.91,8.816666666666666,3.3,225.0,Suggested,8.39,1860528.0,61421.0,3685.0,2721.0,680.4708333333333,key_moments,2026-03-10 12:56:16.459672,WS-DIGITAL-NEWS
YT0006625,- Cursed TikToks That Will Keep You Up At Night!,source_166,source_166,True,Company_B,content_editor_01,Digital_News,Hindi,debate,shorts,Youtube,,True,2026-03-11 00:00:00.000000,27.72,14.266666666666666,53.2,65.0,Playlist,28.09,1793239.0,41866.0,7274.0,2706.0,3370.6251666666667,key_moments,2026-03-11 01:08:01.601843,WS-DIGITAL-NEWS
YT0024634,- TikToks That Made Me Question Reality!,source_167,source_167,True,Company_B,content_editor_01,Digital_News,Hindi,press_conference,shorts,Youtube,,True,2026-03-12 00:00:00.000000,21.23,8.683333333333334,18.99,256.0,Notifications,13.74,1535368.0,62048.0,7472.0,2776.0,504.6811666666666,chapters,2026-03-12 01:02:05.595826,WS-DIGITAL-NEWS
YT0016920,- I Can't Believe These TikToks Went Viral!,source_167,source_167,True,Company_B,content_editor_01,Digital_News,Hindi,speech,shorts,Youtube,,True,2026-03-12 00:00:00.000000,37.98,19.816666666666663,53.6,35.0,Suggested,20.09,1427194.0,61310.0,822.0,406.0,4882.8535,key_moments,2026-03-12 07:24:15.017848,WS-DIGITAL-NEWS
YT0018083,- Reacting to TikToks That Broke the Internet!,source_167,source_167,True,Company_B,content_editor_01,Digital_News,Hindi,press_conference,shorts,Youtube,,True,2026-03-12 00:00:00.000000,18.14,8.25,23.89,469.0,Suggested,8.08,1875427.0,66539.0,1302.0,2714.0,390.714,summary,2026-03-12 07:59:45.563052,WS-DIGITAL-NEWS
YT0008584,"- Cringe, Fails, and Deepfakes: TikTok Gone Wild!",source_167,source_167,True,Company_B,content_editor_01,Digital_News,Hindi,speech,shorts,Youtube,,True,2026-03-12 00:00:00.000000,27.91,12.666666666666668,40.02,254.0,Search,6.4,1137257.0,46417.0,5591.0,78.0,1632.1743333333334,summary,2026-03-12 03:25:37.312426,WS-DIGITAL-NEWS
YT0007876,- I Tried Viral TikTok Hacks (You Won't Believe What Happened!),source_167,source_167,True,Company_B,content_editor_01,Digital_News,Hindi,interview,shorts,Youtube,,True,2026-03-12 00:00:00.000000,43.82,10.3,9.72,47.0,Browse,12.38,1690230.0,5055.0,1571.0,633.0,1314.6233333333332,key_moments,2026-03-12 05:30:36.897758,WS-DIGITAL-NEWS
YT0009396,- We're Debunking SCARY TikToks! (Truth Revealed!),source_166,source_166,True,Company_B,content_editor_01,Digital_News,Hindi,interview,shorts,Youtube,,True,2026-03-12 00:00:00.000000,43.8,13.516666666666666,20.89,562.0,Shorts Feed,16.18,1572272.0,73301.0,5145.0,1620.0,2627.7323333333334,key_moments,2026-03-12 07:15:38.093954,WS-DIGITAL-NEWS
YT0014314,- The Most Unhinged TikToks I've Ever Seen!,source_167,source_167,True,Company_B,content_editor_01,Digital_News,Hindi,interview,shorts,Youtube,,True,2026-03-13 00:00:00.000000,36.4,23.166666666666664,73.21,505.0,Suggested,14.14,1877660.0,89763.0,5455.0,1087.0,8171.298166666666,summary,2026-03-13 02:05:09.265379,WS-DIGITAL-NEWS
YT0022960,- Viral TikToks of the Week?! I Can't Stop Laughing!,source_168,source_168,True,Company_B,content_editor_01,Digital_News,Hindi,discussion_show,shorts,Youtube,,True,2026-03-13 00:00:00.000000,63.6,22.316666666666663,30.49,554.0,Notifications,1.02,1347747.0,21083.0,7989.0,2791.0,5546.977166666667,full_package,2026-03-13 02:16:20.469185,WS-DIGITAL-NEWS
YT0003994,- Reacting to TikToks That Broke the Internet!,source_168,source_168,True,Company_B,content_editor_01,Digital_News,Hindi,discussion_show,shorts,Youtube,,True,2026-03-14 00:00:00.000000,56.2,44.4,89.56,110.0,Channel Page,19.67,1664006.0,40114.0,458.0,2462.0,17056.0615,key_moments,2026-03-14 04:39:20.235562,WS-DIGITAL-NEWS
YT0015013,- I Tried Viral TikTok Recipes & It Was a DISASTER!,source_168,source_168,True,Company_B,content_editor_01,Digital_News,Hindi,debate,shorts,Youtube,,True,2026-03-14 00:00:00.000000,68.72,59.1,96.05,596.0,Channel Page,15.32,1516980.0,9352.0,3003.0,413.0,21743.38,chapters,2026-03-14 08:14:40.770390,WS-DIGITAL-NEWS
YT0015000,- The Funniest TikToks I've EVER Seen!,source_168,source_168,True,Company_B,content_editor_01,Digital_News,Hindi,interview,shorts,Youtube,,True,2026-03-14 00:00:00.000000,71.81,39.86666666666667,56.97,133.0,External,5.09,1586855.0,7440.0,3136.0,1475.0,14267.001833333334,key_moments,2026-03-14 01:34:25.882512,WS-DIGITAL-NEWS
YT0023800,- TikTok Trends: Genius or Cringe?! (My Honest Reaction),source_168,source_168,True,Company_B,content_editor_01,Digital_News,Hindi,debate,shorts,Youtube,,True,2026-03-14 00:00:00.000000,42.74,25.15,63.63,206.0,Browse,5.38,1595196.0,39763.0,7869.0,2135.0,7820.8915,key_moments,2026-03-14 03:24:51.034584,WS-DIGITAL-NEWS
YT0013840,- Addicted to TikTok: Reacting to Your Faves!,source_168,source_168,True,Company_B,content_editor_01,Digital_News,Hindi,debate,shorts,Youtube,,True,2026-03-15 00:00:00.000000,46.2,37.48333333333333,96.1,547.0,Playlist,0.71,1594663.0,92775.0,5042.0,1971.0,13281.475666666667,full_package,2026-03-15 03:17:24.207165,WS-DIGITAL-NEWS
YT0027427,- Reacting to TikToks That Broke the Internet!,source_169,source_169,True,Company_B,content_editor_01,Digital_News,Hindi,discussion_show,shorts,Youtube,,True,2026-03-15 00:00:00.000000,69.12,27.28333333333333,36.55,622.0,Shorts Feed,23.59,1828537.0,42880.0,4203.0,2539.0,10048.488,key_moments,2026-03-15 05:35:17.608787,WS-DIGITAL-NEWS
YT0002669,- I Can't Believe These TikToks Went Viral!,source_169,source_169,True,Company_B,content_editor_01,Digital_News,Hindi,discussion_show,shorts,Youtube,,True,2026-03-15 00:00:00.000000,23.95,13.833333333333332,70.76,614.0,Shorts Feed,21.68,1582890.0,59578.0,7819.0,2754.0,2784.713833333333,key_moments,2026-03-15 03:58:20.142619,WS-DIGITAL-NEWS
YT0018828,- The Funniest TikToks of the Week (I Lost It!),source_169,source_169,True,Company_B,content_editor_01,Digital_News,Hindi,debate,shorts,Youtube,,True,2026-03-15 00:00:00.000000,34.2,10.116666666666667,13.63,226.0,Notifications,22.17,1147263.0,38091.0,7588.0,455.0,833.8901666666667,full_package,2026-03-15 02:35:04.715731,WS-DIGITAL-NEWS
YT0016535,"- TikToks So Wild, You Won't Believe They're Real",source_169,source_169,True,Company_B,content_editor_01,Digital_News,Hindi,press_conference,shorts,Youtube,,True,2026-03-15 00:00:00.000000,68.85,19.883333333333333,23.0,387.0,Notifications,17.55,1540280.0,48087.0,6457.0,1439.0,5298.278,key_moments,2026-03-15 10:51:38.372074,WS-DIGITAL-NEWS
YT0028551,- We Tried Viral TikTok Life Hacks... Did They Work?!,source_169,source_169,True,Company_B,content_editor_01,Digital_News,Hindi,press_conference,shorts,Youtube,,True,2026-03-16 00:00:00.000000,42.66,20.416666666666664,46.7,311.0,Channel Page,2.01,1392075.0,58920.0,4746.0,58.0,4994.7135,chapters,2026-03-16 02:35:54.169889,WS-DIGITAL-NEWS
YT0024646,- Cringe TikToks That Made Me Want to Hide,source_169,source_169,True,Company_B,content_editor_01,Digital_News,Hindi,debate,shorts,Youtube,,True,2026-03-16 00:00:00.000000,41.19,24.0,63.0,540.0,Suggested,16.31,1898009.0,97497.0,3376.0,245.0,8699.208,full_package,2026-03-16 03:09:59.290495,WS-DIGITAL-NEWS
YT0011286,"- This Week's TikToks: The Good, The Bad, and The Hilarious",source_169,source_169,True,Company_B,content_editor_01,Digital_News,Hindi,debate,shorts,Youtube,,True,2026-03-16 00:00:00.000000,18.16,8.3,25.32,517.0,Channel Page,16.09,1906286.0,26529.0,2047.0,30.0,423.6191666666667,chapters,2026-03-16 01:07:11.062939,WS-DIGITAL-NEWS
YT0004976,- Magic Tricks That Actually Broke My Brain 🤯,source_170,source_170,True,Company_B,content_editor_01,Digital_News,Hindi,debate,shorts,Youtube,,True,2026-03-17 00:00:00.000000,64.28999999999999,23.516666666666666,32.49,165.0,Playlist,9.17,1381189.0,7682.0,4580.0,1212.0,6145.012166666666,full_package,2026-03-17 02:15:36.234697,WS-DIGITAL-NEWS
YT0001174,- Reacting to Magic: Real or Just REALLY Good?,source_170,source_170,True,Company_B,content_editor_01,Digital_News,Hindi,interview,shorts,Youtube,,True,2026-03-17 00:00:00.000000,41.99,21.766666666666666,52.86,297.0,Suggested,13.35,1337752.0,20116.0,3528.0,1572.0,5301.461666666667,summary,2026-03-17 06:02:40.340452,WS-DIGITAL-NEWS
YT0011104,- I Can't Explain These Magic Tricks (You Won't Believe It!),source_170,source_170,True,Company_B,content_editor_01,Digital_News,Hindi,press_conference,shorts,Youtube,,True,2026-03-17 00:00:00.000000,55.68,13.016666666666666,13.56,154.0,Playlist,19.42,1846500.0,44090.0,2505.0,1726.0,2829.590333333333,summary,2026-03-17 05:10:10.199147,WS-DIGITAL-NEWS
YT0026065,- Insane Magic Tricks That Defy Logic (Slow-Mo Breakdown!),source_170,source_170,True,Company_B,content_editor_01,Digital_News,Hindi,debate,shorts,Youtube,,True,2026-03-18 00:00:00.000000,30.82,14.433333333333334,43.83,476.0,Browse,5.6,1737292.0,49230.0,5168.0,542.0,3345.8956666666663,full_package,2026-03-18 06:27:42.480847,WS-DIGITAL-NEWS
YT0007363,- Street Magic Gone WRONG?! + Underwater Escape Reaction,source_170,source_170,True,Company_B,content_editor_01,Digital_News,Hindi,interview,shorts,Youtube,,True,2026-03-19 00:00:00.000000,74.50999999999999,27.23333333333333,33.16,134.0,Shorts Feed,15.22,1794261.0,34065.0,7434.0,599.0,9835.2085,chapters,2026-03-19 06:12:56.561185,WS-DIGITAL-NEWS
0010689,"- TikTok Drama, Fails & Existential Crises!",source_1,source_1,False,Company_B,content_editor_01,Digital_News,Hindi,debate,,,,False,,63.38,,,,,,,,,,,my_key_moments,,WS-DIGITAL-NEWS
0024979,- I Tried Viral TikToks... And Here's What Happened!,source_3,source_3,False,Company_B,content_editor_01,Digital_News,Hindi,discussion_show,,,,False,,64.25999999999999,,,,,,,,,,,key_moments,,WS-DIGITAL-NEWS
0002294,- TikToks That Broke the Internet (and My Brain),source_6,source_6,False,Company_B,content_editor_01,Digital_News,Hindi,speech,,,,False,,74.08,,,,,,,,,,,key_moments,,WS-DIGITAL-NEWS
0020122,"- TikToks So Wild, I Lost Brain Cells (A Reaction Video)",source_7,source_7,False,Company_B,content_editor_01,Digital_News,Hindi,debate,,,,False,,52.52,,,,,,,,,,,chapters,,WS-DIGITAL-NEWS
0013644,- I Can't Explain These Magic Tricks! (Viewer Request),source_10,source_10,False,Company_B,content_editor_01,Digital_News,Hindi,debate,,,,False,,39.75,,,,,,,,,,,key_moments,,WS-DIGITAL-NEWS
0019571,- Viral Magic Tricks That Will Make You Question Reality!,source_10,source_10,False,Company_B,content_editor_01,Digital_News,Hindi,discussion_show,,,,False,,70.38,,,,,,,,,,,my_key_moments,,WS-DIGITAL-NEWS
0019366,"- TikToks So Wild, I Had to React!",source_13,source_13,False,Company_B,content_editor_01,Digital_News,Hindi,interview,,,,False,,26.87,,,,,,,,,,,key_moments,,WS-DIGITAL-NEWS
0002683,- The Most Wholesome TikTok That Almost Made Me Cry,source_14,source_14,False,Company_B,content_editor_01,Digital_News,Hindi,speech,,,,False,,52.74,,,,,,,,,,,summary,,WS-DIGITAL-NEWS
0014442,- I Tried Viral TikTok Trends... *EPIC FAIL*,source_15,source_15,False,Company_B,content_editor_01,Digital_News,Hindi,speech,,,,False,,72.11,,,,,,,,,,,key_moments,,WS-DIGITAL-NEWS
0010707,- I Tried Viral TikToks... Here's What Happened!,source_18,source_18,False,Company_B,content_editor_01,Digital_News,Hindi,debate,,,,False,,40.84,,,,,,,,,,,key_moments,,WS-DIGITAL-NEWS
0011410,- My Honest Reactions to the Craziest TikTok Trends!,source_18,source_18,False,Company_B,content_editor_01,Digital_News,Hindi,debate,,,,False,,32.510000000000005,,,,,,,,,,,key_moments,,WS-DIGITAL-NEWS
0009363,- The Internet is a Weird Place (TikTok Proof!),source_19,source_19,False,Company_B,content_editor_01,Digital_News,Hindi,interview,,,,False,,16.22,,,,,,,,,,,key_moments,,WS-DIGITAL-NEWS
0028966,- I Can't Believe These TikToks Exist!,source_22,source_22,False,Company_B,content_editor_01,Digital_News,Hindi,debate,,,,False,,58.99,,,,,,,,,,,key_moments,,WS-DIGITAL-NEWS
0027371,"- TikToks So Crazy, I Lost My Voice!",source_23,source_23,False,Company_B,content_editor_01,Digital_News,Hindi,press_conference,,,,False,,60.76,,,,,,,,,,,full_package,,WS-DIGITAL-NEWS
0023711,- Self-Driving Cars Gone WILD! (Scary AI Fails),source_26,source_26,False,Company_B,content_editor_01,Digital_News,Hindi,interview,,,,False,,54.3,,,,,,,,,,,summary,,WS-DIGITAL-NEWS
0005302,- My Smart Home is a NIGHTMARE! (AI Tech Fails),source_26,source_26,False,Company_B,content_editor_01,Digital_News,Hindi,debate,,,,False,,48.68,,,,,,,,,,,full_package,,WS-DIGITAL-NEWS
0006971,- TikTok's Gone WILD: Reacting to the Most Shocking Trends,source_27,source_27,False,Company_B,content_editor_01,Digital_News,Hindi,press_conference,,,,False,,26.18,,,,,,,,,,,key_moments,,WS-DIGITAL-NEWS
0029407,- Reacting to AI Gone WRONG! (Cringe Compilation),source_30,source_30,False,Company_B,content_editor_01,Digital_News,Hindi,debate,,,,False,,32.18,,,,,,,,,,,full_package,,WS-DIGITAL-NEWS
0010237,- Deepfake Nightmares! 😱 Reacting to AI Fails,source_30,source_30,False,Company_B,content_editor_01,Digital_News,Hindi,discussion_show,,,,False,,57.9,,,,,,,,,,,my_key_moments,,WS-DIGITAL-NEWS
0003723,- TikTok's Wildest Week! You Won't Believe This!,source_33,source_33,False,Company_B,content_editor_01,Digital_News,Hindi,discussion_show,,,,False,,71.96000000000001,,,,,,,,,,,full_package,,WS-DIGITAL-NEWS
0006468,- Reacting to TikToks That Broke the Internet!,source_34,source_34,False,Company_B,content_editor_01,Digital_News,Hindi,discussion_show,,,,False,,58.19,,,,,,,,,,,key_moments,,WS-DIGITAL-NEWS
0025800,"- TikToks That Made Me Cringe, Cry, and Laugh!",source_34,source_34,False,Company_B,content_editor_01,Digital_News,Hindi,interview,,,,False,,41.46,,,,,,,,,,,key_moments,,WS-DIGITAL-NEWS
0028929,- David Blaine?! Penn & Teller?! Magic Overload!,source_35,source_35,False,Company_B,content_editor_01,Digital_News,Hindi,interview,,,,False,,40.95,,,,,,,,,,,summary,,WS-DIGITAL-NEWS
0005783,- Magicians Are From ANOTHER PLANET! 👽,source_39,source_39,False,Company_B,content_editor_01,Digital_News,Hindi,speech,,,,False,,32.14,,,,,,,,,,,full_package,,WS-DIGITAL-NEWS
0016271,- Wholesome Animals & Mind-Bending Magic: TikTok Reaction!,source_42,source_42,False,Company_B,content_editor_01,Digital_News,Hindi,speech,,,,False,,46.760000000000005,,,,,,,,,,,summary,,WS-DIGITAL-NEWS
0015276,"- TikToks So Wild, I Lost It!",source_45,source_45,False,Company_B,content_editor_01,Digital_News,Hindi,discussion_show,,,,False,,53.31,,,,,,,,,,,full_package,,WS-DIGITAL-NEWS
0006960,- I Found the WEIRDEST TikToks... You Won't Believe These!,source_50,source_50,False,Company_B,content_editor_01,Digital_News,Hindi,debate,,,,False,,46.73,,,,,,,,,,,key_moments,,WS-DIGITAL-NEWS
0003641,- From LOL to WTF: Reacting to This Week's Viral TikToks!,source_51,source_51,False,Company_B,content_editor_01,Digital_News,Hindi,interview,,,,False,,38.74,,,,,,,,,,,key_moments,,WS-DIGITAL-NEWS
0002720,- I Reacted to the WILDEST TikToks of the Week!,source_53,source_53,False,Company_B,content_editor_01,Digital_News,Hindi,speech,,,,False,,32.739999999999995,,,,,,,,,,,chapters,,WS-DIGITAL-NEWS
0005831,- I Found the WEIRDEST TikToks... My Reaction Says It All,source_54,source_54,False,Company_B,content_editor_01,Digital_News,Hindi,debate,,,,False,,51.91,,,,,,,,,,,full_package,,WS-DIGITAL-NEWS
0020745,- I Reacted to the WILDEST TikToks (Optical Illusions & Epic Fails!),source_55,source_55,False,Company_B,content_editor_01,Digital_News,Hindi,discussion_show,,,,False,,43.71,,,,,,,,,,,chapters,,WS-DIGITAL-NEWS
0018762,- Roommate Revenge Gone TOO FAR! 😡 (AITA Reactions),source_56,source_56,False,Company_B,content_editor_01,Digital_News,Hindi,discussion_show,,,,False,,28.57,,,,,,,,,,,my_key_moments,,WS-DIGITAL-NEWS
0013315,- Ranking the Most Viral TikToks: You Won't Agree!,source_55,source_55,False,Company_B,content_editor_01,Digital_News,Hindi,debate,,,,False,,34.33,,,,,,,,,,,chapters,,WS-DIGITAL-NEWS
0007533,- AITA Verdicts: Agree or Disagree?! (Let's Debate!),source_56,source_56,False,Company_B,content_editor_01,Digital_News,Hindi,interview,,,,False,,52.64,,,,,,,,,,,key_moments,,WS-DIGITAL-NEWS
0003869,- Viral TikToks of the Week: I Can't Believe These Are Real!,source_58,source_58,False,Company_B,content_editor_01,Digital_News,Hindi,discussion_show,,,,False,,60.29,,,,,,,,,,,chapters,,WS-DIGITAL-NEWS
0022712,- I Tried Viral TikTok Trends... And This Happened!,source_58,source_58,False,Company_B,content_editor_01,Digital_News,Hindi,interview,,,,False,,17.32,,,,,,,,,,,full_package,,WS-DIGITAL-NEWS
0007679,"- ""Am I the A**hole?"" Stories That Broke My Brain!",source_59,source_59,False,Company_B,content_editor_01,Digital_News,Hindi,press_conference,,,,False,,66.33,,,,,,,,,,,summary,,WS-DIGITAL-NEWS
0029729,- My Jaw DROPPED Watching These Magic Tricks!,source_61,source_61,False,Company_B,content_editor_01,Digital_News,Hindi,press_conference,,,,False,,41.08,,,,,,,,,,,my_key_moments,,WS-DIGITAL-NEWS
0017657,- These Magic Tricks Defy ALL Logic!,source_61,source_61,False,Company_B,content_editor_01,Digital_News,Hindi,discussion_show,,,,False,,20.14,,,,,,,,,,,full_package,,WS-DIGITAL-NEWS
0021577,"- ""Am I the Jerk?"" Stories That Will Make You Cringe! 😬",source_63,source_63,False,Company_B,content_editor_01,Digital_News,Hindi,debate,,,,False,,70.03999999999999,,,,,,,,,,,key_moments,,WS-DIGITAL-NEWS
0010169,- Is This REAL Magic?! (I'm Officially Confused),source_64,source_64,False,Company_B,content_editor_01,Digital_News,Hindi,interview,,,,False,,56.53,,,,,,,,,,,key_moments,,WS-DIGITAL-NEWS
0013600,- Reacting to Magic That BROKE My Brain! 🤯,source_69,source_69,False,Company_B,content_editor_01,Digital_News,Hindi,press_conference,,,,False,,36.02,,,,,,,,,,,full_package,,WS-DIGITAL-NEWS
0014222,"- TikToks So Wild, I Lost Brain Cells",source_72,source_72,False,Company_B,content_editor_01,Digital_News,Hindi,discussion_show,,,,False,,65.12,,,,,,,,,,,summary,,WS-DIGITAL-NEWS
0025409,- TikToks That Made Me Question Humanity (and Laugh Hysterically),source_72,source_72,False,Company_B,content_editor_01,Digital_News,Hindi,press_conference,,,,False,,67.68,,,,,,,,,,,key_moments,,WS-DIGITAL-NEWS
0001124,- I Can't Believe This is on the Internet... (Awkward Alert!),source_74,source_74,False,Company_B,content_editor_01,Digital_News,Hindi,debate,,,,False,,17.33,,,,,,,,,,,key_moments,,WS-DIGITAL-NEWS
0005498,- The Internet's Gone Wild: Reacting to the WEIRDEST Videos!,source_74,source_74,False,Company_B,content_editor_01,Digital_News,Hindi,press_conference,,,,False,,71.0,,,,,,,,,,,full_package,,WS-DIGITAL-NEWS
0023460,- These Magic Tricks Defy Reality! (My Reaction),source_75,source_75,False,Company_B,content_editor_01,Digital_News,Hindi,debate,,,,False,,21.4,,,,,,,,,,,key_moments,,WS-DIGITAL-NEWS
0017926,- I Reacted to Viral TikToks... My Brain Cells Are Dying,source_76,source_76,False,Company_B,content_editor_01,Digital_News,Hindi,debate,,,,False,,71.94,,,,,,,,,,,key_moments,,WS-DIGITAL-NEWS
0000631,- Reacting to TikToks That Broke the Internet!,source_79,source_79,False,Company_B,content_editor_01,Digital_News,Hindi,discussion_show,,,,False,,68.16,,,,,,,,,,,my_key_moments,,WS-DIGITAL-NEWS
0008494,- I Found the CRAZIEST TikToks...You Won't Believe This!,source_86,source_86,False,Company_B,content_editor_01,Digital_News,Hindi,debate,,,,False,,16.91,,,,,,,,,,,chapters,,WS-DIGITAL-NEWS
0015239,- Can I Recreate Viral TikTok Makeup?! 💄,source_89,source_89,False,Company_B,content_editor_01,Digital_News,Hindi,debate,,,,False,,40.78,,,,,,,,,,,my_key_moments,,WS-DIGITAL-NEWS
0001592,- I Tried Viral TikTok Trends & Here's What Happened...,source_90,source_90,False,Company_B,content_editor_01,Digital_News,Hindi,debate,,,,False,,58.83,,,,,,,,,,,full_package,,WS-DIGITAL-NEWS
0003127,"- Bridezilla vs. Revenge Plot?! ""Am I the Jerk?"" Stories Gone WRONG!",source_96,source_96,False,Company_B,content_editor_01,Digital_News,Hindi,discussion_show,,,,False,,30.5,,,,,,,,,,,key_moments,,WS-DIGITAL-NEWS
0004190,- The Funniest TikToks of the Week!,source_99,source_99,False,Company_B,content_editor_01,Digital_News,Hindi,interview,,,,False,,24.24,,,,,,,,,,,summary,,WS-DIGITAL-NEWS
0011133,- Reacting to TikToks That BROKE the Internet!,source_104,source_104,False,Company_B,content_editor_01,Digital_News,Hindi,debate,,,,False,,38.4,,,,,,,,,,,key_moments,,WS-DIGITAL-NEWS
0001639,- I Can't Explain These Magic Tricks! 😵‍💫,source_106,source_106,False,Company_B,content_editor_01,Digital_News,Hindi,interview,,,,False,,48.35,,,,,,,,,,,key_moments,,WS-DIGITAL-NEWS
0010436,- I'm Officially Addicted to These Viral TikToks!,source_107,source_107,False,Company_B,content_editor_01,Digital_News,Hindi,press_conference,,,,False,,72.36,,,,,,,,,,,chapters,,WS-DIGITAL-NEWS
0012717,- Reacting to TikToks That Broke the Internet!,source_108,source_108,False,Company_B,content_editor_01,Digital_News,Hindi,debate,,,,False,,71.00999999999999,,,,,,,,,,,full_package,,WS-DIGITAL-NEWS
0021224,- Savage TikToks That Deserve An Award!,source_111,source_111,False,Company_B,content_editor_01,Digital_News,Hindi,debate,,,,False,,31.42,,,,,,,,,,,my_key_moments,,WS-DIGITAL-NEWS
0016189,- Reacting to TikToks That Are Too Wild for Words!,source_112,source_112,False,Company_B,content_editor_01,Digital_News,Hindi,press_conference,,,,False,,30.06,,,,,,,,,,,key_moments,,WS-DIGITAL-NEWS
0027769,- Viral TikToks of the Week: Prepare to Cringe!,source_114,source_114,False,Company_B,content_editor_01,Digital_News,Hindi,press_conference,,,,False,,27.12,,,,,,,,,,,my_key_moments,,WS-DIGITAL-NEWS
0013589,- I Reacted to the WILDEST TikToks (You Won't Believe These!),source_114,source_114,False,Company_B,content_editor_01,Digital_News,Hindi,discussion_show,,,,False,,57.01,,,,,,,,,,,chapters,,WS-DIGITAL-NEWS
0027757,- Reacting to TikToks That Broke the Internet! 😂,source_116,source_116,False,Company_B,content_editor_01,Digital_News,Hindi,press_conference,,,,False,,61.22,,,,,,,,,,,full_package,,WS-DIGITAL-NEWS
0000994,- The Internet's Gone WILD! (Viral Video Reaction),source_117,source_117,False,Company_B,content_editor_01,Digital_News,Hindi,debate,,,,False,,49.41,,,,,,,,,,,my_key_moments,,WS-DIGITAL-NEWS
0019316,- The Funniest TikToks I've EVER Seen!,source_120,source_120,False,Company_B,content_editor_01,Digital_News,Hindi,discussion_show,,,,False,,44.05,,,,,,,,,,,key_moments,,WS-DIGITAL-NEWS
0020385,- I Tried the Viral TikTok Dance...It Didn't Go Well. 😅,source_119,source_119,False,Company_B,content_editor_01,Digital_News,Hindi,interview,,,,False,,67.31,,,,,,,,,,,full_package,,WS-DIGITAL-NEWS
0020576,- I Tried Viral TikTok Hacks... You Won't Believe What Happened!,source_121,source_121,False,Company_B,content_editor_01,Digital_News,Hindi,debate,,,,False,,68.52000000000001,,,,,,,,,,,full_package,,WS-DIGITAL-NEWS
0004972,- I Can't Believe These TikToks Are Real! (My Honest Reaction),source_123,source_123,False,Company_B,content_editor_01,Digital_News,Hindi,interview,,,,False,,38.61,,,,,,,,,,,full_package,,WS-DIGITAL-NEWS
0017672,- The Craziest TikToks I've Ever Seen!,source_123,source_123,False,Company_B,content_editor_01,Digital_News,Hindi,discussion_show,,,,False,,62.33,,,,,,,,,,,my_key_moments,,WS-DIGITAL-NEWS
0017286,- Viral TikToks of the Week: I'm Officially Addicted!,source_125,source_125,False,Company_B,content_editor_01,Digital_News,Hindi,interview,,,,False,,30.64,,,,,,,,,,,chapters,,WS-DIGITAL-NEWS
0014704,- The Most Shocking TikToks of the Week!,source_125,source_125,False,Company_B,content_editor_01,Digital_News,Hindi,discussion_show,,,,False,,21.92,,,,,,,,,,,key_moments,,WS-DIGITAL-NEWS
0021627,- Top 3 Viral TikToks: The BEST of the BEST!,source_125,source_125,False,Company_B,content_editor_01,Digital_News,Hindi,discussion_show,,,,False,,66.45,,,,,,,,,,,key_moments,,WS-DIGITAL-NEWS
0022665,- The Funniest TikToks I've EVER Seen! 😂,source_126,source_126,False,Company_B,content_editor_01,Digital_News,Hindi,debate,,,,False,,35.489999999999995,,,,,,,,,,,summary,,WS-DIGITAL-NEWS
0010785,- The Internet Broke Me: Reacting to Viral Chaos!,source_130,source_130,False,Company_B,content_editor_01,Digital_News,Hindi,debate,,,,False,,68.19,,,,,,,,,,,summary,,WS-DIGITAL-NEWS
0002977,"- Prepare to GASP: ""Am I The Jerk?"" Stories Gone WILD!",source_133,source_133,False,Company_B,content_editor_01,Digital_News,Hindi,interview,,,,False,,35.93,,,,,,,,,,,my_key_moments,,WS-DIGITAL-NEWS
0018793,- The SHOCKING TikTok That Everyone's Talking About!,source_134,source_134,False,Company_B,content_editor_01,Digital_News,Hindi,debate,,,,False,,52.88,,,,,,,,,,,key_moments,,WS-DIGITAL-NEWS
0017956,- Viral TikToks of the Week: I Can't Stop Laughing!,source_135,source_135,False,Company_B,content_editor_01,Digital_News,Hindi,debate,,,,False,,55.39,,,,,,,,,,,key_moments,,WS-DIGITAL-NEWS
0001306,- I Can't Believe These TikToks Are Real! 🤯,source_136,source_136,False,Company_B,content_editor_01,Digital_News,Hindi,debate,,,,False,,55.92,,,,,,,,,,,chapters,,WS-DIGITAL-NEWS
0011726,- The Wildest TikToks of the Week! (Cringe Alert!),source_136,source_136,False,Company_B,content_editor_01,Digital_News,Hindi,debate,,,,False,,29.380000000000003,,,,,,,,,,,chapters,,WS-DIGITAL-NEWS
0012121,- Cringe or Comedy? Reacting to This Week's TikToks!,source_139,source_139,False,Company_B,content_editor_01,Digital_News,Hindi,press_conference,,,,False,,51.09,,,,,,,,,,,key_moments,,WS-DIGITAL-NEWS
0012018,"- TikToks So Viral, They're Actually Insane!",source_140,source_140,False,Company_B,content_editor_01,Digital_News,Hindi,discussion_show,,,,False,,72.41,,,,,,,,,,,chapters,,WS-DIGITAL-NEWS
0011964,- Gen Z TikToks I Don't Understand... Help!,source_142,source_142,False,Company_B,content_editor_01,Digital_News,Hindi,speech,,,,False,,41.68,,,,,,,,,,,summary,,WS-DIGITAL-NEWS
0029364,"- TikToks So Funny, I Almost Died! 😂",source_145,source_145,False,Company_B,content_editor_01,Digital_News,Hindi,debate,,,,False,,66.42,,,,,,,,,,,full_package,,WS-DIGITAL-NEWS
0002571,- TikTok Drama & DIY Disasters: A Reaction,source_153,source_153,False,Company_B,content_editor_01,Digital_News,Hindi,interview,,,,False,,62.9,,,,,,,,,,,key_moments,,WS-DIGITAL-NEWS
0015093,- Magic Tricks That Broke My Brain 🤯,source_156,source_156,False,Company_B,content_editor_01,Digital_News,Hindi,discussion_show,,,,False,,35.45,,,,,,,,,,,key_moments,,WS-DIGITAL-NEWS
0023098,- TikTok Cooking Fails That Will Make You Question Humanity 🤣,source_157,source_157,False,Company_B,content_editor_01,Digital_News,Hindi,discussion_show,,,,False,,48.23,,,,,,,,,,,key_moments,,WS-DIGITAL-NEWS
0011134,- Viral Magic: Real or FAKE? 🤔,source_158,source_158,False,Company_B,content_editor_01,Digital_News,Hindi,press_conference,,,,False,,48.15,,,,,,,,,,,chapters,,WS-DIGITAL-NEWS
0017886,- Reacting to TikToks That BROKE the Internet!,source_159,source_159,False,Company_B,content_editor_01,Digital_News,Hindi,speech,,,,False,,27.52,,,,,,,,,,,chapters,,WS-DIGITAL-NEWS
0026428,- I React to the WILDEST TikToks (Cringe Alert!),source_162,source_162,False,Company_B,content_editor_01,Digital_News,Hindi,press_conference,,,,False,,70.52000000000001,,,,,,,,,,,chapters,,WS-DIGITAL-NEWS
0004407,- Reacting to Viral TikTok Food Fails (I Almost Threw Up!),source_164,source_164,False,Company_B,content_editor_01,Digital_News,Hindi,debate,,,,False,,27.71,,,,,,,,,,,full_package,,WS-DIGITAL-NEWS
0011387,- Food Crimes on TikTok: Reacting to Your Disgusting Requests!,source_164,source_164,False,Company_B,content_editor_01,Digital_News,Hindi,debate,,,,False,,63.4,,,,,,,,,,,key_moments,,WS-DIGITAL-NEWS
0011307,- I Can't Believe These TikToks Went Viral!,source_165,source_165,False,Company_B,content_editor_01,Digital_News,Hindi,interview,,,,False,,63.66,,,,,,,,,,,key_moments,,WS-DIGITAL-NEWS
0003482,- I Reacted to the WILDEST TikToks!,source_165,source_165,False,Company_B,content_editor_01,Digital_News,Hindi,debate,,,,False,,24.52,,,,,,,,,,,full_package,,WS-DIGITAL-NEWS
0010290,- Ghostly TikTok Reactions! (Warning: JUMP SCARES!),source_166,source_166,False,Company_B,content_editor_01,Digital_News,Hindi,interview,,,,False,,45.43,,,,,,,,,,,key_moments,,WS-DIGITAL-NEWS
YT0010070,- Hit Song Deconstructed: The Anatomy of a Banger,source_171,source_171,False,Company_A,content_editor_02,Entertainment,English,special_report,,,,False,2025-03-20 00:00:00.000000,34.730000000000004,,,,,,,,,,,full_package,2025-03-20 06:54:28.094615,WS-ENTERTAINMENT
YT0023706,- Steal These Secrets: The Formula For Writing Chart-Topping Songs,source_171,source_171,True,Company_A,content_editor_02,Entertainment,English,special_report,shorts,Youtube,,True,2025-03-20 00:00:00.000000,28.33,19.166666666666664,87.52,366.0,Search,4.06,1129686.0,86758.0,5704.0,1424.0,3661.0195,full_package,2025-03-20 10:43:36.375661,WS-ENTERTAINMENT
IG0010070,- Hit Song Deconstructed: The Anatomy of a Banger,source_171,source_171,True,Company_A,content_editor_02,Entertainment,English,speech,reels,Instagram,,True,2025-03-20 00:00:00.000000,34.730000000000004,17.5,60.0,351.0,External,22.75,3466565.0,171552.0,8749.0,3150.0,5777.61,full_package,2025-03-20 12:04:12.220677,WS-ENTERTAINMENT
IG0023706,- Steal These Secrets: The Formula For Writing Chart-Topping Songs,source_171,source_171,True,Company_A,content_editor_02,Entertainment,English,speech,reels,Instagram,,True,2025-03-20 00:00:00.000000,28.33,20.5,100.0,339.0,Search,4.06,1922355.0,179163.0,7598.0,3338.0,7150.09,summary,2025-03-20 06:06:40.593330,WS-ENTERTAINMENT
YT0004368,- Unlock the Hit: The Hidden Mechanics Behind Your Favorite Songs,source_171,source_171,True,Company_A,content_editor_02,Entertainment,English,interview,shorts,Youtube,,True,2025-03-21 00:00:00.000000,53.53,7.916666666666667,1.08,317.0,Channel Page,29.99,839994.0,94047.0,5693.0,2553.0,97.2215,chapters,2025-03-21 03:44:36.084252,WS-ENTERTAINMENT
IG0004368,- Unlock the Hit: The Hidden Mechanics Behind Your Favorite Songs,source_171,source_171,True,Company_A,content_editor_02,Entertainment,English,interview,reels,Instagram,,True,2025-03-21 00:00:00.000000,53.53,7.5,1.0,281.0,Channel Page,29.99,1425520.0,189215.0,8852.0,5630.0,0.0,key_moments,2025-03-21 07:33:12.164350,WS-ENTERTAINMENT
YT0007554,- MicroFreak: Track From SCRATCH! 🤯 (No External Gear),source_172,source_172,False,Company_A,content_editor_02,Entertainment,English,special_report,,,,False,2025-03-22 00:00:00.000000,31.26,,,,,,,,,,,key_moments,2025-03-22 01:36:03.977143,WS-ENTERTAINMENT
IG0007554,- MicroFreak: Track From SCRATCH! 🤯 (No External Gear),source_172,source_172,True,Company_A,content_editor_02,Entertainment,English,special_report,reels,Instagram,,True,2025-03-22 00:00:00.000000,31.26,14.5,44.0,152.0,Shorts Feed,0.97,48096.0,206081.0,8509.0,813.0,41.15,full_package,2025-03-22 00:54:52.023525,WS-ENTERTAINMENT
YT0008402,- MicroFreak MASTERCLASS: From Zero to HERO Track!,source_172,source_172,False,Company_A,content_editor_02,Entertainment,English,interview,,,,False,2025-03-23 00:00:00.000000,55.87,,,,,,,,,,,chapters,2025-03-23 05:40:20.478977,WS-ENTERTAINMENT
YT0027777,- Arturia MicroFreak: The *Only* Synth You Need?,source_172,source_172,True,Company_A,content_editor_02,Entertainment,English,special_report,shorts,Youtube,,True,2025-03-23 00:00:00.000000,36.43,11.833333333333332,20.22,292.0,Notifications,29.69,910948.0,96445.0,4229.0,2234.0,1096.5115,full_package,2025-03-23 01:47:21.010726,WS-ENTERTAINMENT
IG0008402,- MicroFreak MASTERCLASS: From Zero to HERO Track!,source_172,source_172,True,Company_A,content_editor_02,Entertainment,English,speech,reels,Instagram,,True,2025-03-23 00:00:00.000000,55.87,30.5,69.0,20.0,Channel Page,19.38,221199.0,199169.0,11938.0,4465.0,975.12,summary,2025-03-23 03:47:46.981589,WS-ENTERTAINMENT
IG0027777,- Arturia MicroFreak: The *Only* Synth You Need?,source_172,source_172,True,Company_A,content_editor_02,Entertainment,English,speech,reels,Instagram,,True,2025-03-23 00:00:00.000000,36.43,12.5,22.0,254.0,Notifications,29.69,1233455.0,199476.0,6515.0,3717.0,376.89,my_key_moments,2025-03-23 04:24:06.201511,WS-ENTERTAINMENT
YT0000109,- Hit Song Deconstructed: The Anatomy of a Banger,source_173,source_173,True,Company_A,content_editor_02,Entertainment,English,special_report,shorts,Youtube,,True,2025-03-25 00:00:00.000000,46.4,26.7,61.15,372.0,Notifications,17.5,325988.0,94474.0,2353.0,713.0,1738.602666666667,my_key_moments,2025-03-25 04:52:41.760754,WS-ENTERTAINMENT
IG0000109,- Hit Song Deconstructed: The Anatomy of a Banger,source_173,source_173,True,Company_A,content_editor_02,Entertainment,English,interview,reels,Instagram,,True,2025-03-25 00:00:00.000000,46.4,26.5,65.0,274.0,Notifications,17.5,619542.0,168805.0,3349.0,1374.0,2125.37,key_moments,2025-03-25 08:28:11.911063,WS-ENTERTAINMENT
YT0019651,- From Verse to Victory: Deconstructing a Chart-Topper,source_173,source_173,True,Company_A,content_editor_02,Entertainment,English,interview,shorts,Youtube,,True,2025-03-27 00:00:00.000000,74.8,8.75,2.09,283.0,Playlist,0.95,1755756.0,87803.0,4480.0,611.0,609.6375,summary,2025-03-27 07:46:59.154266,WS-ENTERTAINMENT
IG0019651,- From Verse to Victory: Deconstructing a Chart-Topper,source_173,source_173,True,Company_A,content_editor_02,Entertainment,English,special_report,reels,Instagram,,True,2025-03-27 00:00:00.000000,74.8,8.5,2.0,276.0,Playlist,0.95,3196512.0,172754.0,7661.0,1464.0,17.76,key_moments,2025-03-27 04:40:31.098229,WS-ENTERTAINMENT
YT0024731,- Pop Song Secrets REVEALED! 🤫,source_174,source_174,True,Company_A,content_editor_02,Entertainment,English,interview,shorts,Youtube,,True,2025-03-29 00:00:00.000000,48.83,31.65,71.39,162.0,Notifications,14.02,1848371.0,94099.0,4496.0,2249.0,12399.488833333333,full_package,2025-03-29 02:48:30.919538,WS-ENTERTAINMENT
IG0024731,- Pop Song Secrets REVEALED! 🤫,source_174,source_174,True,Company_A,content_editor_02,Entertainment,English,special_report,reels,Instagram,,True,2025-03-29 00:00:00.000000,48.83,32.5,80.0,143.0,Notifications,14.02,3210120.0,164286.0,6700.0,4863.0,17834.0,summary,2025-03-29 04:21:36.501883,WS-ENTERTAINMENT
YT0026246,- Deconstructing Pop: Songwriting to Radio Ready 🎤,source_174,source_174,True,Company_A,content_editor_02,Entertainment,English,special_report,shorts,Youtube,,True,2025-03-31 00:00:00.000000,56.34,31.416666666666668,57.85,370.0,Browse,9.88,1949215.0,82984.0,6134.0,1855.0,12949.646,full_package,2025-03-31 02:28:57.535439,WS-ENTERTAINMENT
YT0022340,- From Idea to Earworm: Pop Music Demystified ✨,source_174,source_174,True,Company_A,content_editor_02,Entertainment,English,interview,shorts,Youtube,,True,2025-03-31 00:00:00.000000,27.99,12.5,38.49,166.0,Channel Page,15.09,836029.0,81450.0,1045.0,1179.0,1161.1513333333337,full_package,2025-03-31 03:25:05.976873,WS-ENTERTAINMENT
IG0026246,- Deconstructing Pop: Songwriting to Radio Ready 🎤,source_174,source_174,True,Company_A,content_editor_02,Entertainment,English,interview,reels,Instagram,,True,2025-03-31 00:00:00.000000,56.34,31.5,64.0,357.0,Browse,9.88,3177228.0,156929.0,10884.0,3844.0,13556.17,key_moments,2025-04-01 08:29:12.391935,WS-ENTERTAINMENT
IG0022340,- From Idea to Earworm: Pop Music Demystified ✨,source_174,source_174,True,Company_A,content_editor_02,Entertainment,English,interview,reels,Instagram,,True,2025-03-31 00:00:00.000000,27.99,12.5,46.0,150.0,Channel Page,15.09,1265440.0,144189.0,1823.0,2699.0,808.48,full_package,2025-03-31 04:37:39.489055,WS-ENTERTAINMENT
YT0025042,- House Track From Scratch: Watch Me Cook,source_175,source_175,True,Company_A,content_editor_02,Entertainment,English,speech,shorts,Youtube,,True,2025-04-01 00:00:00.000000,41.02,15.233333333333334,29.72,203.0,Channel Page,10.38,1146394.0,95369.0,5254.0,2236.0,2462.624166666667,key_moments,2025-04-01 05:44:03.989676,WS-ENTERTAINMENT
YT0007083,- Turn Nothing into a Banger: House Music Magic,source_175,source_175,True,Company_A,content_editor_02,Entertainment,English,special_report,shorts,Youtube,,True,2025-04-01 00:00:00.000000,37.370000000000005,12.316666666666666,21.53,294.0,Shorts Feed,10.24,961598.0,96768.0,1315.0,2637.0,1286.5825,key_moments,2025-04-01 02:16:29.424996,WS-ENTERTAINMENT
IG0025042,- House Track From Scratch: Watch Me Cook,source_175,source_175,True,Company_A,content_editor_02,Entertainment,English,interview,reels,Instagram,,True,2025-04-01 00:00:00.000000,41.02,15.5,33.0,199.0,Channel Page,10.38,1520247.0,232341.0,9253.0,5029.0,1114.85,key_moments,2025-04-01 09:02:46.590765,WS-ENTERTAINMENT
IG0007083,- Turn Nothing into a Banger: House Music Magic,source_175,source_175,False,Company_A,content_editor_02,Entertainment,English,speech,,,,False,2025-04-01 00:00:00.000000,37.370000000000005,,,,,,,,,,,chapters,2025-04-01 07:20:55.025618,WS-ENTERTAINMENT
YT0027924,- From Zero to Club Anthem: A Production Journey,source_175,source_175,False,Company_A,content_editor_02,Entertainment,English,special_report,,,,False,2025-04-03 00:00:00.000000,18.75,,,,,,,,,,,chapters,2025-04-03 07:23:25.294845,WS-ENTERTAINMENT
IG0027924,- From Zero to Club Anthem: A Production Journey,source_175,source_175,True,Company_A,content_editor_02,Entertainment,English,special_report,reels,Instagram,,True,2025-04-03 00:00:00.000000,18.75,9.5,50.0,268.0,Shorts Feed,9.66,984272.0,219479.0,2737.0,600.0,273.41,chapters,2025-04-03 04:45:01.072896,WS-ENTERTAINMENT
YT0018151,- The Secret Sauce: Making a House Track,source_175,source_175,True,Company_A,content_editor_02,Entertainment,English,discussion_show,shorts,Youtube,,True,2025-04-04 00:00:00.000000,21.08,11.266666666666666,61.95,256.0,Playlist,6.94,1575052.0,89231.0,2880.0,514.0,1647.971,my_key_moments,2025-04-04 09:08:56.461065,WS-ENTERTAINMENT
IG0018151,- The Secret Sauce: Making a House Track,source_175,source_175,True,Company_A,content_editor_02,Entertainment,English,interview,reels,Instagram,,True,2025-04-04 00:00:00.000000,21.08,11.5,66.0,197.0,Playlist,6.94,2347465.0,137466.0,3626.0,1031.0,1721.47,chapters,2025-04-04 11:03:48.246192,WS-ENTERTAINMENT
YT0017902,- Level Up Your House Music: Production Secrets,source_175,source_175,True,Company_A,content_editor_02,Entertainment,English,interview,shorts,Youtube,,True,2025-04-06 00:00:00.000000,16.9,8.233333333333333,38.6,116.0,Channel Page,16.76,291599.0,75663.0,697.0,16.0,59.399833333333326,key_moments,2025-04-06 05:01:00.140761,WS-ENTERTAINMENT
IG0017902,- Level Up Your House Music: Production Secrets,source_175,source_175,False,Company_A,content_editor_02,Entertainment,English,special_report,,,,False,2025-04-06 00:00:00.000000,16.9,,,,,,,,,,,chapters,2025-04-06 03:38:58.387904,WS-ENTERTAINMENT
YT0013501,- I Made a Song From *ONLY* Real-World Sounds!,source_176,source_176,True,Company_A,content_editor_02,Entertainment,English,interview,shorts,Youtube,,True,2025-04-08 00:00:00.000000,20.15,8.483333333333333,19.09,147.0,Channel Page,11.49,1443414.0,81151.0,5711.0,1660.0,394.2658333333333,chapters,2025-04-08 08:10:55.628096,WS-ENTERTAINMENT
IG0013501,- I Made a Song From *ONLY* Real-World Sounds!,source_176,source_176,True,Company_A,content_editor_02,Entertainment,English,special_report,reels,Instagram,,True,2025-04-08 00:00:00.000000,20.15,8.5,22.0,132.0,Channel Page,11.49,2027251.0,178742.0,8630.0,3779.0,123.89,full_package,2025-04-08 01:56:26.138429,WS-ENTERTAINMENT
YT0016062,- From Rain to Rave: Crafting Music From Scratch,source_176,source_176,True,Company_A,content_editor_02,Entertainment,English,interview,shorts,Youtube,,True,2025-04-10 00:00:00.000000,41.61,31.45,90.0,134.0,Shorts Feed,20.88,1154363.0,78002.0,6208.0,441.0,7679.720499999999,chapters,2025-04-10 02:15:08.070974,WS-ENTERTAINMENT
YT0029089,"- No Samples, No Problem: Making Music With Everyday Sounds",source_176,source_176,True,Company_A,content_editor_02,Entertainment,English,interview,shorts,Youtube,,True,2025-04-10 00:00:00.000000,47.32,30.03333333333333,69.72,114.0,Suggested,15.97,648563.0,84120.0,3208.0,1771.0,4059.524,chapters,2025-04-10 03:49:58.886938,WS-ENTERTAINMENT
IG0016062,- From Rain to Rave: Crafting Music From Scratch,source_176,source_176,False,Company_A,content_editor_02,Entertainment,English,interview,,,,False,2025-04-10 00:00:00.000000,41.61,,,,,,,,,,,full_package,2025-04-10 00:59:35.634174,WS-ENTERTAINMENT
IG0029089,"- No Samples, No Problem: Making Music With Everyday Sounds",source_176,source_176,True,Company_A,content_editor_02,Entertainment,English,special_report,reels,Instagram,,True,2025-04-10 00:00:00.000000,47.32,29.5,84.0,98.0,Suggested,15.97,1108380.0,201035.0,4876.0,3944.0,5689.68,full_package,2025-04-10 07:45:18.915260,WS-ENTERTAINMENT
YT0009036,- The ULTIMATE Music Production Challenge: Field Recording to Finished Track,source_176,source_176,True,Company_A,content_editor_02,Entertainment,English,interview,shorts,Youtube,,True,2025-04-12 00:00:00.000000,22.24,8.8,17.96,235.0,External,6.98,16185.0,87508.0,3846.0,225.0,5.844666666666667,full_package,2025-04-12 01:51:05.180910,WS-ENTERTAINMENT
IG0009036,- The ULTIMATE Music Production Challenge: Field Recording to Finished Track,source_176,source_176,True,Company_A,content_editor_02,Entertainment,English,interview,reels,Instagram,,True,2025-04-12 00:00:00.000000,22.24,8.5,20.0,205.0,External,6.98,25315.0,169337.0,6440.0,500.0,1.41,key_moments,2025-04-12 02:44:35.287155,WS-ENTERTAINMENT
YT0007304,- Hit Song Deconstructed: The Anatomy of a Banger,source_177,source_177,True,Company_A,content_editor_02,Entertainment,English,speech,shorts,Youtube,,True,2025-04-13 00:00:00.000000,55.82,42.46666666666667,85.66,45.0,External,4.99,1724899.0,77538.0,6836.0,263.0,16753.880166666666,chapters,2025-04-13 03:22:21.198816,WS-ENTERTAINMENT
IG0007304,- Hit Song Deconstructed: The Anatomy of a Banger,source_177,source_177,True,Company_A,content_editor_02,Entertainment,English,interview,reels,Instagram,,True,2025-04-13 00:00:00.000000,55.82,43.5,90.0,37.0,External,4.99,3141024.0,164657.0,12157.0,597.0,28269.22,chapters,2025-04-13 04:07:39.771523,WS-ENTERTAINMENT
YT0011980,- Steal These Secrets: The Formula For a Chart-Topping Hit,source_177,source_177,True,Company_A,content_editor_02,Entertainment,English,interview,shorts,Youtube,,True,2025-04-14 00:00:00.000000,49.58,29.4,63.33,236.0,Browse,9.81,812045.0,89500.0,1209.0,1041.0,4939.940333333333,key_moments,2025-04-14 03:02:18.684965,WS-ENTERTAINMENT
IG0011980,- Steal These Secrets: The Formula For a Chart-Topping Hit,source_177,source_177,True,Company_A,content_editor_02,Entertainment,English,interview,reels,Instagram,,True,2025-04-14 00:00:00.000000,49.58,29.5,67.0,180.0,Browse,9.81,1191565.0,186641.0,2175.0,2318.0,4878.8,chapters,2025-04-14 03:47:24.429851,WS-ENTERTAINMENT
YT0010293,"- From Verse to Victory: Building a Hit Song, Piece by Piece",source_177,source_177,True,Company_A,content_editor_02,Entertainment,English,interview,shorts,Youtube,,True,2025-04-15 00:00:00.000000,42.88,12.583333333333332,18.23,234.0,Shorts Feed,13.12,1714492.0,97588.0,3736.0,1350.0,2420.926166666666,full_package,2025-04-15 03:48:49.215777,WS-ENTERTAINMENT
YT0007775,- The Hit Song Blueprint: Unlock the Secrets of Music's Best,source_177,source_177,True,Company_A,content_editor_02,Entertainment,English,interview,shorts,Youtube,,True,2025-04-15 00:00:00.000000,24.67,10.05,26.37,162.0,Channel Page,27.69,1890506.0,74539.0,2388.0,1415.0,1339.1083333333331,chapters,2025-04-15 02:47:50.430338,WS-ENTERTAINMENT
IG0010293,"- From Verse to Victory: Building a Hit Song, Piece by Piece",source_177,source_177,True,Company_A,content_editor_02,Entertainment,English,special_report,reels,Instagram,,True,2025-04-15 00:00:00.000000,42.88,12.5,21.0,198.0,Shorts Feed,13.12,2380977.0,196277.0,5657.0,2507.0,694.45,full_package,2025-04-15 02:09:17.597149,WS-ENTERTAINMENT
IG0007775,- The Hit Song Blueprint: Unlock the Secrets of Music's Best,source_177,source_177,True,Company_A,content_editor_02,Entertainment,English,interview,reels,Instagram,,True,2025-04-15 00:00:00.000000,24.67,9.5,31.0,131.0,Channel Page,27.69,3688208.0,126245.0,3458.0,3455.0,635.19,key_moments,2025-04-15 09:30:06.214773,WS-ENTERTAINMENT
YT0008649,- Stop Buying Plugins! FREE Beats Paid Any Day,source_178,source_178,True,Company_A,content_editor_02,Entertainment,English,speech,shorts,Youtube,,True,2025-04-16 00:00:00.000000,32.3,22.683333333333334,87.76,205.0,Search,20.01,1400712.0,79670.0,623.0,2455.0,5907.632500000001,summary,2025-04-16 00:44:34.342738,WS-ENTERTAINMENT
IG0008649,- Stop Buying Plugins! FREE Beats Paid Any Day,source_178,source_178,True,Company_A,content_editor_02,Entertainment,English,discussion_show,reels,Instagram,,True,2025-04-16 00:00:00.000000,32.3,23.5,100.0,144.0,Search,20.01,1915477.0,139585.0,1040.0,3974.0,8853.76,key_moments,2025-04-16 03:23:34.894642,WS-ENTERTAINMENT
YT0023197,- Unlocking Hit Songs: The Secret Formula,source_179,source_179,True,Company_A,content_editor_02,Entertainment,English,interview,shorts,Youtube,,True,2025-04-17 00:00:00.000000,65.07,14.283333333333331,13.55,92.0,Playlist,5.34,320905.0,84604.0,4791.0,1563.0,604.6681666666666,key_moments,2025-04-17 02:44:55.782231,WS-ENTERTAINMENT
IG0023197,- Unlocking Hit Songs: The Secret Formula,source_179,source_179,True,Company_A,content_editor_02,Entertainment,English,interview,reels,Instagram,,True,2025-04-17 00:00:00.000000,65.07,14.5,15.0,77.0,Playlist,5.34,460350.0,134960.0,8218.0,3187.0,134.27,chapters,2025-04-17 05:35:31.009672,WS-ENTERTAINMENT
YT0008031,- Songwriting Hacks: Write a Hit Today!,source_179,source_179,True,Company_A,content_editor_02,Entertainment,English,interview,shorts,Youtube,,True,2025-04-18 00:00:00.000000,72.33,15.016666666666666,13.11,5.0,Suggested,19.04,1733083.0,95655.0,122.0,2037.0,3618.613166666667,full_package,2025-04-18 01:14:58.724757,WS-ENTERTAINMENT
YT0029359,- Music Theory vs. Reality: Deconstructing Popular Songs,source_179,source_179,True,Company_A,content_editor_02,Entertainment,English,special_report,shorts,Youtube,,True,2025-04-18 00:00:00.000000,31.91,15.55,47.6,84.0,Notifications,6.34,1534977.0,91600.0,3976.0,2684.0,3432.3791666666666,full_package,2025-04-18 02:40:54.266419,WS-ENTERTAINMENT
IG0008031,- Songwriting Hacks: Write a Hit Today!,source_179,source_179,True,Company_A,content_editor_02,Entertainment,English,interview,reels,Instagram,,True,2025-04-18 00:00:00.000000,72.33,14.5,15.0,4.0,Suggested,19.04,3123341.0,170322.0,194.0,4550.0,910.97,key_moments,2025-04-18 03:41:07.804939,WS-ENTERTAINMENT
IG0029359,- Music Theory vs. Reality: Deconstructing Popular Songs,source_179,source_179,True,Company_A,content_editor_02,Entertainment,English,speech,reels,Instagram,,True,2025-04-18 00:00:00.000000,31.91,15.5,51.0,75.0,Notifications,6.34,2474273.0,191674.0,6271.0,5061.0,2804.18,summary,2025-04-18 09:24:55.663806,WS-ENTERTAINMENT
YT0023834,- Collab to Conquer: Level Up Your Music Career,source_179,source_179,True,Company_A,content_editor_02,Entertainment,English,speech,shorts,Youtube,,True,2025-04-20 00:00:00.000000,30.07,17.266666666666666,64.81,340.0,Search,4.94,1669161.0,92588.0,1535.0,18.0,4528.372,summary,2025-04-20 05:13:03.450320,WS-ENTERTAINMENT
YT0015311,- Track From Scratch: Sound Design Secrets REVEALED,source_180,source_180,True,Company_A,content_editor_02,Entertainment,English,speech,shorts,Youtube,,True,2025-04-20 00:00:00.000000,44.6,13.416666666666668,19.99,19.0,Search,6.22,229044.0,93947.0,3917.0,101.0,376.438,key_moments,2025-04-20 01:33:06.973000,WS-ENTERTAINMENT
YT0014122,- Turn NOTHING Into a BANGING Track (Sound Design Tutorial),source_180,source_180,True,Company_A,content_editor_02,Entertainment,English,special_report,shorts,Youtube,,True,2025-04-20 00:00:00.000000,19.14,7.8,7.25,270.0,Search,15.15,1735092.0,95673.0,4647.0,9.0,144.59099999999998,key_moments,2025-04-20 02:42:29.800581,WS-ENTERTAINMENT
IG0023834,- Collab to Conquer: Level Up Your Music Career,source_179,source_179,False,Company_A,content_editor_02,Entertainment,English,discussion_show,,,,False,2025-04-20 00:00:00.000000,30.07,,,,,,,,,,,chapters,2025-04-20 08:07:35.549691,WS-ENTERTAINMENT
IG0015311,- Track From Scratch: Sound Design Secrets REVEALED,source_180,source_180,True,Company_A,content_editor_02,Entertainment,English,interview,reels,Instagram,,True,2025-04-20 00:00:00.000000,44.6,13.5,24.0,17.0,Search,6.22,412536.0,213997.0,5974.0,168.0,165.01,full_package,2025-04-20 01:31:50.240741,WS-ENTERTAINMENT
IG0014122,- Turn NOTHING Into a BANGING Track (Sound Design Tutorial),source_180,source_180,True,Company_A,content_editor_02,Entertainment,English,special_report,reels,Instagram,,True,2025-04-20 00:00:00.000000,19.14,7.5,9.0,218.0,Search,15.15,2887192.0,175258.0,5657.0,17.0,0.0,full_package,2025-04-20 03:45:21.929729,WS-ENTERTAINMENT
YT0007140,- Hit Song Deconstructed: The Secret Sauce Revealed 🤫,source_181,source_181,True,Company_A,content_editor_02,Entertainment,English,interview,shorts,Youtube,,True,2025-04-21 00:00:00.000000,42.05,14.216666666666669,24.83,0.0,Notifications,23.38,222191.0,92330.0,1204.0,1805.0,414.5508333333333,key_moments,2025-04-21 03:58:15.314762,WS-ENTERTAINMENT
YT0024884,- Anatomy of a Banger: Songwriting Secrets EXPOSED 😲,source_181,source_181,True,Company_A,content_editor_02,Entertainment,English,discussion_show,shorts,Youtube,,True,2025-04-21 00:00:00.000000,46.94,15.383333333333333,24.68,383.0,Playlist,21.84,1097686.0,79739.0,4715.0,2249.0,2403.729,key_moments,2025-04-21 02:56:16.153094,WS-ENTERTAINMENT
YT0001007,- From Zero to Hit: The Ultimate Songwriting Masterclass,source_181,source_181,True,Company_A,content_editor_02,Entertainment,English,special_report,shorts,Youtube,,True,2025-04-21 00:00:00.000000,24.69,13.25,59.34,116.0,Browse,5.09,813551.0,80647.0,4029.0,296.0,1299.4216666666666,full_package,2025-04-22 10:34:00.741763,WS-ENTERTAINMENT
YT0022507,- From Blank Canvas to Ambient Masterpiece: See How!,source_180,source_180,True,Company_A,content_editor_02,Entertainment,English,speech,shorts,Youtube,,True,2025-04-21 00:00:00.000000,20.85,10.183333333333334,45.87,222.0,Search,13.71,1061769.0,93385.0,4233.0,2903.0,791.4111666666666,key_moments,2025-04-21 02:52:30.584991,WS-ENTERTAINMENT
IG0007140,- Hit Song Deconstructed: The Secret Sauce Revealed 🤫,source_181,source_181,True,Company_A,content_editor_02,Entertainment,English,interview,reels,Instagram,,True,2025-04-21 00:00:00.000000,42.05,13.5,27.0,0.0,Notifications,23.38,343494.0,160311.0,1687.0,3196.0,154.57,key_moments,2025-04-21 05:43:56.066256,WS-ENTERTAINMENT
IG0024884,- Anatomy of a Banger: Songwriting Secrets EXPOSED 😲,source_181,source_181,True,Company_A,content_editor_02,Entertainment,English,discussion_show,reels,Instagram,,True,2025-04-21 00:00:00.000000,46.94,15.5,27.0,286.0,Playlist,21.84,1588303.0,165272.0,5787.0,5517.0,952.98,my_key_moments,2025-04-21 02:10:00.495914,WS-ENTERTAINMENT
IG0001007,- From Zero to Hit: The Ultimate Songwriting Masterclass,source_181,source_181,True,Company_A,content_editor_02,Entertainment,English,special_report,reels,Instagram,,True,2025-04-21 00:00:00.000000,24.69,13.5,70.0,114.0,Browse,5.09,1108597.0,183033.0,5312.0,661.0,1293.36,chapters,2025-04-21 06:06:04.479935,WS-ENTERTAINMENT
IG0022507,- From Blank Canvas to Ambient Masterpiece: See How!,source_180,source_180,False,Company_A,content_editor_02,Entertainment,English,special_report,,,,False,2025-04-21 00:00:00.000000,20.85,,,,,,,,,,,chapters,2025-04-21 08:01:40.482315,WS-ENTERTAINMENT
YT0016235,- Stop Writing BORING Songs! (Do THIS Instead),source_181,source_181,True,Company_A,content_editor_02,Entertainment,English,discussion_show,shorts,Youtube,,True,2025-04-22 00:00:00.000000,51.91,36.13333333333333,77.58,354.0,Search,22.39,1332178.0,84072.0,2074.0,821.0,10595.749166666666,key_moments,2025-04-22 02:29:56.692207,WS-ENTERTAINMENT
YT0029735,- Pop Song Deconstructed: From Scratch to Radio Ready!,source_182,source_182,True,Company_A,content_editor_02,Entertainment,English,interview,shorts,Youtube,,True,2025-04-22 00:00:00.000000,59.69,24.05,37.03,234.0,Channel Page,29.74,339487.0,78426.0,418.0,1818.0,1560.6971666666666,key_moments,2025-04-22 03:49:43.424601,WS-ENTERTAINMENT
IG0016235,- Stop Writing BORING Songs! (Do THIS Instead),source_181,source_181,True,Company_A,content_editor_02,Entertainment,English,interview,reels,Instagram,,True,2025-04-22 00:00:00.000000,51.91,36.5,82.0,315.0,Search,22.39,2606139.0,149608.0,3147.0,1336.0,17215.0,key_moments,2025-04-22 01:57:15.750675,WS-ENTERTAINMENT
IG0029735,- Pop Song Deconstructed: From Scratch to Radio Ready!,source_182,source_182,True,Company_A,content_editor_02,Entertainment,English,special_report,reels,Instagram,,True,2025-04-22 00:00:00.000000,59.69,25.5,40.0,168.0,Channel Page,29.74,496748.0,189093.0,709.0,4499.0,993.5,key_moments,2025-04-22 01:36:04.423547,WS-ENTERTAINMENT
YT0017863,- Pop Music Secrets: Building a Song from the Ground Up,source_182,source_182,True,Company_A,content_editor_02,Entertainment,English,interview,shorts,Youtube,,True,2025-04-26 00:00:00.000000,73.27000000000001,31.183333333333334,40.64,98.0,Suggested,9.58,1401164.0,91858.0,3381.0,2901.0,9217.842833333332,chapters,2025-04-26 09:10:05.181113,WS-ENTERTAINMENT
YT0014705,- Hit Song Deconstructed: The Anatomy of a Banger,source_183,source_183,True,Company_A,content_editor_02,Entertainment,English,interview,shorts,Youtube,,True,2025-04-26 00:00:00.000000,33.18,11.1,19.8,121.0,Browse,13.52,1807469.0,80906.0,1514.0,112.0,1807.469,key_moments,2025-04-26 02:34:04.487703,WS-ENTERTAINMENT
IG0017863,- Pop Music Secrets: Building a Song from the Ground Up,source_182,source_182,True,Company_A,content_editor_02,Entertainment,English,interview,reels,Instagram,,True,2025-04-26 00:00:00.000000,73.27000000000001,30.5,47.0,71.0,Suggested,9.58,2012624.0,203770.0,5557.0,6699.0,6043.46,summary,2025-04-26 00:34:48.274953,WS-ENTERTAINMENT
IG0014705,- Hit Song Deconstructed: The Anatomy of a Banger,source_183,source_183,True,Company_A,content_editor_02,Entertainment,English,interview,reels,Instagram,,True,2025-04-26 00:00:00.000000,33.18,11.5,21.0,85.0,Browse,13.52,3417285.0,175758.0,2325.0,186.0,797.37,summary,2025-04-26 16:25:16.680809,WS-ENTERTAINMENT
YT0026774,- From Zero to Hit: Songwriting Secrets REVEALED,source_183,source_183,True,Company_A,content_editor_02,Entertainment,English,speech,shorts,Youtube,,True,2025-04-27 00:00:00.000000,36.57,14.45,32.22,49.0,Suggested,7.92,898567.0,90975.0,5846.0,2369.0,1734.7334999999998,summary,2025-04-27 02:06:20.293719,WS-ENTERTAINMENT
IG0026774,- From Zero to Hit: Songwriting Secrets REVEALED,source_183,source_183,True,Company_A,content_editor_02,Entertainment,English,special_report,reels,Instagram,,True,2025-04-27 00:00:00.000000,36.57,14.5,37.0,41.0,Suggested,7.92,1500957.0,206495.0,9248.0,5285.0,1079.86,key_moments,2025-04-27 03:17:03.981169,WS-ENTERTAINMENT
YT0007620,"- Write a Song That SLAPS: Hook, Melody, and Magic",source_183,source_183,True,Company_A,content_editor_02,Entertainment,English,interview,shorts,Youtube,,True,2025-04-29 00:00:00.000000,66.82,34.8,52.68,371.0,Browse,12.95,686283.0,87557.0,7622.0,2942.0,5204.312666666667,full_package,2025-04-29 14:51:54.540979,WS-ENTERTAINMENT
YT0014914,- Stop Writing BORING Songs: Arrangement & Production Hacks,source_183,source_183,True,Company_A,content_editor_02,Entertainment,English,special_report,shorts,Youtube,,True,2025-04-29 00:00:00.000000,20.76,8.7,20.83,333.0,Channel Page,1.16,1840998.0,75293.0,3027.0,454.0,613.6659999999999,my_key_moments,2025-04-29 03:34:16.307298,WS-ENTERTAINMENT
IG0007620,"- Write a Song That SLAPS: Hook, Melody, and Magic",source_183,source_183,False,Company_A,content_editor_02,Entertainment,English,special_report,,,,False,2025-04-29 00:00:00.000000,66.82,,,,,,,,,,,summary,2025-04-29 03:30:36.114254,WS-ENTERTAINMENT
IG0014914,- Stop Writing BORING Songs: Arrangement & Production Hacks,source_183,source_183,True,Company_A,content_editor_02,Entertainment,English,special_report,reels,Instagram,,True,2025-04-29 00:00:00.000000,20.76,8.5,24.0,308.0,Channel Page,1.16,3377807.0,143833.0,4709.0,994.0,225.19,key_moments,2025-04-29 01:29:50.778297,WS-ENTERTAINMENT
YT0010982,- Deconstructing a Hit Song: The Anatomy of a Banger,source_184,source_184,True,Company_A,content_editor_02,Entertainment,English,discussion_show,shorts,Youtube,,True,2025-04-30 00:00:00.000000,27.78,14.1,51.64,115.0,Notifications,8.2,452443.0,78913.0,4442.0,2844.0,829.4788333333333,key_moments,2025-04-30 01:04:53.705391,WS-ENTERTAINMENT
YT0005494,- Hit Song Secrets: Learn How to Write a Chart-Topper,source_184,source_184,True,Company_A,content_editor_02,Entertainment,English,discussion_show,shorts,Youtube,,True,2025-04-30 00:00:00.000000,67.19,25.85,35.16,134.0,Search,25.84,249319.0,87864.0,5404.0,1061.0,1270.8343333333332,key_moments,2025-04-30 03:30:05.323124,WS-ENTERTAINMENT
IG0010982,- Deconstructing a Hit Song: The Anatomy of a Banger,source_184,source_184,False,Company_A,content_editor_02,Entertainment,English,interview,,,,False,2025-04-30 00:00:00.000000,27.78,,,,,,,,,,,full_package,2025-04-30 05:20:49.325590,WS-ENTERTAINMENT
IG0005494,- Hit Song Secrets: Learn How to Write a Chart-Topper,source_184,source_184,False,Company_A,content_editor_02,Entertainment,English,interview,,,,False,2025-04-30 00:00:00.000000,67.19,,,,,,,,,,,chapters,2025-04-30 05:06:27.085315,WS-ENTERTAINMENT
YT0019077,- Unlock the Hit Formula: Songwriting Secrets Revealed,source_184,source_184,True,Company_A,content_editor_02,Entertainment,English,special_report,shorts,Youtube,,True,2025-05-01 00:00:00.000000,73.09,48.5,70.58,233.0,Channel Page,2.82,428229.0,77995.0,7037.0,748.0,4877.052500000001,chapters,2025-05-01 02:43:18.402304,WS-ENTERTAINMENT
IG0019077,- Unlock the Hit Formula: Songwriting Secrets Revealed,source_184,source_184,True,Company_A,content_editor_02,Entertainment,English,special_report,reels,Instagram,,True,2025-05-01 00:00:00.000000,73.09,46.5,76.0,204.0,Channel Page,2.82,723985.0,177986.0,9710.0,1864.0,5960.81,chapters,2025-05-01 04:03:55.271129,WS-ENTERTAINMENT
YT0000812,- Hit Song Deconstructed: The Anatomy of a Banger,source_185,source_185,True,Company_A,content_editor_02,Entertainment,English,special_report,shorts,Youtube,,True,2025-05-02 00:00:00.000000,28.86,18.016666666666666,75.88,386.0,Notifications,19.52,831476.0,80031.0,1560.0,2448.0,2428.987833333333,key_moments,2025-05-02 00:55:11.695223,WS-ENTERTAINMENT
IG0000812,- Hit Song Deconstructed: The Anatomy of a Banger,source_185,source_185,True,Company_A,content_editor_02,Entertainment,English,special_report,reels,Instagram,,True,2025-05-02 00:00:00.000000,28.86,17.5,86.0,332.0,Notifications,19.52,1560583.0,172496.0,2431.0,5355.0,3728.06,chapters,2025-05-02 05:46:48.505536,WS-ENTERTAINMENT
YT0026895,- Deconstructing a Hit: Songwriting Secrets Revealed,source_185,source_185,False,Company_A,content_editor_02,Entertainment,English,special_report,,,,False,2025-05-03 00:00:00.000000,68.93,,,,,,,,,,,key_moments,2025-05-03 04:33:04.780447,WS-ENTERTAINMENT
YT0021024,- Modular Ambient: From Zero to Soundscape,source_186,source_186,False,Company_A,content_editor_02,Entertainment,English,interview,,,,False,2025-05-03 00:00:00.000000,39.24,,,,,,,,,,,chapters,2025-05-03 19:23:56.508813,WS-ENTERTAINMENT
IG0026895,- Deconstructing a Hit: Songwriting Secrets Revealed,source_185,source_185,True,Company_A,content_editor_02,Entertainment,English,interview,reels,Instagram,,True,2025-05-03 00:00:00.000000,68.93,33.5,49.0,270.0,Browse,25.52,822748.0,120924.0,9574.0,2252.0,2911.61,full_package,2025-05-03 04:01:26.423837,WS-ENTERTAINMENT
IG0021024,- Modular Ambient: From Zero to Soundscape,source_186,source_186,True,Company_A,content_editor_02,Entertainment,English,interview,reels,Instagram,,True,2025-05-03 00:00:00.000000,39.24,9.5,11.0,199.0,Search,14.7,2776234.0,153033.0,3041.0,6146.0,169.66,chapters,2025-05-03 01:52:54.006574,WS-ENTERTAINMENT
YT0024771,- Eurorack Soundscapes: Patching Serenity,source_186,source_186,True,Company_A,content_editor_02,Entertainment,English,interview,shorts,Youtube,,True,2025-05-04 00:00:00.000000,68.11,44.16666666666666,69.04,14.0,Shorts Feed,20.04,89153.0,89951.0,3477.0,2395.0,908.0398333333334,key_moments,2025-05-04 03:50:27.366378,WS-ENTERTAINMENT
YT0016134,- Evolving Ambient Textures: Modular Secrets Revealed,source_186,source_186,True,Company_A,content_editor_02,Entertainment,English,interview,shorts,Youtube,,True,2025-05-04 00:00:00.000000,71.05,24.966666666666665,31.16,308.0,Notifications,14.4,61033.0,82314.0,337.0,2311.0,296.123,full_package,2025-05-04 03:04:38.301403,WS-ENTERTAINMENT
YT0028061,- Modular Feedback: Creating the Unexpected,source_186,source_186,False,Company_A,content_editor_02,Entertainment,English,speech,,,,False,2025-05-04 00:00:00.000000,22.3,,,,,,,,,,,chapters,2025-05-04 05:39:48.978833,WS-ENTERTAINMENT
IG0024771,- Eurorack Soundscapes: Patching Serenity,source_186,source_186,True,Company_A,content_editor_02,Entertainment,English,interview,reels,Instagram,,True,2025-05-04 00:00:00.000000,68.11,43.5,82.0,13.0,Shorts Feed,20.04,119455.0,190987.0,5866.0,3659.0,979.53,key_moments,2025-05-04 04:05:13.153005,WS-ENTERTAINMENT
IG0016134,- Evolving Ambient Textures: Modular Secrets Revealed,source_186,source_186,True,Company_A,content_editor_02,Entertainment,English,interview,reels,Instagram,,True,2025-05-04 00:00:00.000000,71.05,26.5,35.0,284.0,Notifications,14.4,98882.0,155457.0,550.0,4773.0,182.66,key_moments,2025-05-04 01:27:35.477393,WS-ENTERTAINMENT
IG0028061,- Modular Feedback: Creating the Unexpected,source_186,source_186,True,Company_A,content_editor_02,Entertainment,English,special_report,reels,Instagram,,True,2025-05-04 00:00:00.000000,22.3,9.5,26.0,285.0,Channel Page,4.47,1186123.0,156389.0,8854.0,2619.0,171.33,chapters,2025-05-04 01:04:50.873086,WS-ENTERTAINMENT
YT0002823,- FREE Remix Magic: Acapella Flip with FREE VSTs!,source_187,source_187,True,Company_A,content_editor_02,Entertainment,English,speech,shorts,Youtube,,True,2025-05-05 00:00:00.000000,23.880000000000003,7.583333333333333,0.94,41.0,External,21.08,1860265.0,79864.0,1724.0,106.0,43.06166666666666,summary,2025-05-05 04:56:10.766375,WS-ENTERTAINMENT
YT0006776,- From Acapella to Banger: Remixing with FREE Plugins ONLY!,source_187,source_187,True,Company_A,content_editor_02,Entertainment,English,interview,shorts,Youtube,,True,2025-05-05 00:00:00.000000,55.42,31.55,59.5,381.0,Playlist,20.84,1602834.0,74036.0,486.0,685.0,10707.821666666669,key_moments,2025-05-05 12:05:41.732214,WS-ENTERTAINMENT
IG0002823,- FREE Remix Magic: Acapella Flip with FREE VSTs!,source_187,source_187,True,Company_A,content_editor_02,Entertainment,English,speech,reels,Instagram,,True,2025-05-05 00:00:00.000000,23.880000000000003,7.5,1.0,36.0,External,21.08,2667685.0,151507.0,2973.0,175.0,0.0,summary,2025-05-05 04:15:43.723744,WS-ENTERTAINMENT
IG0006776,- From Acapella to Banger: Remixing with FREE Plugins ONLY!,source_187,source_187,True,Company_A,content_editor_02,Entertainment,English,discussion_show,reels,Instagram,,True,2025-05-05 00:00:00.000000,55.42,29.5,67.0,277.0,Playlist,20.84,3049269.0,164944.0,791.0,1657.0,12485.06,key_moments,2025-05-05 07:40:01.388784,WS-ENTERTAINMENT
YT0018354,- Eurorack Track From Scratch: Sound Design Secrets,source_188,source_188,True,Company_A,content_editor_02,Entertainment,English,special_report,shorts,Youtube,,True,2025-05-06 00:00:00.000000,64.02000000000001,21.833333333333336,29.24,90.0,Search,28.05,451490.0,73953.0,3790.0,2541.0,1797.599,chapters,2025-05-06 08:59:37.881825,WS-ENTERTAINMENT
YT0025269,- Budget Beatmaking: Insane Remix with FREE Gear!,source_187,source_187,True,Company_A,content_editor_02,Entertainment,English,special_report,shorts,Youtube,,True,2025-05-06 00:00:00.000000,59.79,22.066666666666663,32.52,292.0,Channel Page,13.34,1440691.0,86331.0,3217.0,1686.0,5829.462666666667,chapters,2025-05-06 04:57:06.064486,WS-ENTERTAINMENT
IG0018354,- Eurorack Track From Scratch: Sound Design Secrets,source_188,source_188,True,Company_A,content_editor_02,Entertainment,English,interview,reels,Instagram,,True,2025-05-06 00:00:00.000000,64.02000000000001,22.5,34.0,66.0,Search,28.05,701000.0,129826.0,6240.0,4524.0,993.08,key_moments,2025-05-06 02:05:05.491978,WS-ENTERTAINMENT
IG0025269,- Budget Beatmaking: Insane Remix with FREE Gear!,source_187,source_187,True,Company_A,content_editor_02,Entertainment,English,discussion_show,reels,Instagram,,True,2025-05-06 00:00:00.000000,59.79,21.5,34.0,208.0,Channel Page,13.34,2808451.0,164580.0,4919.0,3310.0,3713.4,full_package,2025-05-06 04:40:35.246163,WS-ENTERTAINMENT
YT0019996,- Unlock the Hit Song Formula: From Idea to Masterpiece!,source_189,source_189,False,Company_A,content_editor_02,Entertainment,English,interview,,,,False,2025-05-08 00:00:00.000000,70.84,,,,,,,,,,,key_moments,2025-05-08 10:30:21.832553,WS-ENTERTAINMENT
IG0019996,- Unlock the Hit Song Formula: From Idea to Masterpiece!,source_189,source_189,True,Company_A,content_editor_02,Entertainment,English,discussion_show,reels,Instagram,,True,2025-05-08 00:00:00.000000,70.84,46.5,80.0,217.0,External,14.3,487832.0,206464.0,6283.0,3529.0,4227.88,key_moments,2025-05-08 06:06:42.160350,WS-ENTERTAINMENT
YT0002721,- Music Production Secrets: Make a Banger From Scratch,source_189,source_189,True,Company_A,content_editor_02,Entertainment,English,special_report,shorts,Youtube,,True,2025-05-09 00:00:00.000000,34.83,9.0,7.56,355.0,Shorts Feed,19.43,572852.0,86177.0,2559.0,663.0,238.68833333333333,key_moments,2025-05-09 07:16:41.704892,WS-ENTERTAINMENT
YT0002471,- Collab to Cash: Your Guide to the Music Biz,source_189,source_189,True,Company_A,content_editor_02,Entertainment,English,interview,shorts,Youtube,,True,2025-05-09 00:00:00.000000,55.48,16.55,22.36,357.0,Playlist,10.88,187900.0,94466.0,3443.0,843.0,472.3596666666666,full_package,2025-05-09 02:45:46.206411,WS-ENTERTAINMENT
YT0025961,- Pop Song Deconstructed: From Scratch to Hit!,source_190,source_190,True,Company_A,content_editor_02,Entertainment,English,interview,shorts,Youtube,,True,2025-05-09 00:00:00.000000,46.95,28.416666666666668,65.47,343.0,External,9.85,1337843.0,89981.0,1382.0,373.0,7773.1155,my_key_moments,2025-05-09 03:24:07.786157,WS-ENTERTAINMENT
YT0019469,- Secret Formula: Making a Pop Song From ZERO,source_190,source_190,True,Company_A,content_editor_02,Entertainment,English,special_report,shorts,Youtube,,True,2025-05-09 00:00:00.000000,27.24,14.1,53.92,75.0,Playlist,2.87,55521.0,90457.0,5559.0,2713.0,101.7885,chapters,2025-05-09 03:38:15.207949,WS-ENTERTAINMENT
IG0002721,- Music Production Secrets: Make a Banger From Scratch,source_189,source_189,True,Company_A,content_editor_02,Entertainment,English,special_report,reels,Instagram,,True,2025-05-09 00:00:00.000000,34.83,9.5,8.0,308.0,Shorts Feed,19.43,1087793.0,176717.0,4437.0,1512.0,48.35,key_moments,2025-05-09 03:50:20.566441,WS-ENTERTAINMENT
IG0002471,- Collab to Cash: Your Guide to the Music Biz,source_189,source_189,True,Company_A,content_editor_02,Entertainment,English,interview,reels,Instagram,,True,2025-05-09 00:00:00.000000,55.48,15.5,25.0,313.0,Playlist,10.88,340137.0,179321.0,5496.0,1351.0,188.96,key_moments,2025-05-09 10:10:56.650052,WS-ENTERTAINMENT
IG0025961,- Pop Song Deconstructed: From Scratch to Hit!,source_190,source_190,True,Company_A,content_editor_02,Entertainment,English,speech,reels,Instagram,,True,2025-05-09 00:00:00.000000,46.95,26.5,72.0,281.0,External,9.85,2548148.0,195961.0,1787.0,735.0,9682.96,summary,2025-05-09 00:36:42.271271,WS-ENTERTAINMENT
IG0019469,- Secret Formula: Making a Pop Song From ZERO,source_190,source_190,True,Company_A,content_editor_02,Entertainment,English,speech,reels,Instagram,,True,2025-05-09 00:00:00.000000,27.24,14.5,64.0,59.0,Playlist,2.87,88199.0,211866.0,8993.0,5269.0,109.76,chapters,2025-05-09 04:05:56.133845,WS-ENTERTAINMENT
YT0009184,- Write a Pop Song That *Actually* SLAPS,source_190,source_190,True,Company_A,content_editor_02,Entertainment,English,special_report,shorts,Youtube,,True,2025-05-10 00:00:00.000000,58.14,24.03333333333333,38.32,165.0,Notifications,3.2,593769.0,81748.0,627.0,1974.0,2726.9391666666666,key_moments,2025-05-10 03:45:12.715162,WS-ENTERTAINMENT
IG0009184,- Write a Pop Song That *Actually* SLAPS,source_190,source_190,True,Company_A,content_editor_02,Entertainment,English,special_report,reels,Instagram,,True,2025-05-10 00:00:00.000000,58.14,22.5,45.0,130.0,Notifications,3.2,1075663.0,134066.0,946.0,3058.0,2016.87,my_key_moments,2025-05-10 01:20:06.779385,WS-ENTERTAINMENT
YT0026339,- Generative Modular: Patching Infinite Sound,source_191,source_191,True,Company_A,content_editor_02,Entertainment,English,interview,shorts,Youtube,,True,2025-05-12 00:00:00.000000,55.97,15.683333333333334,19.97,146.0,Notifications,20.87,1444426.0,89804.0,2185.0,2766.0,3283.394333333333,chapters,2025-05-12 06:50:46.674431,WS-ENTERTAINMENT
YT0002867,"- Modular Synthesis Secrets: Filters, FM, and Beyond",source_191,source_191,True,Company_A,content_editor_02,Entertainment,English,speech,shorts,Youtube,,True,2025-05-12 00:00:00.000000,21.7,7.883333333333333,5.72,363.0,Playlist,1.02,987080.0,98614.0,7528.0,2106.0,105.10566666666666,key_moments,2025-05-12 02:14:25.760900,WS-ENTERTAINMENT
IG0026339,- Generative Modular: Patching Infinite Sound,source_191,source_191,True,Company_A,content_editor_02,Entertainment,English,interview,reels,Instagram,,True,2025-05-12 00:00:00.000000,55.97,16.5,22.0,126.0,Notifications,20.87,2135435.0,175982.0,2623.0,5618.0,1174.49,full_package,2025-05-12 03:00:22.227133,WS-ENTERTAINMENT
IG0002867,"- Modular Synthesis Secrets: Filters, FM, and Beyond",source_191,source_191,True,Company_A,content_editor_02,Entertainment,English,speech,reels,Instagram,,True,2025-05-12 00:00:00.000000,21.7,7.5,7.0,291.0,Playlist,1.02,1391657.0,174518.0,10945.0,4049.0,0.0,summary,2025-05-12 17:33:16.804160,WS-ENTERTAINMENT
YT0003198,- Create Dreamy Soundscapes with Modular Synths,source_191,source_191,True,Company_A,content_editor_02,Entertainment,English,interview,shorts,Youtube,,True,2025-05-13 00:00:00.000000,69.08,57.31666666666667,92.12,88.0,Channel Page,17.33,1334153.0,95536.0,3560.0,2060.0,18461.95983333333,full_package,2025-05-13 08:58:24.518956,WS-ENTERTAINMENT
IG0003198,- Create Dreamy Soundscapes with Modular Synths,source_191,source_191,True,Company_A,content_editor_02,Entertainment,English,special_report,reels,Instagram,,True,2025-05-13 00:00:00.000000,69.08,55.5,97.0,64.0,Channel Page,17.33,2609319.0,227868.0,5596.0,4055.0,33747.19,key_moments,2025-05-13 06:20:01.304698,WS-ENTERTAINMENT
YT0021417,- Turn City Sounds into SICK Beats (Field Recording Magic!),source_192,source_192,True,Company_A,content_editor_02,Entertainment,English,interview,shorts,Youtube,,True,2025-05-14 00:00:00.000000,57.73,18.95,26.8,344.0,Search,27.27,1805541.0,88035.0,2717.0,2713.0,5742.6235,full_package,2025-05-14 05:25:28.008225,WS-ENTERTAINMENT
IG0021417,- Turn City Sounds into SICK Beats (Field Recording Magic!),source_192,source_192,True,Company_A,content_editor_02,Entertainment,English,interview,reels,Instagram,,True,2025-05-14 00:00:00.000000,57.73,19.5,32.0,292.0,Search,27.27,2842883.0,212437.0,3471.0,6292.0,3032.41,chapters,2025-05-14 03:30:22.541059,WS-ENTERTAINMENT
YT0029964,- Found Sound to Future Rave: Sound Design Secrets REVEALED,source_192,source_192,True,Company_A,content_editor_02,Entertainment,English,speech,shorts,Youtube,,True,2025-05-15 00:00:00.000000,65.4,47.16666666666666,78.7,178.0,External,6.89,856380.0,93857.0,4389.0,425.0,9436.038833333332,summary,2025-05-15 19:48:08.143187,WS-ENTERTAINMENT
YT0025491,- Stop Buying Samples! Make THIS Instead (Field Recording Tutorial),source_192,source_192,True,Company_A,content_editor_02,Entertainment,English,special_report,shorts,Youtube,,True,2025-05-15 00:00:00.000000,26.18,11.433333333333334,35.18,58.0,External,7.29,1782691.0,89332.0,5638.0,151.0,1947.755,full_package,2025-05-15 07:35:56.722988,WS-ENTERTAINMENT
YT0015831,- Nature's Noise to No. 1 Hit: Crafting Sounds From Scratch,source_192,source_192,True,Company_A,content_editor_02,Entertainment,English,special_report,shorts,Youtube,,True,2025-05-15 00:00:00.000000,55.61,29.383333333333333,53.89,113.0,Suggested,4.26,327372.0,82181.0,7625.0,1068.0,1989.9973333333328,key_moments,2025-05-15 02:11:45.733656,WS-ENTERTAINMENT
IG0029964,- Found Sound to Future Rave: Sound Design Secrets REVEALED,source_192,source_192,True,Company_A,content_editor_02,Entertainment,English,discussion_show,reels,Instagram,,True,2025-05-15 00:00:00.000000,65.4,43.5,89.0,146.0,External,6.89,1169337.0,187812.0,7445.0,751.0,10407.1,key_moments,2025-05-15 01:18:18.044621,WS-ENTERTAINMENT
IG0025491,- Stop Buying Samples! Make THIS Instead (Field Recording Tutorial),source_192,source_192,True,Company_A,content_editor_02,Entertainment,English,discussion_show,reels,Instagram,,True,2025-05-15 00:00:00.000000,26.18,11.5,42.0,52.0,External,7.29,3281865.0,208590.0,7449.0,254.0,1531.54,full_package,2025-05-15 06:17:42.206117,WS-ENTERTAINMENT
IG0015831,- Nature's Noise to No. 1 Hit: Crafting Sounds From Scratch,source_192,source_192,True,Company_A,content_editor_02,Entertainment,English,speech,reels,Instagram,,True,2025-05-15 00:00:00.000000,55.61,31.5,57.0,103.0,Suggested,4.26,476212.0,160511.0,10715.0,2308.0,1809.61,key_moments,2025-05-15 03:49:30.558935,WS-ENTERTAINMENT
YT0000324,- From Spark to Song: The ULTIMATE Music Production Journey!,source_193,source_193,True,Company_A,content_editor_02,Entertainment,English,interview,shorts,Youtube,,True,2025-05-16 00:00:00.000000,48.11,13.15,17.06,75.0,Notifications,4.8,1998840.0,76038.0,3634.0,1599.0,3137.0683333333336,summary,2025-05-16 01:16:30.907298,WS-ENTERTAINMENT
YT0005611,- Music Production Secrets: Watch a Song Get Born! 🎶,source_193,source_193,True,Company_A,content_editor_02,Entertainment,English,special_report,shorts,Youtube,,True,2025-05-16 00:00:00.000000,72.27000000000001,47.35,69.58,151.0,Shorts Feed,13.71,1516159.0,80948.0,4911.0,121.0,16783.037833333332,chapters,2025-05-16 05:38:09.370722,WS-ENTERTAINMENT
IG0000324,- From Spark to Song: The ULTIMATE Music Production Journey!,source_193,source_193,True,Company_A,content_editor_02,Entertainment,English,speech,reels,Instagram,,True,2025-05-16 00:00:00.000000,48.11,12.5,20.0,71.0,Notifications,4.8,3442082.0,168512.0,4586.0,3506.0,956.13,key_moments,2025-05-16 03:13:31.621829,WS-ENTERTAINMENT
IG0005611,- Music Production Secrets: Watch a Song Get Born! 🎶,source_193,source_193,True,Company_A,content_editor_02,Entertainment,English,interview,reels,Instagram,,True,2025-05-16 00:00:00.000000,72.27000000000001,50.5,74.0,117.0,Shorts Feed,13.71,2560968.0,200586.0,7113.0,202.0,22636.11,key_moments,2025-05-16 06:06:55.794927,WS-ENTERTAINMENT
YT0007202,- Level Up Your Music: Complete Production Walkthrough!,source_193,source_193,True,Company_A,content_editor_02,Entertainment,English,interview,shorts,Youtube,,True,2025-05-17 00:00:00.000000,44.11,21.5,48.09,334.0,Channel Page,8.15,1238100.0,79293.0,4439.0,642.0,4814.833333333333,key_moments,2025-05-17 05:41:44.007980,WS-ENTERTAINMENT
IG0007202,- Level Up Your Music: Complete Production Walkthrough!,source_193,source_193,True,Company_A,content_editor_02,Entertainment,English,speech,reels,Instagram,,True,2025-05-17 00:00:00.000000,44.11,22.5,55.0,287.0,Channel Page,8.15,2413379.0,132108.0,5850.0,1313.0,5530.66,my_key_moments,2025-05-17 02:27:31.766020,WS-ENTERTAINMENT
YT0010842,- Stop Making Basic Tracks! (Pro Music Production Tips),source_193,source_193,True,Company_A,content_editor_02,Entertainment,English,special_report,shorts,Youtube,,True,2025-05-19 00:00:00.000000,42.27,34.75,99.93,230.0,Playlist,14.61,1526882.0,97718.0,5692.0,2110.0,11557.6485,key_moments,2025-05-19 06:38:11.052540,WS-ENTERTAINMENT
IG0010842,- Stop Making Basic Tracks! (Pro Music Production Tips),source_193,source_193,True,Company_A,content_editor_02,Entertainment,English,special_report,reels,Instagram,,True,2025-05-19 00:00:00.000000,42.27,35.5,100.0,206.0,Playlist,14.61,2934767.0,171789.0,9321.0,5159.0,27162.9,chapters,2025-05-19 02:41:08.799360,WS-ENTERTAINMENT
YT0009156,- Hit Song Deconstructed: The Anatomy of a Banger,source_194,source_194,True,Company_A,content_editor_02,Entertainment,English,discussion_show,shorts,Youtube,,True,2025-05-20 00:00:00.000000,36.31,13.066666666666666,26.12,270.0,Playlist,5.61,1302205.0,95029.0,4070.0,1682.0,2013.594833333333,key_moments,2025-05-20 02:49:45.067816,WS-ENTERTAINMENT
YT0022965,- From Verse to Victory: The Ultimate Hit Song Formula,source_194,source_194,True,Company_A,content_editor_02,Entertainment,English,special_report,shorts,Youtube,,True,2025-05-20 00:00:00.000000,37.02,20.383333333333333,58.51,131.0,Suggested,20.19,482086.0,93621.0,1451.0,2656.0,1725.243,key_moments,2025-05-20 02:36:46.595398,WS-ENTERTAINMENT
IG0009156,- Hit Song Deconstructed: The Anatomy of a Banger,source_194,source_194,True,Company_A,content_editor_02,Entertainment,English,special_report,reels,Instagram,,True,2025-05-20 00:00:00.000000,36.31,12.5,28.0,192.0,Playlist,5.61,2581257.0,191542.0,6788.0,4168.0,1003.82,chapters,2025-05-20 09:53:07.973182,WS-ENTERTAINMENT
IG0022965,- From Verse to Victory: The Ultimate Hit Song Formula,source_194,source_194,False,Company_A,content_editor_02,Entertainment,English,interview,,,,False,2025-05-20 00:00:00.000000,37.02,,,,,,,,,,,full_package,2025-05-20 03:11:44.868529,WS-ENTERTAINMENT
YT0003023,- Steal This Song's Secrets: Songwriting Masterclass,source_194,source_194,True,Company_A,content_editor_02,Entertainment,English,special_report,shorts,Youtube,,True,2025-05-21 00:00:00.000000,20.62,12.083333333333332,81.55,195.0,External,13.13,1316018.0,94687.0,3354.0,2038.0,1675.4858333333332,full_package,2025-05-21 11:59:31.594793,WS-ENTERTAINMENT
IG0003023,- Steal This Song's Secrets: Songwriting Masterclass,source_194,source_194,True,Company_A,content_editor_02,Entertainment,English,interview,reels,Instagram,,True,2025-05-21 00:00:00.000000,20.62,11.5,97.0,148.0,External,13.13,1842253.0,229468.0,4347.0,4060.0,1985.54,summary,2025-05-21 16:39:40.295667,WS-ENTERTAINMENT
YT0020893,- Pop Song Makeover: Genre Remix Challenge!,source_195,source_195,True,Company_A,content_editor_02,Entertainment,English,speech,shorts,Youtube,,True,2025-05-23 00:00:00.000000,74.95,67.01666666666667,99.28,350.0,Browse,8.16,745934.0,85501.0,1844.0,1896.0,12332.084833333332,summary,2025-05-23 02:12:54.531470,WS-ENTERTAINMENT
YT0018818,- From Pop to...? Reimagining a Hit!,source_195,source_195,True,Company_A,content_editor_02,Entertainment,English,speech,shorts,Youtube,,True,2025-05-23 00:00:00.000000,40.42,14.016666666666666,25.64,333.0,Browse,9.52,193314.0,88524.0,1685.0,931.0,349.93416666666667,key_moments,2025-05-23 00:23:11.569094,WS-ENTERTAINMENT
YT0008646,- Deconstructing a Song: The Ultimate Genre Flip,source_195,source_195,True,Company_A,content_editor_02,Entertainment,English,interview,shorts,Youtube,,True,2025-05-23 00:00:00.000000,56.37,9.916666666666666,5.84,135.0,External,24.77,1815937.0,75655.0,3289.0,673.0,1219.0318333333337,key_moments,2025-05-23 09:13:29.495405,WS-ENTERTAINMENT
IG0020893,- Pop Song Makeover: Genre Remix Challenge!,source_195,source_195,True,Company_A,content_editor_02,Entertainment,English,interview,reels,Instagram,,True,2025-05-23 00:00:00.000000,74.95,67.5,100.0,323.0,Browse,8.16,1324029.0,177212.0,3237.0,3648.0,25597.89,full_package,2025-05-23 03:02:33.408526,WS-ENTERTAINMENT
IG0018818,- From Pop to...? Reimagining a Hit!,source_195,source_195,True,Company_A,content_editor_02,Entertainment,English,speech,reels,Instagram,,True,2025-05-23 00:00:00.000000,40.42,14.5,28.0,299.0,Browse,9.52,371448.0,144534.0,3028.0,1885.0,202.23,summary,2025-05-23 02:00:01.426102,WS-ENTERTAINMENT
IG0008646,- Deconstructing a Song: The Ultimate Genre Flip,source_195,source_195,True,Company_A,content_editor_02,Entertainment,English,interview,reels,Instagram,,True,2025-05-23 00:00:00.000000,56.37,9.5,7.0,134.0,External,24.77,2384034.0,141969.0,4900.0,1052.0,92.71,chapters,2025-05-23 02:29:51.266539,WS-ENTERTAINMENT
YT0009990,- We Rebuilt a Pop Song (You Won't Believe It!),source_195,source_195,True,Company_A,content_editor_02,Entertainment,English,special_report,shorts,Youtube,,True,2025-05-24 00:00:00.000000,23.27,12.65,62.27,93.0,Shorts Feed,14.46,830071.0,99047.0,3948.0,77.0,1187.4626666666666,key_moments,2025-05-24 02:52:13.356415,WS-ENTERTAINMENT
IG0009990,- We Rebuilt a Pop Song (You Won't Believe It!),source_195,source_195,True,Company_A,content_editor_02,Entertainment,English,special_report,reels,Instagram,,True,2025-05-24 00:00:00.000000,23.27,12.5,73.0,87.0,Shorts Feed,14.46,1473607.0,178825.0,7023.0,168.0,1494.07,full_package,2025-05-24 11:17:29.343229,WS-ENTERTAINMENT
YT0000989,- Hit Song Deconstructed: From Spark to Studio Magic!,source_196,source_196,True,Company_A,content_editor_02,Entertainment,English,special_report,shorts,Youtube,,True,2025-05-25 00:00:00.000000,72.63,38.08333333333333,53.07,145.0,Channel Page,27.68,888420.0,80551.0,5583.0,507.0,7547.456999999999,full_package,2025-05-25 04:32:45.201128,WS-ENTERTAINMENT
YT0021365,- Genre Bender: Pop Song Transformation!,source_195,source_195,True,Company_A,content_editor_02,Entertainment,English,interview,shorts,Youtube,,True,2025-05-25 00:00:00.000000,62.64,39.6,67.38,72.0,Shorts Feed,15.24,1068984.0,95260.0,5765.0,2123.0,9531.774,summary,2025-05-25 11:10:09.653784,WS-ENTERTAINMENT
IG0000989,- Hit Song Deconstructed: From Spark to Studio Magic!,source_196,source_196,True,Company_A,content_editor_02,Entertainment,English,special_report,reels,Instagram,,True,2025-05-25 00:00:00.000000,72.63,37.5,63.0,143.0,Channel Page,27.68,1537911.0,172778.0,7467.0,1137.0,8074.03,key_moments,2025-05-25 05:56:23.172951,WS-ENTERTAINMENT
IG0021365,- Genre Bender: Pop Song Transformation!,source_195,source_195,True,Company_A,content_editor_02,Entertainment,English,interview,reels,Instagram,,True,2025-05-25 00:00:00.000000,62.64,42.5,71.0,71.0,Shorts Feed,15.24,2052059.0,167085.0,7026.0,3857.0,14164.91,my_key_moments,2025-05-25 03:07:24.100908,WS-ENTERTAINMENT
YT0026576,- Produce a BANGER: Songwriting & Production Secrets REVEALED,source_196,source_196,False,Company_A,content_editor_02,Entertainment,English,special_report,,,,False,2025-05-26 00:00:00.000000,68.25,,,,,,,,,,,key_moments,2025-05-26 02:55:37.522347,WS-ENTERTAINMENT
YT0004179,- Level Up Your Music: The Ultimate Production Masterclass,source_196,source_196,False,Company_A,content_editor_02,Entertainment,English,interview,,,,False,2025-05-26 00:00:00.000000,39.46,,,,,,,,,,,key_moments,2025-05-26 06:16:07.599049,WS-ENTERTAINMENT
IG0026576,- Produce a BANGER: Songwriting & Production Secrets REVEALED,source_196,source_196,True,Company_A,content_editor_02,Entertainment,English,special_report,reels,Instagram,,True,2025-05-26 00:00:00.000000,68.25,20.5,25.0,101.0,Shorts Feed,19.3,2077590.0,154035.0,8546.0,1299.0,1875.6,key_moments,2025-05-26 07:42:39.238676,WS-ENTERTAINMENT
IG0004179,- Level Up Your Music: The Ultimate Production Masterclass,source_196,source_196,True,Company_A,content_editor_02,Entertainment,English,special_report,reels,Instagram,,True,2025-05-26 00:00:00.000000,39.46,24.5,70.0,168.0,External,11.6,2598262.0,163631.0,3170.0,3610.0,8588.7,key_moments,2025-05-26 08:52:45.664908,WS-ENTERTAINMENT
YT0025906,- I Rebuilt an 80s Synth-Pop Song From SCRATCH! (You Won't Believe...),source_197,source_197,True,Company_A,content_editor_02,Entertainment,English,interview,shorts,Youtube,,True,2025-05-27 00:00:00.000000,29.130000000000003,12.35,34.32,159.0,Suggested,12.45,901903.0,83153.0,2760.0,1589.0,1215.0638333333334,chapters,2025-05-27 03:14:41.394910,WS-ENTERTAINMENT
YT0029399,- Synth-Pop Deconstructed: The Secrets Behind an 80s Hit,source_197,source_197,True,Company_A,content_editor_02,Entertainment,English,interview,shorts,Youtube,,True,2025-05-27 00:00:00.000000,28.02,13.6,46.85,30.0,Browse,8.19,1743390.0,88688.0,5246.0,2503.0,2954.0775,key_moments,2025-05-27 04:36:06.670763,WS-ENTERTAINMENT
YT0026648,- 80s Sound Design: Recreating a Classic Synth Anthem,source_197,source_197,True,Company_A,content_editor_02,Entertainment,English,interview,shorts,Youtube,,True,2025-05-27 00:00:00.000000,46.16,19.933333333333334,39.9,71.0,Channel Page,8.14,722628.0,90030.0,6448.0,1573.0,2495.743,key_moments,2025-05-27 06:22:56.237599,WS-ENTERTAINMENT
IG0025906,- I Rebuilt an 80s Synth-Pop Song From SCRATCH! (You Won't Believe...),source_197,source_197,True,Company_A,content_editor_02,Entertainment,English,interview,reels,Instagram,,True,2025-05-27 00:00:00.000000,29.130000000000003,12.5,37.0,121.0,Suggested,12.45,1399432.0,148001.0,3591.0,2721.0,719.15,chapters,2025-05-27 02:56:31.546531,WS-ENTERTAINMENT
IG0029399,- Synth-Pop Deconstructed: The Secrets Behind an 80s Hit,source_197,source_197,True,Company_A,content_editor_02,Entertainment,English,interview,reels,Instagram,,True,2025-05-27 00:00:00.000000,28.02,13.5,51.0,22.0,Browse,8.19,2961218.0,177135.0,6343.0,5759.0,2517.04,full_package,2025-05-27 01:36:48.231756,WS-ENTERTAINMENT
IG0026648,- 80s Sound Design: Recreating a Classic Synth Anthem,source_197,source_197,True,Company_A,content_editor_02,Entertainment,English,discussion_show,reels,Instagram,,True,2025-05-27 00:00:00.000000,46.16,18.5,48.0,55.0,Channel Page,8.14,1309191.0,166178.0,10664.0,2612.0,1920.15,full_package,2025-05-27 02:05:55.013278,WS-ENTERTAINMENT
YT0016857,- Pop Song Deconstructed: From Piano Chords to Finished Track!,source_198,source_198,False,Company_A,content_editor_02,Entertainment,English,special_report,,,,False,2025-05-29 00:00:00.000000,47.03,,,,,,,,,,,chapters,2025-05-29 03:17:54.578476,WS-ENTERTAINMENT
IG0016857,- Pop Song Deconstructed: From Piano Chords to Finished Track!,source_198,source_198,True,Company_A,content_editor_02,Entertainment,English,speech,reels,Instagram,,True,2025-05-29 00:00:00.000000,47.03,11.5,15.0,307.0,Shorts Feed,3.29,218168.0,140274.0,8428.0,1411.0,36.36,summary,2025-05-29 06:47:38.894132,WS-ENTERTAINMENT
YT0015813,- Write Your Own Pop Anthem: Songwriting & Production Secrets REVEALED,source_198,source_198,True,Company_A,content_editor_02,Entertainment,English,discussion_show,shorts,Youtube,,True,2025-05-30 00:00:00.000000,22.61,13.5,78.84,53.0,Playlist,18.14,115377.0,90257.0,2519.0,1612.0,192.295,full_package,2025-05-30 10:57:05.397019,WS-ENTERTAINMENT
YT0002584,- Ableton Song From SCRATCH: Watch Me Make a TRACK!,source_199,source_199,True,Company_A,content_editor_02,Entertainment,English,interview,shorts,Youtube,,True,2025-05-30 00:00:00.000000,30.71,13.3,36.92,348.0,External,4.5,1518981.0,98462.0,6384.0,554.0,2447.2471666666665,key_moments,2025-05-30 01:21:06.575172,WS-ENTERTAINMENT
YT0012094,- From ZERO to SONG: The ULTIMATE Ableton Guide,source_199,source_199,True,Company_A,content_editor_02,Entertainment,English,special_report,shorts,Youtube,,True,2025-05-30 00:00:00.000000,43.41,9.166666666666666,5.87,200.0,Browse,21.06,738829.0,83940.0,3696.0,2826.0,342.0505,key_moments,2025-05-30 02:28:49.426717,WS-ENTERTAINMENT
YT0010327,- I Made a Song in Ableton (You Can Too!),source_199,source_199,True,Company_A,content_editor_02,Entertainment,English,speech,shorts,Youtube,,True,2025-05-30 00:00:00.000000,22.1,13.733333333333334,87.79,324.0,Suggested,20.2,968037.0,78357.0,2466.0,771.0,1676.1381666666666,summary,2025-05-30 03:00:15.044877,WS-ENTERTAINMENT
IG0015813,- Write Your Own Pop Anthem: Songwriting & Production Secrets REVEALED,source_198,source_198,True,Company_A,content_editor_02,Entertainment,English,special_report,reels,Instagram,,True,2025-05-30 00:00:00.000000,22.61,13.5,89.0,46.0,Playlist,18.14,179499.0,201347.0,3297.0,2782.0,266.26,full_package,2025-05-30 07:33:14.148798,WS-ENTERTAINMENT
IG0002584,- Ableton Song From SCRATCH: Watch Me Make a TRACK!,source_199,source_199,True,Company_A,content_editor_02,Entertainment,English,special_report,reels,Instagram,,True,2025-05-30 00:00:00.000000,30.71,13.5,43.0,336.0,External,4.5,2472486.0,224539.0,11060.0,1275.0,1771.95,chapters,2025-05-30 02:37:17.959275,WS-ENTERTAINMENT
IG0012094,- From ZERO to SONG: The ULTIMATE Ableton Guide,source_199,source_199,True,Company_A,content_editor_02,Entertainment,English,special_report,reels,Instagram,,True,2025-05-30 00:00:00.000000,43.41,9.5,7.0,174.0,Browse,21.06,1145368.0,209616.0,5731.0,4608.0,44.54,full_package,2025-05-30 02:50:10.762781,WS-ENTERTAINMENT
IG0010327,- I Made a Song in Ableton (You Can Too!),source_199,source_199,True,Company_A,content_editor_02,Entertainment,English,interview,reels,Instagram,,True,2025-05-30 00:00:00.000000,22.1,13.5,100.0,281.0,Suggested,20.2,1619607.0,139593.0,3737.0,1401.0,2807.32,key_moments,2025-05-30 01:17:33.567570,WS-ENTERTAINMENT
YT0000308,- From Idea to Banger: Music Production Secrets REVEALED!,source_200,source_200,True,Company_A,content_editor_02,Entertainment,English,special_report,shorts,Youtube,,True,2025-05-31 00:00:00.000000,45.75,17.916666666666664,33.88,208.0,External,25.7,419840.0,81505.0,3287.0,2325.0,1214.8148333333334,chapters,2025-05-31 05:53:19.001030,WS-ENTERTAINMENT
YT0027052,"- Ableton MASTERCLASS: Songwriting, Mixing, & Mastering",source_199,source_199,True,Company_A,content_editor_02,Entertainment,English,discussion_show,shorts,Youtube,,True,2025-05-31 00:00:00.000000,68.03,42.88333333333333,66.72,360.0,Channel Page,17.51,1017117.0,88274.0,6381.0,79.0,9996.941666666668,chapters,2025-05-31 03:30:55.715697,WS-ENTERTAINMENT
IG0000308,- From Idea to Banger: Music Production Secrets REVEALED!,source_200,source_200,True,Company_A,content_editor_02,Entertainment,English,discussion_show,reels,Instagram,,True,2025-05-31 00:00:00.000000,45.75,17.5,37.0,186.0,External,25.7,792797.0,203737.0,4844.0,5000.0,814.82,key_moments,2025-05-31 02:22:13.436722,WS-ENTERTAINMENT
IG0027052,"- Ableton MASTERCLASS: Songwriting, Mixing, & Mastering",source_199,source_199,True,Company_A,content_editor_02,Entertainment,English,interview,reels,Instagram,,True,2025-05-31 00:00:00.000000,68.03,45.5,80.0,314.0,Channel Page,17.51,1858824.0,187312.0,11397.0,167.0,15696.74,key_moments,2025-05-31 03:15:00.336792,WS-ENTERTAINMENT
YT0005625,- Watch Me Make a Song From SCRATCH! (Full Production Tutorial),source_200,source_200,True,Company_A,content_editor_02,Entertainment,English,speech,shorts,Youtube,,True,2025-06-01 00:00:00.000000,28.62,20.71666666666667,97.04,144.0,Channel Page,6.15,1353652.0,91110.0,5948.0,583.0,4969.6575,key_moments,2025-06-01 09:51:14.871761,WS-ENTERTAINMENT
YT0001118,- Level Up Your Music: Pro Mixing & Mastering Tips,source_200,source_200,True,Company_A,content_editor_02,Entertainment,English,interview,shorts,Youtube,,True,2025-06-01 00:00:00.000000,16.55,8.0,32.26,251.0,Notifications,14.24,1413073.0,74308.0,7150.0,982.0,196.26016666666663,chapters,2025-06-01 01:47:25.090511,WS-ENTERTAINMENT
YT0026783,- The ULTIMATE Guide to Song Arrangement (Create Addictive Tracks!),source_200,source_200,True,Company_A,content_editor_02,Entertainment,English,discussion_show,shorts,Youtube,,True,2025-06-01 00:00:00.000000,31.15,18.7,69.35,264.0,Playlist,25.72,188382.0,80814.0,6067.0,1602.0,586.0773333333333,key_moments,2025-06-01 02:02:24.123736,WS-ENTERTAINMENT
IG0005625,- Watch Me Make a Song From SCRATCH! (Full Production Tutorial),source_200,source_200,True,Company_A,content_editor_02,Entertainment,English,interview,reels,Instagram,,True,2025-06-01 00:00:00.000000,28.62,19.5,100.0,142.0,Channel Page,6.15,2272821.0,188616.0,7818.0,1071.0,7879.11,chapters,2025-06-01 10:53:33.856425,WS-ENTERTAINMENT
IG0001118,- Level Up Your Music: Pro Mixing & Mastering Tips,source_200,source_200,True,Company_A,content_editor_02,Entertainment,English,discussion_show,reels,Instagram,,True,2025-06-01 00:00:00.000000,16.55,8.5,36.0,234.0,Notifications,14.24,2460275.0,130457.0,9154.0,2233.0,246.03,key_moments,2025-06-01 04:14:59.927181,WS-ENTERTAINMENT
IG0026783,- The ULTIMATE Guide to Song Arrangement (Create Addictive Tracks!),source_200,source_200,False,Company_A,content_editor_02,Entertainment,English,speech,,,,False,2025-06-01 00:00:00.000000,31.15,,,,,,,,,,,summary,2025-06-01 06:50:07.013008,WS-ENTERTAINMENT
YT0028113,- Stop Overthinking Music Production: Trust Your Ears!,source_200,source_200,True,Company_A,content_editor_02,Entertainment,English,interview,shorts,Youtube,,True,2025-06-02 00:00:00.000000,31.07,16.53333333333333,56.21,372.0,Browse,13.96,543692.0,90261.0,5323.0,2966.0,1364.2641666666668,key_moments,2025-06-02 05:30:58.452489,WS-ENTERTAINMENT
IG0028113,- Stop Overthinking Music Production: Trust Your Ears!,source_200,source_200,True,Company_A,content_editor_02,Entertainment,English,interview,reels,Instagram,,True,2025-06-02 00:00:00.000000,31.07,17.5,61.0,275.0,Browse,13.96,1018649.0,175698.0,6822.0,6499.0,1726.04,key_moments,2025-06-02 03:53:18.645357,WS-ENTERTAINMENT
YT0024745,- Unlock Songwriting Secrets: Deconstructing a Chart-Topper,source_201,source_201,True,Company_A,content_editor_02,Entertainment,English,speech,shorts,Youtube,,True,2025-06-03 00:00:00.000000,17.93,8.183333333333334,23.32,70.0,Notifications,26.96,669263.0,90244.0,4054.0,108.0,127.036,summary,2025-06-03 03:01:38.104895,WS-ENTERTAINMENT
IG0024745,- Unlock Songwriting Secrets: Deconstructing a Chart-Topper,source_201,source_201,True,Company_A,content_editor_02,Entertainment,English,interview,reels,Instagram,,True,2025-06-03 00:00:00.000000,17.93,8.5,27.0,57.0,Notifications,26.96,1271931.0,178635.0,6164.0,242.0,95.39,chapters,2025-06-03 07:46:47.564225,WS-ENTERTAINMENT
YT0019317,- From Verse to Victory: The Formula for a Hit Song,source_201,source_201,True,Company_A,content_editor_02,Entertainment,English,special_report,shorts,Youtube,,True,2025-06-04 00:00:00.000000,16.3,8.3,61.54,131.0,External,1.18,1095617.0,96903.0,7053.0,298.0,243.4705,key_moments,2025-06-04 10:08:12.160651,WS-ENTERTAINMENT
IG0019317,- From Verse to Victory: The Formula for a Hit Song,source_201,source_201,True,Company_A,content_editor_02,Entertainment,English,discussion_show,reels,Instagram,,True,2025-06-04 00:00:00.000000,16.3,8.5,72.0,113.0,External,1.18,2110142.0,221144.0,10137.0,720.0,422.03,full_package,2025-06-04 09:31:20.575582,WS-ENTERTAINMENT
YT0006009,- The Science of a Smash Hit: Songwriting Secrets Revealed,source_201,source_201,True,Company_A,content_editor_02,Entertainment,English,special_report,shorts,Youtube,,True,2025-06-05 00:00:00.000000,16.5,8.033333333333333,35.56,215.0,Browse,5.35,1655759.0,78144.0,4629.0,2612.0,245.2976666666667,key_moments,2025-06-05 01:32:58.114966,WS-ENTERTAINMENT
YT0029782,- Deconstructing a Hit Song: From Scratch to Studio Magic!,source_202,source_202,True,Company_A,content_editor_02,Entertainment,English,interview,shorts,Youtube,,True,2025-06-05 00:00:00.000000,32.61,9.133333333333333,9.28,55.0,External,13.65,1406124.0,92351.0,2339.0,2507.0,637.9636666666667,chapters,2025-06-05 11:21:41.102589,WS-ENTERTAINMENT
IG0006009,- The Science of a Smash Hit: Songwriting Secrets Revealed,source_201,source_201,True,Company_A,content_editor_02,Entertainment,English,special_report,reels,Instagram,,True,2025-06-05 00:00:00.000000,16.5,8.5,40.0,177.0,Browse,5.35,2415319.0,158399.0,7111.0,5247.0,268.37,full_package,2025-06-05 03:00:14.415398,WS-ENTERTAINMENT
IG0029782,- Deconstructing a Hit Song: From Scratch to Studio Magic!,source_202,source_202,True,Company_A,content_editor_02,Entertainment,English,interview,reels,Instagram,,True,2025-06-05 00:00:00.000000,32.61,9.5,10.0,39.0,External,13.65,2340372.0,169301.0,3325.0,4381.0,130.02,key_moments,2025-06-05 02:11:11.153151,WS-ENTERTAINMENT
YT0022529,- The Secret Formula: Anatomy of a Chart-Topper REVEALED!,source_202,source_202,True,Company_A,content_editor_02,Entertainment,English,discussion_show,shorts,Youtube,,True,2025-06-06 00:00:00.000000,52.32,26.916666666666668,52.03,31.0,Browse,3.35,1609074.0,97888.0,4544.0,1430.0,8678.570333333333,key_moments,2025-06-06 03:29:35.695834,WS-ENTERTAINMENT
IG0022529,- The Secret Formula: Anatomy of a Chart-Topper REVEALED!,source_202,source_202,True,Company_A,content_editor_02,Entertainment,English,interview,reels,Instagram,,True,2025-06-06 00:00:00.000000,52.32,25.5,62.0,23.0,Browse,3.35,2766993.0,177999.0,6645.0,2466.0,8577.68,chapters,2025-06-06 07:46:37.940525,WS-ENTERTAINMENT
YT0026032,"- Music Production 101: Rhythm, Harmony, Melody & EVERYTHING!",source_202,source_202,True,Company_A,content_editor_02,Entertainment,English,interview,shorts,Youtube,,True,2025-06-07 00:00:00.000000,59.89,18.166666666666664,23.76,357.0,External,26.32,1843035.0,90228.0,3841.0,367.0,5460.8445,my_key_moments,2025-06-07 06:09:49.063976,WS-ENTERTAINMENT
YT0029577,- From Zero to Hero: Making a Song in 30 Minutes!,source_202,source_202,True,Company_A,content_editor_02,Entertainment,English,interview,shorts,Youtube,,True,2025-06-07 00:00:00.000000,61.09,34.91666666666667,59.49,166.0,Shorts Feed,2.13,1964840.0,94933.0,795.0,832.0,14963.712,my_key_moments,2025-06-07 03:15:39.028704,WS-ENTERTAINMENT
IG0026032,"- Music Production 101: Rhythm, Harmony, Melody & EVERYTHING!",source_202,source_202,True,Company_A,content_editor_02,Entertainment,English,discussion_show,reels,Instagram,,True,2025-06-07 00:00:00.000000,59.89,18.5,27.0,337.0,External,26.32,3390724.0,185911.0,5822.0,679.0,2797.35,key_moments,2025-06-07 07:49:04.751795,WS-ENTERTAINMENT
IG0029577,- From Zero to Hero: Making a Song in 30 Minutes!,source_202,source_202,True,Company_A,content_editor_02,Entertainment,English,interview,reels,Instagram,,True,2025-06-07 00:00:00.000000,61.09,33.5,66.0,138.0,Shorts Feed,2.13,3906577.0,234217.0,1165.0,1446.0,18621.35,full_package,2025-06-07 04:28:24.788839,WS-ENTERTAINMENT
YT0006399,- Level Up Your Music: Mixing & Mastering Secrets Revealed!,source_202,source_202,True,Company_A,content_editor_02,Entertainment,English,speech,shorts,Youtube,,True,2025-06-08 00:00:00.000000,27.71,16.55,71.2,174.0,Browse,28.46,295605.0,85818.0,5925.0,1742.0,743.1181666666666,summary,2025-06-08 02:31:45.248761,WS-ENTERTAINMENT
IG0006399,- Level Up Your Music: Mixing & Mastering Secrets Revealed!,source_202,source_202,True,Company_A,content_editor_02,Entertainment,English,speech,reels,Instagram,,True,2025-06-08 00:00:00.000000,27.71,17.5,80.0,125.0,Browse,28.46,501181.0,137439.0,8883.0,4134.0,1113.74,summary,2025-06-08 02:16:12.705301,WS-ENTERTAINMENT
YT0002383,- Track From Scratch: My Music Production Process,source_203,source_203,True,Company_A,content_editor_02,Entertainment,English,speech,shorts,Youtube,,True,2025-06-10 00:00:00.000000,64.57,31.73333333333333,48.89,213.0,Notifications,21.35,1962513.0,80919.0,3141.0,972.0,13210.62,key_moments,2025-06-10 05:33:13.677171,WS-ENTERTAINMENT
IG0002383,- Track From Scratch: My Music Production Process,source_203,source_203,True,Company_A,content_editor_02,Entertainment,English,discussion_show,reels,Instagram,,True,2025-06-10 00:00:00.000000,64.57,32.5,56.0,194.0,Notifications,21.35,2918844.0,123076.0,4393.0,1528.0,11351.06,chapters,2025-06-10 03:44:40.093180,WS-ENTERTAINMENT
YT0025064,- Music Production Magic: From Idea to MASTERPIECE,source_203,source_203,False,Company_A,content_editor_02,Entertainment,English,speech,,,,False,2025-06-12 00:00:00.000000,43.21,,,,,,,,,,,key_moments,2025-06-12 01:19:51.406898,WS-ENTERTAINMENT
IG0025064,- Music Production Magic: From Idea to MASTERPIECE,source_203,source_203,True,Company_A,content_editor_02,Entertainment,English,discussion_show,reels,Instagram,,True,2025-06-12 00:00:00.000000,43.21,27.5,79.0,172.0,Playlist,11.25,3875529.0,187809.0,453.0,327.0,17009.27,full_package,2025-06-12 07:52:39.367561,WS-ENTERTAINMENT
YT0025145,- Level Up Your Music: Production Secrets REVEALED,source_203,source_203,True,Company_A,content_editor_02,Entertainment,English,interview,shorts,Youtube,,True,2025-06-13 00:00:00.000000,34.92,9.483333333333333,9.96,142.0,Notifications,19.91,630040.0,94129.0,4857.0,180.0,347.1053333333333,key_moments,2025-06-13 02:43:26.134740,WS-ENTERTAINMENT
IG0025145,- Level Up Your Music: Production Secrets REVEALED,source_203,source_203,True,Company_A,content_editor_02,Entertainment,English,speech,reels,Instagram,,True,2025-06-13 00:00:00.000000,34.92,9.5,12.0,141.0,Notifications,19.91,952486.0,158212.0,7409.0,413.0,63.5,key_moments,2025-06-13 14:17:46.130184,WS-ENTERTAINMENT
YT0011843,- Songwriting Secrets: From Scratch to Studio-Ready 🔥,source_204,source_204,True,Company_A,content_editor_02,Entertainment,English,special_report,shorts,Youtube,,True,2025-06-14 00:00:00.000000,56.13,18.23333333333333,26.1,200.0,Browse,28.6,1021179.0,88873.0,6308.0,274.0,3044.626333333333,chapters,2025-06-14 01:18:07.203887,WS-ENTERTAINMENT
IG0011843,- Songwriting Secrets: From Scratch to Studio-Ready 🔥,source_204,source_204,True,Company_A,content_editor_02,Entertainment,English,special_report,reels,Instagram,,True,2025-06-14 00:00:00.000000,56.13,18.5,29.0,184.0,Browse,28.6,1794073.0,183787.0,8127.0,528.0,1589.75,key_moments,2025-06-14 03:27:41.717307,WS-ENTERTAINMENT
YT0026935,- Music Production 101: The Ultimate Start-to-Finish Guide 🎹,source_204,source_204,True,Company_A,content_editor_02,Entertainment,English,speech,shorts,Youtube,,True,2025-06-16 00:00:00.000000,63.97,40.78333333333333,67.97,2.0,Playlist,6.11,588941.0,93153.0,118.0,215.0,5444.977666666667,summary,2025-06-16 02:17:05.557364,WS-ENTERTAINMENT
IG0026935,- Music Production 101: The Ultimate Start-to-Finish Guide 🎹,source_204,source_204,True,Company_A,content_editor_02,Entertainment,English,discussion_show,reels,Instagram,,True,2025-06-16 00:00:00.000000,63.97,40.5,78.0,2.0,Playlist,6.11,1165995.0,215882.0,145.0,409.0,8336.86,summary,2025-06-16 01:49:58.815679,WS-ENTERTAINMENT
YT0024497,- Turn Ideas into Bangers: My Full Music Production Process 🎧,source_204,source_204,True,Company_A,content_editor_02,Entertainment,English,speech,shorts,Youtube,,True,2025-06-17 00:00:00.000000,28.19,13.033333333333331,41.95,327.0,External,10.33,1633435.0,89882.0,3029.0,2049.0,2510.650166666667,key_moments,2025-06-17 02:42:35.152756,WS-ENTERTAINMENT
IG0024497,- Turn Ideas into Bangers: My Full Music Production Process 🎧,source_204,source_204,False,Company_A,content_editor_02,Entertainment,English,special_report,,,,False,2025-06-17 00:00:00.000000,28.19,,,,,,,,,,,key_moments,2025-06-17 16:29:23.662325,WS-ENTERTAINMENT
YT0009629,- The Art of Music Production: Watch a Song Come to Life ✨,source_204,source_204,True,Company_A,content_editor_02,Entertainment,English,special_report,shorts,Youtube,,True,2025-06-18 00:00:00.000000,54.04,33.03333333333333,65.4,377.0,Playlist,29.06,1709844.0,84989.0,7976.0,803.0,12127.226833333332,full_package,2025-06-18 04:29:10.069332,WS-ENTERTAINMENT
YT0025328,- House Track From SCRATCH: My Full Production Process,source_205,source_205,True,Company_A,content_editor_02,Entertainment,English,interview,shorts,Youtube,,True,2025-06-18 00:00:00.000000,65.61,57.16666666666666,98.14,20.0,Suggested,22.6,950754.0,96647.0,3645.0,2967.0,13116.883833333331,my_key_moments,2025-06-18 02:07:23.547100,WS-ENTERTAINMENT
YT0018680,- Turn Ideas Into Anthems: House Music Production Secrets,source_205,source_205,True,Company_A,content_editor_02,Entertainment,English,interview,shorts,Youtube,,True,2025-06-18 00:00:00.000000,26.52,11.75,36.89,327.0,Search,2.21,1139064.0,99661.0,2452.0,952.0,1344.7283333333332,summary,2025-06-18 00:55:34.509121,WS-ENTERTAINMENT
IG0009629,- The Art of Music Production: Watch a Song Come to Life ✨,source_204,source_204,True,Company_A,content_editor_02,Entertainment,English,interview,reels,Instagram,,True,2025-06-18 00:00:00.000000,54.04,33.5,76.0,320.0,Playlist,29.06,2759958.0,202276.0,14144.0,1868.0,15149.1,chapters,2025-06-18 01:00:33.288531,WS-ENTERTAINMENT
IG0025328,- House Track From SCRATCH: My Full Production Process,source_205,source_205,True,Company_A,content_editor_02,Entertainment,English,interview,reels,Instagram,,True,2025-06-18 00:00:00.000000,65.61,58.5,100.0,20.0,Suggested,22.6,1290998.0,186092.0,4828.0,5944.0,19020.7,key_moments,2025-06-18 02:36:15.104245,WS-ENTERTAINMENT
IG0018680,- Turn Ideas Into Anthems: House Music Production Secrets,source_205,source_205,True,Company_A,content_editor_02,Entertainment,English,interview,reels,Instagram,,True,2025-06-18 00:00:00.000000,26.52,11.5,39.0,301.0,Search,2.21,1523079.0,172065.0,3461.0,2102.0,660.0,chapters,2025-06-18 02:24:33.547002,WS-ENTERTAINMENT
YT0010135,- Energy BOOST: Crafting a Killer House Beat,source_205,source_205,True,Company_A,content_editor_02,Entertainment,English,speech,shorts,Youtube,,True,2025-06-19 00:00:00.000000,72.02000000000001,52.31666666666667,78.6,46.0,Suggested,8.12,243911.0,95062.0,6674.0,171.0,3036.4661666666666,chapters,2025-06-19 03:20:37.028915,WS-ENTERTAINMENT
IG0010135,- Energy BOOST: Crafting a Killer House Beat,source_205,source_205,True,Company_A,content_editor_02,Entertainment,English,special_report,reels,Instagram,,True,2025-06-19 00:00:00.000000,72.02000000000001,51.5,90.0,33.0,Suggested,8.12,480211.0,221867.0,10388.0,421.0,5282.32,summary,2025-06-19 00:38:58.433279,WS-ENTERTAINMENT
YT0025765,- Songwriting Secrets REVEALED: From Blank Canvas to MASTERPIECE,source_206,source_206,True,Company_A,content_editor_02,Entertainment,English,discussion_show,shorts,Youtube,,True,2025-06-20 00:00:00.000000,60.15,51.5,97.45,372.0,External,1.95,1754720.0,97448.0,7369.0,2576.0,21446.577833333333,full_package,2025-06-20 03:43:01.630798,WS-ENTERTAINMENT
YT0002642,"- Write, Produce, & Mix a FULL Song: My A-Z Guide",source_206,source_206,False,Company_A,content_editor_02,Entertainment,English,special_report,,,,False,2025-06-20 00:00:00.000000,60.94,,,,,,,,,,,chapters,2025-06-20 09:06:06.676111,WS-ENTERTAINMENT
IG0025765,- Songwriting Secrets REVEALED: From Blank Canvas to MASTERPIECE,source_206,source_206,True,Company_A,content_editor_02,Entertainment,English,interview,reels,Instagram,,True,2025-06-20 00:00:00.000000,60.15,52.5,100.0,264.0,External,1.95,3447471.0,231187.0,9728.0,4209.0,45678.99,key_moments,2025-06-20 14:39:06.699647,WS-ENTERTAINMENT
IG0002642,"- Write, Produce, & Mix a FULL Song: My A-Z Guide",source_206,source_206,True,Company_A,content_editor_02,Entertainment,English,interview,reels,Instagram,,True,2025-06-20 00:00:00.000000,60.94,27.5,55.0,117.0,Suggested,13.69,2974844.0,205410.0,5242.0,251.0,9089.8,chapters,2025-06-20 00:52:43.475574,WS-ENTERTAINMENT
YT0012761,"- Level Up Your Music: Songwriting, Production & Promotion Tips",source_206,source_206,True,Company_A,content_editor_02,Entertainment,English,interview,shorts,Youtube,,True,2025-06-21 00:00:00.000000,30.55,14.516666666666666,45.12,105.0,Playlist,13.31,1405231.0,97020.0,5123.0,2185.0,2738.8993333333333,key_moments,2025-06-21 02:06:24.555429,WS-ENTERTAINMENT
IG0012761,"- Level Up Your Music: Songwriting, Production & Promotion Tips",source_206,source_206,True,Company_A,content_editor_02,Entertainment,English,discussion_show,reels,Instagram,,True,2025-06-21 00:00:00.000000,30.55,15.5,53.0,76.0,Playlist,13.31,2722877.0,238510.0,7128.0,4552.0,3206.94,key_moments,2025-06-21 02:01:10.616713,WS-ENTERTAINMENT
YT0014921,- Deconstructing a Song: The Ultimate Remix Guide,source_207,source_207,True,Company_A,content_editor_02,Entertainment,English,interview,shorts,Youtube,,True,2025-06-23 00:00:00.000000,26.8,10.333333333333332,24.01,104.0,Playlist,9.6,336185.0,74963.0,1448.0,2036.0,264.59,key_moments,2025-06-23 04:29:40.476297,WS-ENTERTAINMENT
YT0006206,- From Old to Bold: Watch Me Remix This Track!,source_207,source_207,True,Company_A,content_editor_02,Entertainment,English,special_report,shorts,Youtube,,True,2025-06-23 00:00:00.000000,71.1,26.9,34.58,13.0,Notifications,20.92,1682011.0,91471.0,5743.0,2576.0,9064.170333333332,full_package,2025-06-23 01:30:27.128823,WS-ENTERTAINMENT
YT0024038,- Music Production Magic: Remixing a Classic in Ableton Live,source_207,source_207,True,Company_A,content_editor_02,Entertainment,English,discussion_show,shorts,Youtube,,True,2025-06-23 00:00:00.000000,21.2,7.733333333333333,3.76,106.0,Playlist,1.7,1672689.0,89355.0,19.0,1780.0,108.415,my_key_moments,2025-06-23 15:21:54.706061,WS-ENTERTAINMENT
IG0014921,- Deconstructing a Song: The Ultimate Remix Guide,source_207,source_207,True,Company_A,content_editor_02,Entertainment,English,discussion_show,reels,Instagram,,True,2025-06-23 00:00:00.000000,26.8,10.5,26.0,100.0,Playlist,9.6,589982.0,130604.0,2294.0,4790.0,127.83,full_package,2025-06-23 04:08:30.209564,WS-ENTERTAINMENT
IG0006206,- From Old to Bold: Watch Me Remix This Track!,source_207,source_207,True,Company_A,content_editor_02,Entertainment,English,interview,reels,Instagram,,True,2025-06-23 00:00:00.000000,71.1,26.5,41.0,12.0,Notifications,20.92,2605914.0,142431.0,7059.0,4138.0,5638.91,summary,2025-06-23 03:37:28.995729,WS-ENTERTAINMENT
IG0024038,- Music Production Magic: Remixing a Classic in Ableton Live,source_207,source_207,True,Company_A,content_editor_02,Entertainment,English,interview,reels,Instagram,,True,2025-06-23 00:00:00.000000,21.2,7.5,4.0,93.0,Playlist,1.7,3252798.0,201027.0,30.0,3790.0,0.0,full_package,2025-06-23 14:18:10.596234,WS-ENTERTAINMENT
YT0025057,- Remix Revolution: A Step-by-Step Guide to Creative Remixing,source_207,source_207,True,Company_A,content_editor_02,Entertainment,English,interview,shorts,Youtube,,True,2025-06-25 00:00:00.000000,45.56,36.88333333333333,96.15,191.0,External,23.55,1084770.0,90758.0,7749.0,794.0,8853.932999999999,full_package,2025-06-25 03:56:56.312989,WS-ENTERTAINMENT
IG0025057,- Remix Revolution: A Step-by-Step Guide to Creative Remixing,source_207,source_207,True,Company_A,content_editor_02,Entertainment,English,interview,reels,Instagram,,True,2025-06-25 00:00:00.000000,45.56,38.5,100.0,175.0,External,23.55,1538614.0,170117.0,13804.0,1348.0,13514.16,key_moments,2025-06-25 05:30:35.453787,WS-ENTERTAINMENT
YT0004372,- From Empty Ableton Project to FIRE Track 🔥,source_208,source_208,False,Company_A,content_editor_02,Entertainment,English,interview,,,,False,2025-06-26 00:00:00.000000,56.91,,,,,,,,,,,chapters,2025-06-26 02:11:37.842240,WS-ENTERTAINMENT
IG0004372,- From Empty Ableton Project to FIRE Track 🔥,source_208,source_208,True,Company_A,content_editor_02,Entertainment,English,special_report,reels,Instagram,,True,2025-06-26 00:00:00.000000,56.91,36.5,82.0,249.0,Notifications,23.31,83140.0,165037.0,6738.0,1257.0,549.19,key_moments,2025-06-26 01:20:10.622793,WS-ENTERTAINMENT
YT0006935,- Sound Design Secrets: Making a Song From SCRATCH,source_208,source_208,True,Company_A,content_editor_02,Entertainment,English,discussion_show,shorts,Youtube,,True,2025-06-27 00:00:00.000000,16.68,9.15,98.21,261.0,Suggested,17.69,1890205.0,76454.0,5666.0,521.0,866.3439999999999,key_moments,2025-06-27 02:27:16.924434,WS-ENTERTAINMENT
YT0018371,- I Made a Song ONLY Using Weird Samples (You Won't Believe It),source_208,source_208,True,Company_A,content_editor_02,Entertainment,English,special_report,shorts,Youtube,,True,2025-06-27 00:00:00.000000,26.11,8.5,9.0,43.0,Channel Page,22.76,975293.0,81502.0,3323.0,236.0,270.9146666666667,key_moments,2025-06-27 23:00:31.537598,WS-ENTERTAINMENT
IG0006935,- Sound Design Secrets: Making a Song From SCRATCH,source_208,source_208,True,Company_A,content_editor_02,Entertainment,English,special_report,reels,Instagram,,True,2025-06-27 00:00:00.000000,16.68,9.5,100.0,200.0,Suggested,17.69,3038382.0,176019.0,7380.0,842.0,1856.79,full_package,2025-06-27 06:38:14.420151,WS-ENTERTAINMENT
IG0018371,- I Made a Song ONLY Using Weird Samples (You Won't Believe It),source_208,source_208,True,Company_A,content_editor_02,Entertainment,English,interview,reels,Instagram,,True,2025-06-27 00:00:00.000000,26.11,8.5,11.0,37.0,Channel Page,22.76,1406985.0,143082.0,5364.0,489.0,42.99,full_package,2025-06-27 04:58:56.828841,WS-ENTERTAINMENT
YT0005150,- Ableton Alchemy: Turning Trash Sounds into Gold,source_208,source_208,True,Company_A,content_editor_02,Entertainment,English,speech,shorts,Youtube,,True,2025-06-28 00:00:00.000000,72.36,58.45,88.82,186.0,Suggested,12.08,224345.0,82778.0,7936.0,685.0,3175.105,full_package,2025-06-28 01:49:53.797896,WS-ENTERTAINMENT
IG0005150,- Ableton Alchemy: Turning Trash Sounds into Gold,source_208,source_208,False,Company_A,content_editor_02,Entertainment,English,special_report,,,,False,2025-06-28 00:00:00.000000,72.36,,,,,,,,,,,my_key_moments,2025-06-28 08:17:31.313654,WS-ENTERTAINMENT
YT0010816,- Pop Song to Blues?! You Won't Believe This Remix!,source_209,source_209,False,Company_A,content_editor_02,Entertainment,English,speech,,,,False,2025-06-30 00:00:00.000000,17.64,,,,,,,,,,,full_package,2025-06-30 01:21:00.170828,WS-ENTERTAINMENT
IG0010816,- Pop Song to Blues?! You Won't Believe This Remix!,source_209,source_209,True,Company_A,content_editor_02,Entertainment,English,discussion_show,reels,Instagram,,True,2025-06-30 00:00:00.000000,17.64,7.5,14.0,35.0,Suggested,25.71,2773629.0,182679.0,876.0,613.0,0.0,key_moments,2025-06-30 01:08:30.657728,WS-ENTERTAINMENT
YT0011284,- Song Deconstructed: From [Original Genre] to [New Genre],source_209,source_209,True,Company_A,content_editor_02,Entertainment,English,interview,shorts,Youtube,,True,2025-07-01 00:00:00.000000,36.95,25.85,83.6,76.0,Channel Page,4.93,1216259.0,81682.0,4098.0,2155.0,6199.542333333333,summary,2025-07-01 02:33:28.422075,WS-ENTERTAINMENT
YT0025175,- Genre Bender: Reimagining a Hit Song!,source_209,source_209,True,Company_A,content_editor_02,Entertainment,English,interview,shorts,Youtube,,True,2025-07-01 00:00:00.000000,50.7,10.816666666666666,9.29,73.0,Channel Page,5.78,904182.0,76140.0,3265.0,2800.0,833.0195,full_package,2025-07-01 19:06:13.667796,WS-ENTERTAINMENT
IG0011284,- Song Deconstructed: From [Original Genre] to [New Genre],source_209,source_209,True,Company_A,content_editor_02,Entertainment,English,interview,reels,Instagram,,True,2025-07-01 00:00:00.000000,36.95,27.5,99.0,61.0,Channel Page,4.93,1972637.0,164574.0,6228.0,4808.0,10849.5,summary,2025-07-01 18:15:29.221119,WS-ENTERTAINMENT
IG0025175,- Genre Bender: Reimagining a Hit Song!,source_209,source_209,True,Company_A,content_editor_02,Entertainment,English,special_report,reels,Instagram,,True,2025-07-01 00:00:00.000000,50.7,10.5,10.0,52.0,Channel Page,5.78,1437981.0,183565.0,5789.0,6736.0,119.83,key_moments,2025-07-01 02:47:16.602534,WS-ENTERTAINMENT
YT0008679,- Sound Design Alchemy: Level Up Your Music,source_210,source_210,True,Company_A,content_editor_02,Entertainment,English,discussion_show,shorts,Youtube,,True,2025-07-05 00:00:00.000000,72.32,43.71666666666667,63.18,267.0,Playlist,29.98,1926587.0,99382.0,7923.0,2666.0,19381.822,key_moments,2025-07-05 02:19:56.953756,WS-ENTERTAINMENT
YT0023829,- Finished Track: A Sonic Journey,source_210,source_210,True,Company_A,content_editor_02,Entertainment,English,interview,shorts,Youtube,,True,2025-07-05 00:00:00.000000,55.79,34.68333333333334,66.64,87.0,Search,5.56,1494705.0,77975.0,928.0,2081.0,11286.406666666668,summary,2025-07-05 01:04:36.522831,WS-ENTERTAINMENT
IG0008679,- Sound Design Alchemy: Level Up Your Music,source_210,source_210,True,Company_A,content_editor_02,Entertainment,English,speech,reels,Instagram,,True,2025-07-05 00:00:00.000000,72.32,42.5,69.0,196.0,Playlist,29.98,3706086.0,149106.0,10195.0,6584.0,24861.66,summary,2025-07-05 04:15:27.564166,WS-ENTERTAINMENT
IG0023829,- Finished Track: A Sonic Journey,source_210,source_210,True,Company_A,content_editor_02,Entertainment,English,special_report,reels,Instagram,,True,2025-07-05 00:00:00.000000,55.79,33.5,70.0,78.0,Search,5.56,2270837.0,173510.0,1483.0,3138.0,11480.34,chapters,2025-07-05 04:33:12.737611,WS-ENTERTAINMENT
YT0002944,- Unlock the Secrets to Writing a Hit Song,source_211,source_211,True,Company_A,content_editor_02,Entertainment,English,interview,shorts,Youtube,,True,2025-07-06 00:00:00.000000,27.14,9.883333333333333,19.63,184.0,Channel Page,19.12,268608.0,85449.0,5152.0,1112.0,177.8285,key_moments,2025-07-06 07:31:22.105874,WS-ENTERTAINMENT
IG0002944,- Unlock the Secrets to Writing a Hit Song,source_211,source_211,True,Company_A,content_editor_02,Entertainment,English,interview,reels,Instagram,,True,2025-07-06 00:00:00.000000,27.14,10.5,21.0,157.0,Channel Page,19.12,483945.0,137955.0,7474.0,2505.0,84.69,key_moments,2025-07-06 08:17:18.342193,WS-ENTERTAINMENT
YT0010281,- From Zero to Studio Ready: Music Production 101,source_211,source_211,False,Company_A,content_editor_02,Entertainment,English,special_report,,,,False,2025-07-07 00:00:00.000000,45.46,,,,,,,,,,,key_moments,2025-07-07 03:24:56.204929,WS-ENTERTAINMENT
YT0018724,"- Make Your Music POP: Rhythm, Harmony, Melody & More",source_211,source_211,True,Company_A,content_editor_02,Entertainment,English,special_report,shorts,Youtube,,True,2025-07-07 00:00:00.000000,32.18,21.73333333333333,82.85,143.0,External,16.36,1990742.0,95252.0,2981.0,2042.0,7870.804,my_key_moments,2025-07-07 06:14:27.066063,WS-ENTERTAINMENT
YT0018120,- Laptop Music Magic: From Zero to Song in Minutes!,source_212,source_212,True,Company_A,content_editor_02,Entertainment,English,special_report,shorts,Youtube,,True,2025-07-07 00:00:00.000000,66.64,50.06666666666667,82.43,376.0,Channel Page,15.53,1302533.0,79217.0,5614.0,935.0,15401.246666666668,summary,2025-07-07 02:17:01.207633,WS-ENTERTAINMENT
IG0010281,- From Zero to Studio Ready: Music Production 101,source_211,source_211,True,Company_A,content_editor_02,Entertainment,English,interview,reels,Instagram,,True,2025-07-07 00:00:00.000000,45.46,14.5,27.0,157.0,Shorts Feed,10.39,1928863.0,208195.0,389.0,2599.0,1012.65,summary,2025-07-07 06:08:48.408450,WS-ENTERTAINMENT
IG0018724,"- Make Your Music POP: Rhythm, Harmony, Melody & More",source_211,source_211,False,Company_A,content_editor_02,Entertainment,English,speech,,,,False,2025-07-07 00:00:00.000000,32.18,,,,,,,,,,,summary,2025-07-07 02:39:56.923171,WS-ENTERTAINMENT
IG0018120,- Laptop Music Magic: From Zero to Song in Minutes!,source_212,source_212,True,Company_A,content_editor_02,Entertainment,English,interview,reels,Instagram,,True,2025-07-07 00:00:00.000000,66.64,53.5,92.0,330.0,Channel Page,15.53,2029392.0,147405.0,9768.0,1570.0,23856.63,key_moments,2025-07-07 05:46:36.714539,WS-ENTERTAINMENT
YT0002385,- Turn Your Laptop into a Music Studio: Full Track Creation,source_212,source_212,True,Company_A,content_editor_02,Entertainment,English,discussion_show,shorts,Youtube,,True,2025-07-08 00:00:00.000000,34.879999999999995,14.116666666666667,33.28,18.0,Suggested,25.21,1997101.0,88499.0,5892.0,219.0,3670.5976666666666,chapters,2025-07-08 05:24:52.490071,WS-ENTERTAINMENT
IG0002385,- Turn Your Laptop into a Music Studio: Full Track Creation,source_212,source_212,True,Company_A,content_editor_02,Entertainment,English,interview,reels,Instagram,,True,2025-07-08 00:00:00.000000,34.879999999999995,14.5,39.0,14.0,Suggested,25.21,2645648.0,217010.0,8337.0,516.0,2006.28,key_moments,2025-07-08 04:13:34.837562,WS-ENTERTAINMENT
YT0020575,- Secret Music Production Hacks: Making a Song in Under 2 Minutes,source_212,source_212,True,Company_A,content_editor_02,Entertainment,English,interview,shorts,Youtube,,True,2025-07-09 00:00:00.000000,36.05,15.933333333333334,40.06,298.0,Playlist,15.24,196358.0,89051.0,1.0,2133.0,459.9868333333333,key_moments,2025-07-09 07:33:10.291545,WS-ENTERTAINMENT
IG0020575,- Secret Music Production Hacks: Making a Song in Under 2 Minutes,source_212,source_212,True,Company_A,content_editor_02,Entertainment,English,special_report,reels,Instagram,,True,2025-07-09 00:00:00.000000,36.05,15.5,43.0,259.0,Playlist,15.24,307630.0,169824.0,1.0,4744.0,293.96,full_package,2025-07-09 01:08:19.680113,WS-ENTERTAINMENT
YT0029161,- Song From Scratch: My FULL Music Production Process!,source_213,source_213,False,Company_A,content_editor_02,Entertainment,English,special_report,,,,False,2025-07-12 00:00:00.000000,73.35,,,,,,,,,,,my_key_moments,2025-07-12 01:42:22.889487,WS-ENTERTAINMENT
IG0029161,- Song From Scratch: My FULL Music Production Process!,source_213,source_213,True,Company_A,content_editor_02,Entertainment,English,special_report,reels,Instagram,,True,2025-07-12 00:00:00.000000,73.35,63.5,100.0,289.0,Notifications,18.41,2454100.0,158002.0,393.0,6345.0,38174.89,chapters,2025-07-12 03:13:22.034466,WS-ENTERTAINMENT
YT0014361,- I Made a Song From NOTHING! (You Won't Believe This),source_213,source_213,True,Company_A,content_editor_02,Entertainment,English,special_report,shorts,Youtube,,True,2025-07-13 00:00:00.000000,29.56,10.75,22.32,254.0,Suggested,7.68,1908479.0,99699.0,5585.0,2218.0,1722.9325,chapters,2025-07-13 01:15:38.595017,WS-ENTERTAINMENT
IG0014361,- I Made a Song From NOTHING! (You Won't Believe This),source_213,source_213,True,Company_A,content_editor_02,Entertainment,English,discussion_show,reels,Instagram,,True,2025-07-13 00:00:00.000000,29.56,10.5,26.0,212.0,Suggested,7.68,3782759.0,166443.0,8078.0,4527.0,819.6,key_moments,2025-07-13 02:53:19.280228,WS-ENTERTAINMENT
YT0022493,- The ULTIMATE Music Production Tutorial (2024),source_213,source_213,True,Company_A,content_editor_02,Entertainment,English,special_report,shorts,Youtube,,True,2025-07-14 00:00:00.000000,31.38,11.3,23.2,267.0,Playlist,25.57,119532.0,83263.0,2777.0,626.0,126.17266666666666,key_moments,2025-07-14 02:57:50.937990,WS-ENTERTAINMENT
YT0013815,- Watch Me Cook Up a HIT SONG! (Music Production Magic),source_213,source_213,True,Company_A,content_editor_02,Entertainment,English,special_report,shorts,Youtube,,True,2025-07-14 00:00:00.000000,30.64,15.05,48.27,331.0,External,11.46,1641595.0,94994.0,7790.0,1818.0,3442.7895,key_moments,2025-07-14 11:24:17.570319,WS-ENTERTAINMENT
IG0022493,- The ULTIMATE Music Production Tutorial (2024),source_213,source_213,True,Company_A,content_editor_02,Entertainment,English,special_report,reels,Instagram,,True,2025-07-14 00:00:00.000000,31.38,11.5,27.0,266.0,Playlist,25.57,202240.0,195790.0,4389.0,1165.0,60.67,chapters,2025-07-14 04:28:59.265737,WS-ENTERTAINMENT
IG0013815,- Watch Me Cook Up a HIT SONG! (Music Production Magic),source_213,source_213,True,Company_A,content_editor_02,Entertainment,English,interview,reels,Instagram,,True,2025-07-14 00:00:00.000000,30.64,14.5,55.0,276.0,External,11.46,2698914.0,185960.0,11589.0,3589.0,2886.34,key_moments,2025-07-14 09:06:51.263881,WS-ENTERTAINMENT
YT0008917,- Secret Formula: Making a Pop Song,source_214,source_214,False,Company_A,content_editor_02,Entertainment,English,special_report,,,,False,2025-07-15 00:00:00.000000,58.51,,,,,,,,,,,chapters,2025-07-15 05:05:30.530107,WS-ENTERTAINMENT
IG0008917,- Secret Formula: Making a Pop Song,source_214,source_214,True,Company_A,content_editor_02,Entertainment,English,interview,reels,Instagram,,True,2025-07-15 00:00:00.000000,58.51,29.5,62.0,289.0,Playlist,1.87,3370656.0,152891.0,3251.0,2817.0,12771.04,full_package,2025-07-15 02:36:21.075259,WS-ENTERTAINMENT
YT0002376,- Write a Hit: Pop Songwriting Masterclass,source_214,source_214,True,Company_A,content_editor_02,Entertainment,English,special_report,shorts,Youtube,,True,2025-07-17 00:00:00.000000,32.22,14.033333333333331,37.94,133.0,Notifications,1.84,240206.0,86290.0,7803.0,2542.0,435.9293333333333,key_moments,2025-07-17 04:27:05.827712,WS-ENTERTAINMENT
IG0002376,- Write a Hit: Pop Songwriting Masterclass,source_214,source_214,True,Company_A,content_editor_02,Entertainment,English,interview,reels,Instagram,,True,2025-07-17 00:00:00.000000,32.22,14.5,40.0,104.0,Notifications,1.84,353544.0,159404.0,11630.0,4050.0,274.98,key_moments,2025-07-17 07:10:10.187381,WS-ENTERTAINMENT
YT0016629,- Pop Production 101: Make Your Song POP!,source_214,source_214,False,Company_A,content_editor_02,Entertainment,English,discussion_show,,,,False,2025-07-18 00:00:00.000000,24.57,,,,,,,,,,,key_moments,2025-07-18 10:23:30.419719,WS-ENTERTAINMENT
YT0008752,- Songwriting to Stardom: The ULTIMATE Music Production Guide,source_215,source_215,True,Company_A,content_editor_02,Entertainment,English,special_report,shorts,Youtube,,True,2025-07-18 00:00:00.000000,64.86,52.5,90.25,353.0,External,0.55,788061.0,81031.0,2668.0,34.0,9850.7625,key_moments,2025-07-18 03:35:53.683090,WS-ENTERTAINMENT
IG0016629,- Pop Production 101: Make Your Song POP!,source_214,source_214,True,Company_A,content_editor_02,Entertainment,English,speech,reels,Instagram,,True,2025-07-18 00:00:00.000000,24.57,15.5,95.0,183.0,Channel Page,11.81,855532.0,141290.0,6443.0,213.0,1806.12,key_moments,2025-07-18 01:04:14.416723,WS-ENTERTAINMENT
IG0008752,- Songwriting to Stardom: The ULTIMATE Music Production Guide,source_215,source_215,True,Company_A,content_editor_02,Entertainment,English,special_report,reels,Instagram,,True,2025-07-18 00:00:00.000000,64.86,50.5,97.0,347.0,External,0.55,1232064.0,185634.0,3344.0,72.0,14274.83,full_package,2025-07-18 01:00:43.651728,WS-ENTERTAINMENT
YT0029717,- From Spark to Song: Music Production Secrets REVEALED!,source_215,source_215,True,Company_A,content_editor_02,Entertainment,English,interview,shorts,Youtube,,True,2025-07-19 00:00:00.000000,37.46,15.516666666666667,35.69,242.0,Playlist,20.48,1366691.0,86326.0,6069.0,952.0,3043.418333333333,summary,2025-07-19 03:04:50.602393,WS-ENTERTAINMENT
YT0019774,- Level Up Your Music: Complete Production Workflow,source_215,source_215,False,Company_A,content_editor_02,Entertainment,English,speech,,,,False,2025-07-19 00:00:00.000000,30.89,,,,,,,,,,,key_moments,2025-07-19 00:36:58.667977,WS-ENTERTAINMENT
IG0029717,- From Spark to Song: Music Production Secrets REVEALED!,source_215,source_215,True,Company_A,content_editor_02,Entertainment,English,special_report,reels,Instagram,,True,2025-07-19 00:00:00.000000,37.46,14.5,39.0,187.0,Playlist,20.48,2174372.0,190253.0,10556.0,1742.0,1648.9,chapters,2025-07-19 16:49:00.452573,WS-ENTERTAINMENT
IG0019774,- Level Up Your Music: Complete Production Workflow,source_215,source_215,True,Company_A,content_editor_02,Entertainment,English,speech,reels,Instagram,,True,2025-07-19 00:00:00.000000,30.89,21.5,96.0,51.0,Suggested,11.85,235012.0,158888.0,9719.0,533.0,877.38,summary,2025-07-19 06:26:54.446798,WS-ENTERTAINMENT
YT0015917,- Music Production Demystified: Create Your Dream Track,source_215,source_215,True,Company_A,content_editor_02,Entertainment,English,special_report,shorts,Youtube,,True,2025-07-21 00:00:00.000000,74.97999999999999,51.266666666666666,72.97,45.0,Browse,18.81,232930.0,97468.0,4258.0,89.0,2831.824833333333,chapters,2025-07-21 02:24:19.825731,WS-ENTERTAINMENT
YT0027702,- Unlock Your Sound: Music Production Masterclass,source_216,source_216,True,Company_A,content_editor_02,Entertainment,English,special_report,shorts,Youtube,,True,2025-07-21 00:00:00.000000,41.57,14.983333333333334,28.16,278.0,Playlist,0.54,1884984.0,78207.0,6156.0,2142.0,3918.323166666667,key_moments,2025-07-21 01:38:46.952279,WS-ENTERTAINMENT
YT0012207,- From Zero to Studio: Making Music Magic,source_216,source_216,True,Company_A,content_editor_02,Entertainment,English,speech,shorts,Youtube,,True,2025-07-21 00:00:00.000000,55.94,13.4,14.41,248.0,External,7.45,961598.0,77429.0,6815.0,592.0,1575.9523333333334,full_package,2025-07-21 09:06:16.883100,WS-ENTERTAINMENT
IG0015917,- Music Production Demystified: Create Your Dream Track,source_215,source_215,True,Company_A,content_editor_02,Entertainment,English,special_report,reels,Instagram,,True,2025-07-21 00:00:00.000000,74.97999999999999,50.5,85.0,33.0,Browse,18.81,465285.0,157072.0,6793.0,174.0,4723.94,chapters,2025-07-21 01:38:28.065682,WS-ENTERTAINMENT
IG0027702,- Unlock Your Sound: Music Production Masterclass,source_216,source_216,True,Company_A,content_editor_02,Entertainment,English,interview,reels,Instagram,,True,2025-07-21 00:00:00.000000,41.57,14.5,33.0,273.0,Playlist,0.54,3292713.0,182852.0,9449.0,4568.0,2112.82,key_moments,2025-07-21 01:46:16.674962,WS-ENTERTAINMENT
IG0012207,- From Zero to Studio: Making Music Magic,source_216,source_216,True,Company_A,content_editor_02,Entertainment,English,special_report,reels,Instagram,,True,2025-07-21 00:00:00.000000,55.94,13.5,17.0,208.0,External,7.45,1731647.0,134975.0,11400.0,1340.0,490.63,key_moments,2025-07-21 02:10:02.712694,WS-ENTERTAINMENT
YT0012690,- Ableton Sound Design: From Scratch to FIRE Track 🔥,source_217,source_217,False,Company_A,content_editor_02,Entertainment,English,special_report,,,,False,2025-07-23 00:00:00.000000,18.99,,,,,,,,,,,key_moments,2025-07-23 04:22:56.131578,WS-ENTERTAINMENT
IG0012690,- Ableton Sound Design: From Scratch to FIRE Track 🔥,source_217,source_217,True,Company_A,content_editor_02,Entertainment,English,discussion_show,reels,Instagram,,True,2025-07-23 00:00:00.000000,18.99,7.5,12.0,103.0,Browse,2.21,2522704.0,149507.0,6846.0,2259.0,0.0,my_key_moments,2025-07-23 06:34:21.899959,WS-ENTERTAINMENT
YT0005092,- Level Up Your Music: Sound Design & Mixing Masterclass,source_217,source_217,True,Company_A,content_editor_02,Entertainment,English,interview,shorts,Youtube,,True,2025-07-25 00:00:00.000000,63.86,53.41666666666666,93.98,29.0,External,10.81,672555.0,92588.0,4847.0,1596.0,8578.19,key_moments,2025-07-25 10:23:08.605541,WS-ENTERTAINMENT
IG0005092,- Level Up Your Music: Sound Design & Mixing Masterclass,source_217,source_217,True,Company_A,content_editor_02,Entertainment,English,special_report,reels,Instagram,,True,2025-07-25 00:00:00.000000,63.86,56.5,100.0,24.0,External,10.81,1296264.0,204867.0,7097.0,3714.0,18878.64,key_moments,2025-07-25 09:13:41.765409,WS-ENTERTAINMENT
YT0013306,- I Made a Song From SCRATCH Using ONLY Household Items! (Free Stems),source_218,source_218,True,Company_A,content_editor_02,Entertainment,English,speech,shorts,Youtube,,True,2025-07-27 00:00:00.000000,37.15,12.366666666666667,21.97,106.0,Search,25.68,1473049.0,80355.0,5897.0,926.0,1991.344,summary,2025-07-27 04:00:08.915889,WS-ENTERTAINMENT
IG0013306,- I Made a Song From SCRATCH Using ONLY Household Items! (Free Stems),source_218,source_218,False,Company_A,content_editor_02,Entertainment,English,special_report,,,,False,2025-07-27 00:00:00.000000,37.15,,,,,,,,,,,full_package,2025-07-27 09:02:58.279248,WS-ENTERTAINMENT
YT0002805,- Turn Your Kitchen Into a Studio: Found Sound Music Production Masterclass,source_218,source_218,True,Company_A,content_editor_02,Entertainment,English,speech,shorts,Youtube,,True,2025-07-28 00:00:00.000000,61.75,26.75,41.18,171.0,External,27.33,93844.0,93815.0,2120.0,2230.0,501.80466666666666,key_moments,2025-07-28 02:20:18.473484,WS-ENTERTAINMENT
IG0002805,- Turn Your Kitchen Into a Studio: Found Sound Music Production Masterclass,source_218,source_218,True,Company_A,content_editor_02,Entertainment,English,special_report,reels,Instagram,,True,2025-07-28 00:00:00.000000,61.75,25.5,45.0,168.0,External,27.33,127156.0,157647.0,3232.0,5417.0,286.1,chapters,2025-07-28 00:55:55.280572,WS-ENTERTAINMENT
YT0025373,- Household Objects to HIT Song?! (DIY Music Challenge),source_219,source_219,True,Company_A,content_editor_02,Entertainment,English,interview,shorts,Youtube,,True,2025-07-30 00:00:00.000000,48.54,37.83333333333333,90.44,388.0,External,11.4,129911.0,99766.0,6963.0,2503.0,1094.6205,key_moments,2025-07-30 02:20:17.588192,WS-ENTERTAINMENT
IG0025373,- Household Objects to HIT Song?! (DIY Music Challenge),source_219,source_219,True,Company_A,content_editor_02,Entertainment,English,speech,reels,Instagram,,True,2025-07-30 00:00:00.000000,48.54,39.5,97.0,331.0,External,11.4,210046.0,215314.0,11280.0,5627.0,1811.06,summary,2025-07-30 02:05:55.077057,WS-ENTERTAINMENT
YT0016636,- From Trash to Treasure: Making Music with Everyday Sounds,source_219,source_219,True,Company_A,content_editor_02,Entertainment,English,interview,shorts,Youtube,,True,2025-08-01 00:00:00.000000,53.01,32.33333333333333,65.33,32.0,Playlist,15.76,355135.0,79924.0,479.0,1053.0,2449.773833333333,summary,2025-08-01 02:24:45.357390,WS-ENTERTAINMENT
YT0018071,- Forget VSTs: My Kitchen is My Studio (Sound Design Secrets),source_219,source_219,True,Company_A,content_editor_02,Entertainment,English,interview,shorts,Youtube,,True,2025-08-01 00:00:00.000000,47.75,29.816666666666663,68.14,221.0,Shorts Feed,11.77,1848768.0,81007.0,1822.0,1327.0,11460.649833333331,key_moments,2025-08-01 01:51:24.078955,WS-ENTERTAINMENT
IG0016636,- From Trash to Treasure: Making Music with Everyday Sounds,source_219,source_219,True,Company_A,content_editor_02,Entertainment,English,special_report,reels,Instagram,,True,2025-08-01 00:00:00.000000,53.01,32.5,70.0,23.0,Playlist,15.76,568532.0,147189.0,604.0,2253.0,2763.7,key_moments,2025-08-01 02:45:57.644469,WS-ENTERTAINMENT
IG0018071,- Forget VSTs: My Kitchen is My Studio (Sound Design Secrets),source_219,source_219,True,Company_A,content_editor_02,Entertainment,English,speech,reels,Instagram,,True,2025-08-01 00:00:00.000000,47.75,30.5,76.0,213.0,Shorts Feed,11.77,2858173.0,175761.0,2749.0,3274.0,13878.02,key_moments,2025-08-01 06:34:07.135282,WS-ENTERTAINMENT
YT0024190,- The Ultimate DIY Music Hack: Turning Your Home into an Instrument,source_219,source_219,True,Company_A,content_editor_02,Entertainment,English,speech,shorts,Youtube,,True,2025-08-03 00:00:00.000000,38.08,11.933333333333334,19.21,110.0,Notifications,14.25,1363415.0,79486.0,3038.0,2749.0,1679.0203333333334,summary,2025-08-03 15:46:34.181876,WS-ENTERTAINMENT
YT0016673,- Slinky Symphony: I Made a Song From a Toy!,source_220,source_220,True,Company_A,content_editor_02,Entertainment,English,interview,shorts,Youtube,,True,2025-08-03 00:00:00.000000,67.53999999999999,32.25,47.11,367.0,Search,19.29,15440.0,97599.0,3682.0,324.0,106.15,key_moments,2025-08-03 01:00:21.727157,WS-ENTERTAINMENT
IG0024190,- The Ultimate DIY Music Hack: Turning Your Home into an Instrument,source_219,source_219,True,Company_A,content_editor_02,Entertainment,English,interview,reels,Instagram,,True,2025-08-03 00:00:00.000000,38.08,11.5,22.0,81.0,Notifications,14.25,2458111.0,177222.0,4701.0,4298.0,600.87,full_package,2025-08-03 01:25:39.935368,WS-ENTERTAINMENT
IG0016673,- Slinky Symphony: I Made a Song From a Toy!,source_220,source_220,True,Company_A,content_editor_02,Entertainment,English,discussion_show,reels,Instagram,,True,2025-08-03 00:00:00.000000,67.53999999999999,34.5,52.0,346.0,Search,19.29,23213.0,226641.0,5851.0,735.0,90.53,chapters,2025-08-03 02:07:25.148010,WS-ENTERTAINMENT
YT0010310,- Slinky Sounds Only: The Ultimate Music Challenge,source_220,source_220,True,Company_A,content_editor_02,Entertainment,English,interview,shorts,Youtube,,True,2025-08-04 00:00:00.000000,59.87,36.48333333333333,64.59,40.0,Suggested,17.76,220341.0,97177.0,594.0,2718.0,1773.949,key_moments,2025-08-04 07:22:51.034889,WS-ENTERTAINMENT
IG0010310,- Slinky Sounds Only: The Ultimate Music Challenge,source_220,source_220,True,Company_A,content_editor_02,Entertainment,English,interview,reels,Instagram,,True,2025-08-04 00:00:00.000000,59.87,34.5,73.0,38.0,Suggested,17.76,374829.0,187988.0,719.0,4243.0,2052.19,key_moments,2025-08-04 03:23:42.399003,WS-ENTERTAINMENT
YT0017732,- Slinky Beats: Making Music with Unexpected Instruments,source_220,source_220,False,Company_A,content_editor_02,Entertainment,English,interview,,,,False,2025-08-06 00:00:00.000000,18.38,,,,,,,,,,,full_package,2025-08-06 02:14:28.284063,WS-ENTERTAINMENT
YT0012465,- Can You Make a Song with a Slinky? I Tried!,source_220,source_220,True,Company_A,content_editor_02,Entertainment,English,special_report,shorts,Youtube,,True,2025-08-06 00:00:00.000000,43.9,26.633333333333333,66.21,60.0,Search,25.17,785452.0,97285.0,5965.0,2215.0,4174.532,key_moments,2025-08-06 07:05:49.419922,WS-ENTERTAINMENT
YT0008891,- Song Deconstructed & Rebuilt! You Won't Believe the Remix!,source_221,source_221,True,Company_A,content_editor_02,Entertainment,English,speech,shorts,Youtube,,True,2025-08-06 00:00:00.000000,36.63,12.666666666666668,23.89,104.0,Suggested,27.57,1013243.0,89162.0,3963.0,2656.0,1454.1913333333332,summary,2025-08-06 08:35:48.991682,WS-ENTERTAINMENT
YT0018979,- We Took a Song Apart & Made THIS! (Download Stems),source_221,source_221,True,Company_A,content_editor_02,Entertainment,English,speech,shorts,Youtube,,True,2025-08-06 00:00:00.000000,56.56,34.53333333333333,65.05,166.0,Notifications,8.81,337819.0,77307.0,95.0,1506.0,2536.7705,key_moments,2025-08-06 03:56:25.498906,WS-ENTERTAINMENT
IG0017732,- Slinky Beats: Making Music with Unexpected Instruments,source_220,source_220,True,Company_A,content_editor_02,Entertainment,English,speech,reels,Instagram,,True,2025-08-06 00:00:00.000000,18.38,7.5,14.0,19.0,Channel Page,15.21,263916.0,195906.0,9613.0,978.0,0.0,key_moments,2025-08-06 02:04:55.125121,WS-ENTERTAINMENT
IG0012465,- Can You Make a Song with a Slinky? I Tried!,source_220,source_220,True,Company_A,content_editor_02,Entertainment,English,interview,reels,Instagram,,True,2025-08-06 00:00:00.000000,43.9,25.5,73.0,53.0,Search,25.17,1444375.0,198453.0,7517.0,3991.0,5271.97,my_key_moments,2025-08-06 04:57:55.871817,WS-ENTERTAINMENT
IG0008891,- Song Deconstructed & Rebuilt! You Won't Believe the Remix!,source_221,source_221,True,Company_A,content_editor_02,Entertainment,English,interview,reels,Instagram,,True,2025-08-06 00:00:00.000000,36.63,12.5,28.0,77.0,Suggested,27.57,1639358.0,206063.0,6206.0,4678.0,637.53,key_moments,2025-08-06 03:19:08.594302,WS-ENTERTAINMENT
IG0018979,- We Took a Song Apart & Made THIS! (Download Stems),source_221,source_221,True,Company_A,content_editor_02,Entertainment,English,special_report,reels,Instagram,,True,2025-08-06 00:00:00.000000,56.56,36.5,74.0,144.0,Notifications,8.81,474457.0,142068.0,163.0,2304.0,2828.29,key_moments,2025-08-06 03:17:54.789359,WS-ENTERTAINMENT
YT0010612,- From Original to Remix: A Song's Wild Transformation,source_221,source_221,True,Company_A,content_editor_02,Entertainment,English,interview,shorts,Youtube,,True,2025-08-07 00:00:00.000000,18.29,10.483333333333334,90.68,322.0,Shorts Feed,18.51,1161812.0,78055.0,5635.0,2360.0,962.7978333333334,chapters,2025-08-07 02:39:17.326486,WS-ENTERTAINMENT
IG0010612,- From Original to Remix: A Song's Wild Transformation,source_221,source_221,True,Company_A,content_editor_02,Entertainment,English,interview,reels,Instagram,,True,2025-08-07 00:00:00.000000,18.29,10.5,100.0,227.0,Shorts Feed,18.51,2093148.0,183307.0,10118.0,5691.0,1779.18,chapters,2025-08-07 08:23:01.066915,WS-ENTERTAINMENT
YT0013558,- Unlock Your Hit Song: The Ultimate Songwriting Guide,source_222,source_222,True,Company_A,content_editor_02,Entertainment,English,interview,shorts,Youtube,,True,2025-08-09 00:00:00.000000,47.76,35.83333333333333,86.49,287.0,Playlist,22.24,1769860.0,78231.0,7940.0,2376.0,13929.453666666666,key_moments,2025-08-09 04:53:06.514516,WS-ENTERTAINMENT
IG0013558,- Unlock Your Hit Song: The Ultimate Songwriting Guide,source_222,source_222,True,Company_A,content_editor_02,Entertainment,English,interview,reels,Instagram,,True,2025-08-09 00:00:00.000000,47.76,36.5,91.0,267.0,Playlist,22.24,3279548.0,129444.0,13029.0,5517.0,24040.91,chapters,2025-08-09 09:09:36.293090,WS-ENTERTAINMENT
YT0000236,- From Zero to Song Hero: Music Production Secrets REVEALED!,source_222,source_222,True,Company_A,content_editor_02,Entertainment,English,special_report,shorts,Youtube,,True,2025-08-11 00:00:00.000000,35.58,20.7,64.14,185.0,Search,21.0,1581541.0,75195.0,2975.0,1959.0,5798.983666666667,key_moments,2025-08-11 11:39:02.059199,WS-ENTERTAINMENT
IG0000236,- From Zero to Song Hero: Music Production Secrets REVEALED!,source_222,source_222,True,Company_A,content_editor_02,Entertainment,English,speech,reels,Instagram,,True,2025-08-11 00:00:00.000000,35.58,20.5,72.0,178.0,Search,21.0,3072517.0,166954.0,4347.0,4820.0,7988.54,chapters,2025-08-11 05:46:28.767601,WS-ENTERTAINMENT
YT0000029,"- Write Catchy Songs: Harmony, Melody, Rhythm Demystified!",source_222,source_222,True,Company_A,content_editor_02,Entertainment,English,interview,shorts,Youtube,,True,2025-08-12 00:00:00.000000,34.010000000000005,22.166666666666664,77.15,180.0,Playlist,8.75,1353142.0,93980.0,1968.0,1269.0,5512.800666666666,full_package,2025-08-12 02:40:02.721181,WS-ENTERTAINMENT
YT0028408,- Stop Writer's Block: Songwriting Tips & Tricks You NEED!,source_222,source_222,True,Company_A,content_editor_02,Entertainment,English,special_report,shorts,Youtube,,True,2025-08-12 00:00:00.000000,63.65,33.53333333333333,53.51,169.0,Suggested,10.42,1141015.0,96583.0,5746.0,2.0,8251.228833333333,chapters,2025-08-12 09:11:38.540652,WS-ENTERTAINMENT
YT0016692,- Unlock Your Songwriting Superpowers: Music Production Secrets REVEALED!,source_223,source_223,True,Company_A,content_editor_02,Entertainment,English,speech,shorts,Youtube,,True,2025-08-12 00:00:00.000000,59.06,47.68333333333333,91.2,210.0,Channel Page,10.03,392799.0,95097.0,2401.0,1968.0,4384.437,my_key_moments,2025-08-12 05:48:20.225918,WS-ENTERTAINMENT
YT0020663,- From Zero to PRO: Master Music Production in Minutes!,source_223,source_223,True,Company_A,content_editor_02,Entertainment,English,speech,shorts,Youtube,,True,2025-08-12 00:00:00.000000,27.94,13.0,42.5,137.0,Notifications,20.34,335416.0,92013.0,7299.0,2310.0,512.4411666666667,my_key_moments,2025-08-13 08:06:15.318774,WS-ENTERTAINMENT
IG0000029,"- Write Catchy Songs: Harmony, Melody, Rhythm Demystified!",source_222,source_222,True,Company_A,content_editor_02,Entertainment,English,speech,reels,Instagram,,True,2025-08-12 00:00:00.000000,34.010000000000005,21.5,92.0,138.0,Playlist,8.75,2303105.0,209405.0,2757.0,2566.0,8240.0,summary,2025-08-12 05:07:34.541969,WS-ENTERTAINMENT
IG0028408,- Stop Writer's Block: Songwriting Tips & Tricks You NEED!,source_222,source_222,True,Company_A,content_editor_02,Entertainment,English,special_report,reels,Instagram,,True,2025-08-12 00:00:00.000000,63.65,34.5,61.0,154.0,Suggested,10.42,1799883.0,202287.0,8616.0,4.0,8234.46,chapters,2025-08-12 06:59:23.100053,WS-ENTERTAINMENT
IG0016692,- Unlock Your Songwriting Superpowers: Music Production Secrets REVEALED!,source_223,source_223,True,Company_A,content_editor_02,Entertainment,English,speech,reels,Instagram,,True,2025-08-12 00:00:00.000000,59.06,43.5,100.0,174.0,Channel Page,10.03,756477.0,167308.0,3023.0,3770.0,8245.6,key_moments,2025-08-12 05:02:46.283474,WS-ENTERTAINMENT
IG0020663,- From Zero to PRO: Master Music Production in Minutes!,source_223,source_223,True,Company_A,content_editor_02,Entertainment,English,interview,reels,Instagram,,True,2025-08-12 00:00:00.000000,27.94,13.5,47.0,97.0,Notifications,20.34,645309.0,194026.0,12503.0,4261.0,505.49,key_moments,2025-08-12 03:41:42.464690,WS-ENTERTAINMENT
YT0005842,- Stop Making These Music Production Mistakes! (And Start Making HITS),source_223,source_223,True,Company_A,content_editor_02,Entertainment,English,interview,shorts,Youtube,,True,2025-08-13 00:00:00.000000,28.25,8.916666666666666,10.69,389.0,Search,3.88,616628.0,93132.0,611.0,61.0,242.6545,key_moments,2025-08-13 03:15:07.093813,WS-ENTERTAINMENT
YT0016261,- The ULTIMATE Guide to Mixing and Mastering: Make Your Music Sound AMAZING!,source_223,source_223,True,Company_A,content_editor_02,Entertainment,English,interview,shorts,Youtube,,True,2025-08-13 00:00:00.000000,60.23,23.066666666666663,34.42,369.0,Channel Page,4.67,1657444.0,95572.0,1082.0,1999.0,7166.910666666667,key_moments,2025-08-13 05:03:41.883872,WS-ENTERTAINMENT
IG0005842,- Stop Making These Music Production Mistakes! (And Start Making HITS),source_223,source_223,True,Company_A,content_editor_02,Entertainment,English,special_report,reels,Instagram,,True,2025-08-13 00:00:00.000000,28.25,9.5,12.0,362.0,Search,3.88,933259.0,159481.0,1082.0,143.0,62.22,my_key_moments,2025-08-13 06:04:09.298331,WS-ENTERTAINMENT
IG0016261,- The ULTIMATE Guide to Mixing and Mastering: Make Your Music Sound AMAZING!,source_223,source_223,True,Company_A,content_editor_02,Entertainment,English,interview,reels,Instagram,,True,2025-08-13 00:00:00.000000,60.23,24.5,39.0,263.0,Channel Page,4.67,3140166.0,148151.0,1605.0,3029.0,5783.14,key_moments,2025-08-13 10:04:20.845628,WS-ENTERTAINMENT
YT0017603,- Songwriting Secrets: Craft a Captivating Song From Start to Finish!,source_223,source_223,True,Company_A,content_editor_02,Entertainment,English,interview,shorts,Youtube,,True,2025-08-14 00:00:00.000000,37.58,14.766666666666666,32.18,250.0,Playlist,23.49,635028.0,90963.0,2489.0,1976.0,1281.815833333333,full_package,2025-08-14 05:07:16.062284,WS-ENTERTAINMENT
IG0017603,- Songwriting Secrets: Craft a Captivating Song From Start to Finish!,source_223,source_223,True,Company_A,content_editor_02,Entertainment,English,speech,reels,Instagram,,True,2025-08-14 00:00:00.000000,37.58,15.5,38.0,231.0,Playlist,23.49,906144.0,206030.0,3959.0,3972.0,765.19,summary,2025-08-14 02:45:43.478073,WS-ENTERTAINMENT
YT0017535,- Hit Song Anatomy: Deconstructing the Perfect Track,source_224,source_224,True,Company_A,content_editor_02,Entertainment,English,interview,shorts,Youtube,,True,2025-08-16 00:00:00.000000,29.75,18.116666666666667,71.98,392.0,Suggested,26.93,918212.0,75825.0,7451.0,2613.0,2707.8751666666667,key_moments,2025-08-16 03:04:46.686891,WS-ENTERTAINMENT
IG0017535,- Hit Song Anatomy: Deconstructing the Perfect Track,source_224,source_224,True,Company_A,content_editor_02,Entertainment,English,interview,reels,Instagram,,True,2025-08-16 00:00:00.000000,29.75,17.5,76.0,358.0,Suggested,26.93,1576968.0,144830.0,10844.0,5138.0,3329.15,summary,2025-08-16 01:23:17.204481,WS-ENTERTAINMENT
YT0003277,- Unlock the Hit Formula: Songwriting Secrets REVEALED!,source_224,source_224,True,Company_A,content_editor_02,Entertainment,English,interview,shorts,Youtube,,True,2025-08-18 00:00:00.000000,24.880000000000003,14.583333333333332,71.69,290.0,Channel Page,24.88,1866329.0,87212.0,6281.0,2920.0,3672.175166666667,key_moments,2025-08-18 15:06:31.031680,WS-ENTERTAINMENT
IG0003277,- Unlock the Hit Formula: Songwriting Secrets REVEALED!,source_224,source_224,True,Company_A,content_editor_02,Entertainment,English,special_report,reels,Instagram,,True,2025-08-18 00:00:00.000000,24.880000000000003,15.5,83.0,228.0,Channel Page,24.88,2790974.0,193413.0,10101.0,4662.0,5147.8,key_moments,2025-08-18 02:35:39.841815,WS-ENTERTAINMENT
YT0017656,- Cardboard Box to Banger: Making Music From NOTHING!,source_225,source_225,True,Company_A,content_editor_02,Entertainment,English,interview,shorts,Youtube,,True,2025-08-19 00:00:00.000000,22.38,12.5,67.75,39.0,Shorts Feed,26.82,1142693.0,80895.0,998.0,1857.0,1587.073666666667,key_moments,2025-08-19 08:40:23.798444,WS-ENTERTAINMENT
IG0017656,- Cardboard Box to Banger: Making Music From NOTHING!,source_225,source_225,True,Company_A,content_editor_02,Entertainment,English,interview,reels,Instagram,,True,2025-08-19 00:00:00.000000,22.38,12.5,75.0,35.0,Shorts Feed,26.82,1631639.0,150941.0,1792.0,3561.0,1699.62,chapters,2025-08-19 04:59:25.780991,WS-ENTERTAINMENT
YT0017843,"- The Power of LIMITATION: One Box, One Song.",source_225,source_225,True,Company_A,content_editor_02,Entertainment,English,interview,shorts,Youtube,,True,2025-08-20 00:00:00.000000,63.12,52.21666666666667,92.93,358.0,Playlist,10.75,655776.0,83840.0,1948.0,2765.0,8145.588000000001,key_moments,2025-08-20 05:06:00.721306,WS-ENTERTAINMENT
IG0017843,"- The Power of LIMITATION: One Box, One Song.",source_225,source_225,True,Company_A,content_editor_02,Entertainment,English,speech,reels,Instagram,,True,2025-08-20 00:00:00.000000,63.12,48.5,100.0,336.0,Playlist,10.75,1111863.0,173708.0,2526.0,6851.0,13422.66,summary,2025-08-20 03:38:28.618391,WS-ENTERTAINMENT
YT0018412,- I Made a FULL SONG From a CARDBOARD BOX?! (You Won't Believe It),source_225,source_225,True,Company_A,content_editor_02,Entertainment,English,discussion_show,shorts,Youtube,,True,2025-08-22 00:00:00.000000,52.55,32.56666666666666,66.76,212.0,Search,29.67,1821415.0,91309.0,6426.0,2251.0,12682.445166666666,key_moments,2025-08-22 02:07:47.488335,WS-ENTERTAINMENT
YT0010716,- Sound Design Challenge: Box Beats & Beyond!,source_225,source_225,True,Company_A,content_editor_02,Entertainment,English,special_report,shorts,Youtube,,True,2025-08-22 00:00:00.000000,71.39,13.466666666666669,10.58,239.0,Playlist,13.86,620511.0,76325.0,1983.0,245.0,1028.4395,key_moments,2025-08-22 01:50:35.273490,WS-ENTERTAINMENT
IG0018412,- I Made a FULL SONG From a CARDBOARD BOX?! (You Won't Believe It),source_225,source_225,True,Company_A,content_editor_02,Entertainment,English,special_report,reels,Instagram,,True,2025-08-22 00:00:00.000000,52.55,33.5,72.0,211.0,Search,29.67,3118127.0,165366.0,10645.0,4102.0,16214.26,key_moments,2025-08-22 15:56:37.486756,WS-ENTERTAINMENT
IG0010716,- Sound Design Challenge: Box Beats & Beyond!,source_225,source_225,True,Company_A,content_editor_02,Entertainment,English,speech,reels,Instagram,,True,2025-08-22 00:00:00.000000,71.39,13.5,12.0,237.0,Playlist,13.86,1232204.0,125127.0,2844.0,453.0,246.44,key_moments,2025-08-22 04:22:54.537188,WS-ENTERTAINMENT
YT0028107,- UNLOCK Your Creativity: Music Production with Everyday Objects,source_225,source_225,True,Company_A,content_editor_02,Entertainment,English,discussion_show,shorts,Youtube,,True,2025-08-23 00:00:00.000000,45.21,29.95,74.31,316.0,Channel Page,14.42,213011.0,80278.0,7895.0,1184.0,1328.3603333333333,key_moments,2025-08-23 09:50:25.872102,WS-ENTERTAINMENT
YT0011019,- Unlock Your Musical Superpowers: Theory to Production!,source_226,source_226,True,Company_A,content_editor_02,Entertainment,English,special_report,shorts,Youtube,,True,2025-08-23 00:00:00.000000,67.11,33.2,49.32,17.0,Browse,17.94,1804848.0,90509.0,6445.0,155.0,12884.609333333334,key_moments,2025-08-23 12:06:44.212240,WS-ENTERTAINMENT
YT0005780,- Music Theory & Songwriting: From Zero to Hero in 30 Minutes!,source_226,source_226,True,Company_A,content_editor_02,Entertainment,English,speech,shorts,Youtube,,True,2025-08-23 00:00:00.000000,23.17,12.65,63.04,170.0,Notifications,5.27,1157541.0,76030.0,3447.0,309.0,1655.9266666666667,key_moments,2025-08-23 02:52:46.201545,WS-ENTERTAINMENT
IG0028107,- UNLOCK Your Creativity: Music Production with Everyday Objects,source_225,source_225,True,Company_A,content_editor_02,Entertainment,English,discussion_show,reels,Instagram,,True,2025-08-23 00:00:00.000000,45.21,31.5,86.0,258.0,Channel Page,14.42,307511.0,137725.0,10649.0,2668.0,1763.06,full_package,2025-08-23 05:36:47.075580,WS-ENTERTAINMENT
IG0011019,- Unlock Your Musical Superpowers: Theory to Production!,source_226,source_226,True,Company_A,content_editor_02,Entertainment,English,speech,reels,Instagram,,True,2025-08-23 00:00:00.000000,67.11,32.5,56.0,14.0,Browse,17.94,3236179.0,161347.0,8586.0,249.0,12585.14,summary,2025-08-23 04:08:47.972874,WS-ENTERTAINMENT
IG0005780,- Music Theory & Songwriting: From Zero to Hero in 30 Minutes!,source_226,source_226,True,Company_A,content_editor_02,Entertainment,English,special_report,reels,Instagram,,True,2025-08-23 00:00:00.000000,23.17,13.5,70.0,145.0,Notifications,5.27,2177140.0,152560.0,5084.0,720.0,2540.0,key_moments,2025-08-23 01:35:05.651439,WS-ENTERTAINMENT
YT0022231,"- Level Up Your Music: Scales, Chords, and Killer Grooves!",source_226,source_226,True,Company_A,content_editor_02,Entertainment,English,interview,shorts,Youtube,,True,2025-08-24 00:00:00.000000,70.75,51.5,78.92,324.0,External,27.92,1583581.0,81625.0,4786.0,2715.0,19354.87883333333,key_moments,2025-08-24 03:26:54.240311,WS-ENTERTAINMENT
IG0022231,"- Level Up Your Music: Scales, Chords, and Killer Grooves!",source_226,source_226,True,Company_A,content_editor_02,Entertainment,English,interview,reels,Instagram,,True,2025-08-24 00:00:00.000000,70.75,52.5,87.0,242.0,External,27.92,3024645.0,175540.0,7578.0,5249.0,32893.01,my_key_moments,2025-08-24 06:24:00.037853,WS-ENTERTAINMENT
YT0022676,- Unlock Your Hit Song: Music Production Secrets REVEALED!,source_227,source_227,True,Company_A,content_editor_02,Entertainment,English,special_report,shorts,Youtube,,True,2025-08-25 00:00:00.000000,18.96,10.466666666666669,74.92,366.0,Notifications,1.91,3813.0,92132.0,2810.0,1808.0,3.1421666666666668,key_moments,2025-08-25 02:41:00.107752,WS-ENTERTAINMENT
YT0026362,- From Zero to PRO: Music Production Masterclass in Minutes!,source_227,source_227,True,Company_A,content_editor_02,Entertainment,English,special_report,shorts,Youtube,,True,2025-08-25 00:00:00.000000,35.05,22.166666666666664,73.15,101.0,Notifications,10.45,631589.0,83755.0,2548.0,603.0,2573.1403333333337,key_moments,2025-08-25 03:05:04.535742,WS-ENTERTAINMENT
YT0011180,- Stop Making BORING Music! (Sound Design & Arrangement Hacks),source_227,source_227,True,Company_A,content_editor_02,Entertainment,English,special_report,shorts,Youtube,,True,2025-08-25 00:00:00.000000,24.67,10.566666666666666,31.71,76.0,Playlist,15.54,1020148.0,77752.0,2989.0,1094.0,869.015,chapters,2025-08-25 03:28:55.125234,WS-ENTERTAINMENT
IG0022676,- Unlock Your Hit Song: Music Production Secrets REVEALED!,source_227,source_227,True,Company_A,content_editor_02,Entertainment,English,special_report,reels,Instagram,,True,2025-08-25 00:00:00.000000,18.96,10.5,87.0,355.0,Notifications,1.91,5082.0,227193.0,4936.0,4310.0,3.68,key_moments,2025-08-25 21:39:39.944484,WS-ENTERTAINMENT
IG0026362,- From Zero to PRO: Music Production Masterclass in Minutes!,source_227,source_227,True,Company_A,content_editor_02,Entertainment,English,special_report,reels,Instagram,,True,2025-08-25 00:00:00.000000,35.05,21.5,82.0,100.0,Notifications,10.45,907928.0,175214.0,4430.0,1127.0,2895.28,key_moments,2025-08-25 00:55:20.080591,WS-ENTERTAINMENT
IG0011180,- Stop Making BORING Music! (Sound Design & Arrangement Hacks),source_227,source_227,True,Company_A,content_editor_02,Entertainment,English,speech,reels,Instagram,,True,2025-08-25 00:00:00.000000,24.67,10.5,36.0,71.0,Playlist,15.54,1567685.0,191755.0,4855.0,2390.0,470.31,summary,2025-08-25 05:58:30.535660,WS-ENTERTAINMENT
YT0009429,- Radio-Ready Mixes: The ULTIMATE Music Production Guide,source_227,source_227,True,Company_A,content_editor_02,Entertainment,English,interview,shorts,Youtube,,True,2025-08-27 00:00:00.000000,33.19,24.15,91.53,13.0,Notifications,17.47,571722.0,77483.0,633.0,2641.0,2644.214333333333,chapters,2025-08-27 03:15:58.271434,WS-ENTERTAINMENT
IG0009429,- Radio-Ready Mixes: The ULTIMATE Music Production Guide,source_227,source_227,True,Company_A,content_editor_02,Entertainment,English,interview,reels,Instagram,,True,2025-08-27 00:00:00.000000,33.19,22.5,100.0,11.0,Notifications,17.47,961144.0,129169.0,874.0,4087.0,4124.91,chapters,2025-08-27 02:23:45.339115,WS-ENTERTAINMENT
YT0019345,- Music Production: The Complete Workflow (Beginner to Pro),source_227,source_227,True,Company_A,content_editor_02,Entertainment,English,speech,shorts,Youtube,,True,2025-08-28 00:00:00.000000,51.18,16.416666666666664,24.65,113.0,Browse,28.83,402708.0,80731.0,3286.0,64.0,997.448,key_moments,2025-08-28 03:12:09.715288,WS-ENTERTAINMENT
YT0013880,- Hit Song Deconstructed: The Anatomy of a Banger,source_228,source_228,True,Company_A,content_editor_02,Entertainment,English,speech,shorts,Youtube,,True,2025-08-28 00:00:00.000000,60.0,48.333333333333336,90.74,79.0,Shorts Feed,21.32,262576.0,84876.0,6363.0,1071.0,2978.2926666666667,chapters,2025-08-28 06:49:20.248017,WS-ENTERTAINMENT
YT0024542,- Unlock the Secrets: Deconstructing a Chart-Topping Melody,source_228,source_228,True,Company_A,content_editor_02,Entertainment,English,discussion_show,shorts,Youtube,,True,2025-08-28 00:00:00.000000,47.67,39.61666666666667,98.31,215.0,Shorts Feed,14.08,1727830.0,90088.0,2904.0,2399.0,15414.483333333334,key_moments,2025-08-28 07:08:29.153140,WS-ENTERTAINMENT
IG0019345,- Music Production: The Complete Workflow (Beginner to Pro),source_227,source_227,True,Company_A,content_editor_02,Entertainment,English,speech,reels,Instagram,,True,2025-08-28 00:00:00.000000,51.18,16.5,29.0,111.0,Browse,28.83,631811.0,127866.0,4115.0,154.0,458.06,full_package,2025-08-28 04:38:30.577540,WS-ENTERTAINMENT
IG0013880,- Hit Song Deconstructed: The Anatomy of a Banger,source_228,source_228,True,Company_A,content_editor_02,Entertainment,English,speech,reels,Instagram,,True,2025-08-28 00:00:00.000000,60.0,45.5,100.0,71.0,Shorts Feed,21.32,518046.0,135815.0,10934.0,1747.0,5851.04,chapters,2025-08-28 09:35:15.940463,WS-ENTERTAINMENT
IG0024542,- Unlock the Secrets: Deconstructing a Chart-Topping Melody,source_228,source_228,True,Company_A,content_editor_02,Entertainment,English,interview,reels,Instagram,,True,2025-08-28 00:00:00.000000,47.67,37.5,100.0,195.0,Shorts Feed,14.08,3070471.0,171346.0,3550.0,4180.0,28913.6,full_package,2025-08-28 11:02:17.471247,WS-ENTERTAINMENT
YT0016320,- Steal These Secrets: The Science Behind Hit Songs,source_228,source_228,True,Company_A,content_editor_02,Entertainment,English,special_report,shorts,Youtube,,True,2025-08-29 00:00:00.000000,55.94,40.516666666666666,80.65,48.0,Search,26.64,1393903.0,86653.0,4357.0,2125.0,12783.8975,full_package,2025-08-29 07:41:09.451208,WS-ENTERTAINMENT
YT0004369,- From Verse to Victory: The Ultimate Songwriting Breakdown,source_228,source_228,False,Company_A,content_editor_02,Entertainment,English,interview,,,,False,2025-08-29 00:00:00.000000,60.05,,,,,,,,,,,key_moments,2025-08-29 02:35:02.416877,WS-ENTERTAINMENT
IG0016320,- Steal These Secrets: The Science Behind Hit Songs,source_228,source_228,True,Company_A,content_editor_02,Entertainment,English,special_report,reels,Instagram,,True,2025-08-29 00:00:00.000000,55.94,37.5,88.0,34.0,Search,26.64,2075573.0,162462.0,5820.0,4154.0,15220.87,key_moments,2025-08-29 05:56:26.961186,WS-ENTERTAINMENT
IG0004369,- From Verse to Victory: The Ultimate Songwriting Breakdown,source_228,source_228,False,Company_A,content_editor_02,Entertainment,English,discussion_show,,,,False,2025-08-29 00:00:00.000000,60.05,,,,,,,,,,,chapters,2025-08-29 05:57:48.542709,WS-ENTERTAINMENT
YT0015906,- Making a banger with everyday objects?!,source_229,source_229,False,Company_A,content_editor_02,Entertainment,English,interview,,,,False,2025-08-31 00:00:00.000000,27.67,,,,,,,,,,,key_moments,2025-08-31 02:04:58.650415,WS-ENTERTAINMENT
YT0014039,- From Trash to Treasure: Music Production Secrets!,source_229,source_229,False,Company_A,content_editor_02,Entertainment,English,special_report,,,,False,2025-08-31 00:00:00.000000,56.5,,,,,,,,,,,chapters,2025-08-31 01:08:22.830459,WS-ENTERTAINMENT
YT0029859,- I made a song using ONLY household items...,source_229,source_229,True,Company_A,content_editor_02,Entertainment,English,interview,shorts,Youtube,,True,2025-08-31 00:00:00.000000,24.37,13.616666666666667,65.28,63.0,Suggested,9.54,147999.0,77716.0,7182.0,1970.0,251.46133333333333,key_moments,2025-08-31 00:47:34.816904,WS-ENTERTAINMENT
IG0015906,- Making a banger with everyday objects?!,source_229,source_229,True,Company_A,content_editor_02,Entertainment,English,interview,reels,Instagram,,True,2025-08-31 00:00:00.000000,27.67,14.5,68.0,256.0,Browse,23.68,695369.0,142166.0,8554.0,6008.0,919.43,key_moments,2025-08-31 04:13:47.646108,WS-ENTERTAINMENT
IG0014039,- From Trash to Treasure: Music Production Secrets!,source_229,source_229,True,Company_A,content_editor_02,Entertainment,English,interview,reels,Instagram,,True,2025-08-31 00:00:00.000000,56.5,16.5,26.0,154.0,External,7.26,2898077.0,205723.0,2407.0,2006.0,1883.75,summary,2025-08-31 05:04:37.302299,WS-ENTERTAINMENT
IG0029859,- I made a song using ONLY household items...,source_229,source_229,False,Company_A,content_editor_02,Entertainment,English,interview,,,,False,2025-08-31 00:00:00.000000,24.37,,,,,,,,,,,chapters,2025-08-31 01:33:14.606141,WS-ENTERTAINMENT
YT0022417,- House Track From SCRATCH: The ULTIMATE Production Guide,source_230,source_230,True,Company_A,content_editor_02,Entertainment,English,discussion_show,shorts,Youtube,,True,2025-09-01 00:00:00.000000,69.25999999999999,8.833333333333334,2.46,5.0,Notifications,5.66,1120811.0,74456.0,401.0,2489.0,415.11516666666665,chapters,2025-09-01 09:14:09.976909,WS-ENTERTAINMENT
YT0028404,- Found Sound Frenzy: Creating Music From Scratch!,source_229,source_229,True,Company_A,content_editor_02,Entertainment,English,special_report,shorts,Youtube,,True,2025-09-01 00:00:00.000000,27.02,16.066666666666666,71.27,74.0,Channel Page,12.13,1307281.0,77021.0,4629.0,1208.0,3110.8446666666664,key_moments,2025-09-01 04:31:04.791258,WS-ENTERTAINMENT
IG0022417,- House Track From SCRATCH: The ULTIMATE Production Guide,source_230,source_230,True,Company_A,content_editor_02,Entertainment,English,speech,reels,Instagram,,True,2025-09-01 00:00:00.000000,69.25999999999999,8.5,3.0,4.0,Notifications,5.66,2170330.0,137407.0,626.0,3747.0,18.09,key_moments,2025-09-01 11:46:24.820816,WS-ENTERTAINMENT
IG0028404,- Found Sound Frenzy: Creating Music From Scratch!,source_229,source_229,True,Company_A,content_editor_02,Entertainment,English,special_report,reels,Instagram,,True,2025-09-01 00:00:00.000000,27.02,15.5,82.0,59.0,Channel Page,12.13,2363616.0,156074.0,6028.0,2750.0,4307.03,summary,2025-09-01 05:22:48.671751,WS-ENTERTAINMENT
YT0012350,- Serum Secrets: Crafting the PERFECT House Melody,source_230,source_230,True,Company_A,content_editor_02,Entertainment,English,interview,shorts,Youtube,,True,2025-09-02 00:00:00.000000,60.34,43.98333333333333,80.47,125.0,Notifications,0.85,935832.0,97619.0,3639.0,878.0,9483.964166666668,chapters,2025-09-02 01:42:15.928117,WS-ENTERTAINMENT
YT0019726,- Hit Song Deconstructed: From Idea to MASTERPIECE!,source_231,source_231,True,Company_A,content_editor_02,Entertainment,English,interview,shorts,Youtube,,True,2025-09-02 00:00:00.000000,50.75,35.56666666666666,78.51,96.0,Channel Page,29.95,254553.0,91675.0,6781.0,1989.0,1984.5706666666667,chapters,2025-09-02 05:46:17.136538,WS-ENTERTAINMENT
IG0012350,- Serum Secrets: Crafting the PERFECT House Melody,source_230,source_230,True,Company_A,content_editor_02,Entertainment,English,speech,reels,Instagram,,True,2025-09-02 00:00:00.000000,60.34,45.5,93.0,114.0,Notifications,0.85,1740327.0,206428.0,6112.0,2135.0,17084.21,key_moments,2025-09-02 06:50:14.033862,WS-ENTERTAINMENT
IG0019726,- Hit Song Deconstructed: From Idea to MASTERPIECE!,source_231,source_231,True,Company_A,content_editor_02,Entertainment,English,interview,reels,Instagram,,True,2025-09-02 00:00:00.000000,50.75,35.5,92.0,72.0,Channel Page,29.95,502472.0,187311.0,10876.0,3164.0,3595.47,key_moments,2025-09-02 02:34:51.772562,WS-ENTERTAINMENT
YT0006847,- Music Production Secrets: Make a BANGER From Scratch,source_231,source_231,True,Company_A,content_editor_02,Entertainment,English,discussion_show,shorts,Youtube,,True,2025-09-03 00:00:00.000000,17.06,7.733333333333333,11.33,175.0,Shorts Feed,21.69,1236580.0,78454.0,3779.0,1442.0,80.14866666666667,full_package,2025-09-03 01:15:42.846549,WS-ENTERTAINMENT
IG0006847,- Music Production Secrets: Make a BANGER From Scratch,source_231,source_231,True,Company_A,content_editor_02,Entertainment,English,interview,reels,Instagram,,True,2025-09-03 00:00:00.000000,17.06,7.5,13.0,131.0,Shorts Feed,21.69,2234643.0,150166.0,5831.0,3475.0,0.0,my_key_moments,2025-09-03 04:20:03.028937,WS-ENTERTAINMENT
YT0014437,- Level Up Your Music: The ULTIMATE Production Guide,source_231,source_231,True,Company_A,content_editor_02,Entertainment,English,special_report,shorts,Youtube,,True,2025-09-04 00:00:00.000000,74.47999999999999,34.68333333333334,45.7,197.0,Search,4.58,610411.0,88238.0,2648.0,2672.0,4609.168166666667,chapters,2025-09-04 01:47:45.966500,WS-ENTERTAINMENT
YT0018029,- Stop Making BORING Music: Arrangement & Mixing Tips!,source_231,source_231,True,Company_A,content_editor_02,Entertainment,English,speech,shorts,Youtube,,True,2025-09-04 00:00:00.000000,45.28,33.483333333333334,85.81,149.0,Suggested,27.58,1345581.0,84650.0,6336.0,460.0,9711.8555,summary,2025-09-04 09:48:21.954724,WS-ENTERTAINMENT
IG0014437,- Level Up Your Music: The ULTIMATE Production Guide,source_231,source_231,True,Company_A,content_editor_02,Entertainment,English,interview,reels,Instagram,,True,2025-09-04 00:00:00.000000,74.47999999999999,32.5,55.0,152.0,Search,4.58,1018089.0,167037.0,3419.0,5936.0,3888.53,key_moments,2025-09-04 02:53:16.683512,WS-ENTERTAINMENT
IG0018029,- Stop Making BORING Music: Arrangement & Mixing Tips!,source_231,source_231,True,Company_A,content_editor_02,Entertainment,English,interview,reels,Instagram,,True,2025-09-04 00:00:00.000000,45.28,32.5,100.0,144.0,Suggested,27.58,2632459.0,137696.0,10346.0,1025.0,18829.39,key_moments,2025-09-04 15:53:40.320671,WS-ENTERTAINMENT
YT0022979,- Write a Hit Song With Me (Step-by-Step),source_232,source_232,False,Company_A,content_editor_02,Entertainment,English,discussion_show,,,,False,2025-09-06 00:00:00.000000,38.81,,,,,,,,,,,summary,2025-09-06 00:43:52.413939,WS-ENTERTAINMENT
YT0029394,- The Secret Formula for Catchy Pop Music,source_232,source_232,True,Company_A,content_editor_02,Entertainment,English,interview,shorts,Youtube,,True,2025-09-06 00:00:00.000000,25.31,17.583333333333336,97.8,81.0,Suggested,8.07,971301.0,89286.0,7944.0,251.0,2720.5421666666666,full_package,2025-09-06 04:27:19.664566,WS-ENTERTAINMENT
YT0025541,- From GarageBand to Glory: Pop Song Production,source_232,source_232,True,Company_A,content_editor_02,Entertainment,English,special_report,shorts,Youtube,,True,2025-09-06 00:00:00.000000,19.93,11.25,76.06,254.0,Suggested,20.07,1408204.0,84300.0,4979.0,2967.0,1466.8791666666666,chapters,2025-09-06 12:33:03.967323,WS-ENTERTAINMENT
YT0004748,- Stop Making Bad Music: Pop Songwriting Masterclass,source_232,source_232,True,Company_A,content_editor_02,Entertainment,English,special_report,shorts,Youtube,,True,2025-09-06 00:00:00.000000,43.19,14.616666666666667,25.25,329.0,Shorts Feed,20.07,1746690.0,82456.0,4850.0,635.0,3452.947333333333,chapters,2025-09-06 01:57:43.811327,WS-ENTERTAINMENT
YT0019329,- Eurorack Ambient: From Zero to Bliss,source_233,source_233,True,Company_A,content_editor_02,Entertainment,English,interview,shorts,Youtube,,True,2025-09-06 00:00:00.000000,31.59,9.083333333333334,9.54,385.0,Channel Page,22.78,919134.0,87291.0,2826.0,2666.0,404.2486666666666,key_moments,2025-09-06 03:31:17.990494,WS-ENTERTAINMENT
IG0022979,- Write a Hit Song With Me (Step-by-Step),source_232,source_232,True,Company_A,content_editor_02,Entertainment,English,speech,reels,Instagram,,True,2025-09-06 00:00:00.000000,38.81,19.5,54.0,153.0,Notifications,6.61,2913730.0,214452.0,1135.0,2694.0,5244.71,summary,2025-09-06 02:53:51.182475,WS-ENTERTAINMENT
IG0029394,- The Secret Formula for Catchy Pop Music,source_232,source_232,True,Company_A,content_editor_02,Entertainment,English,speech,reels,Instagram,,True,2025-09-06 00:00:00.000000,25.31,18.5,100.0,78.0,Suggested,8.07,1912898.0,148616.0,12515.0,481.0,6663.26,key_moments,2025-09-06 02:18:52.921316,WS-ENTERTAINMENT
IG0025541,- From GarageBand to Glory: Pop Song Production,source_232,source_232,True,Company_A,content_editor_02,Entertainment,English,interview,reels,Instagram,,True,2025-09-06 00:00:00.000000,19.93,11.5,82.0,184.0,Suggested,20.07,2132174.0,139505.0,6507.0,5544.0,1942.65,full_package,2025-09-06 04:51:52.699780,WS-ENTERTAINMENT
IG0004748,- Stop Making Bad Music: Pop Songwriting Masterclass,source_232,source_232,False,Company_A,content_editor_02,Entertainment,English,speech,,,,False,2025-09-06 00:00:00.000000,43.19,,,,,,,,,,,key_moments,2025-09-06 01:25:08.423918,WS-ENTERTAINMENT
IG0019329,- Eurorack Ambient: From Zero to Bliss,source_233,source_233,True,Company_A,content_editor_02,Entertainment,English,interview,reels,Instagram,,True,2025-09-06 00:00:00.000000,31.59,8.5,10.0,284.0,Channel Page,22.78,1432307.0,131409.0,4181.0,5889.0,39.79,key_moments,2025-09-06 03:39:36.740362,WS-ENTERTAINMENT
YT0001974,- Modular Magic: Crafting Soundscapes From Scratch,source_233,source_233,True,Company_A,content_editor_02,Entertainment,English,interview,shorts,Youtube,,True,2025-09-09 00:00:00.000000,72.15,54.516666666666666,82.27,130.0,Channel Page,20.98,1292753.0,87083.0,5299.0,2431.0,16883.5935,full_package,2025-09-09 06:02:38.915829,WS-ENTERTAINMENT
IG0001974,- Modular Magic: Crafting Soundscapes From Scratch,source_233,source_233,True,Company_A,content_editor_02,Entertainment,English,special_report,reels,Instagram,,True,2025-09-09 00:00:00.000000,72.15,55.5,96.0,116.0,Channel Page,20.98,2261557.0,203858.0,9073.0,5453.0,28947.93,full_package,2025-09-09 03:22:03.591165,WS-ENTERTAINMENT
YT0021878,- Trash to Treasure: Making Music with Household Objects!,source_234,source_234,True,Company_A,content_editor_02,Entertainment,English,discussion_show,shorts,Youtube,,True,2025-09-10 00:00:00.000000,67.18,18.71666666666667,21.5,198.0,Notifications,2.33,1764924.0,75425.0,4162.0,589.0,5499.045666666667,key_moments,2025-09-10 01:47:49.280175,WS-ENTERTAINMENT
IG0021878,- Trash to Treasure: Making Music with Household Objects!,source_234,source_234,True,Company_A,content_editor_02,Entertainment,English,interview,reels,Instagram,,True,2025-09-10 00:00:00.000000,67.18,19.5,25.0,179.0,Notifications,2.33,3237244.0,185430.0,5127.0,1421.0,2697.7,chapters,2025-09-10 09:07:11.109474,WS-ENTERTAINMENT
YT0003802,- From Junk Drawer to Jam: Music Production Challenge!,source_234,source_234,True,Company_A,content_editor_02,Entertainment,English,interview,shorts,Youtube,,True,2025-09-11 00:00:00.000000,51.68,41.91666666666666,93.83,173.0,Search,1.54,574019.0,93248.0,5303.0,717.0,5487.728,chapters,2025-09-11 07:10:27.344006,WS-ENTERTAINMENT
YT0009630,- I Made a Song... From My Kitchen?! (DIY Music),source_234,source_234,True,Company_A,content_editor_02,Entertainment,English,special_report,shorts,Youtube,,True,2025-09-11 00:00:00.000000,22.35,8.516666666666666,13.83,59.0,Notifications,16.42,1683937.0,93285.0,4074.0,138.0,475.5563333333333,full_package,2025-09-11 01:44:20.615291,WS-ENTERTAINMENT
IG0003802,- From Junk Drawer to Jam: Music Production Challenge!,source_234,source_234,True,Company_A,content_editor_02,Entertainment,English,speech,reels,Instagram,,True,2025-09-11 00:00:00.000000,51.68,39.5,100.0,132.0,Search,1.54,1023183.0,163710.0,6931.0,1104.0,9276.86,summary,2025-09-11 01:25:13.796864,WS-ENTERTAINMENT
IG0009630,- I Made a Song... From My Kitchen?! (DIY Music),source_234,source_234,True,Company_A,content_editor_02,Entertainment,English,interview,reels,Instagram,,True,2025-09-11 00:00:00.000000,22.35,8.5,15.0,46.0,Notifications,16.42,2649196.0,212259.0,7251.0,297.0,110.38,key_moments,2025-09-11 01:52:04.036701,WS-ENTERTAINMENT
YT0019168,- No Instruments? No Problem! Household Music Hack,source_234,source_234,True,Company_A,content_editor_02,Entertainment,English,interview,shorts,Youtube,,True,2025-09-12 00:00:00.000000,34.3,17.7,52.85,378.0,Channel Page,4.85,1224213.0,80535.0,2973.0,2355.0,3468.6035,key_moments,2025-09-12 06:11:14.593833,WS-ENTERTAINMENT
IG0019168,- No Instruments? No Problem! Household Music Hack,source_234,source_234,True,Company_A,content_editor_02,Entertainment,English,speech,reels,Instagram,,True,2025-09-12 00:00:00.000000,34.3,16.5,57.0,376.0,Channel Page,4.85,2015335.0,170261.0,3972.0,5083.0,2871.85,summary,2025-09-12 04:59:11.730658,WS-ENTERTAINMENT
YT0000988,- Turning Trash into Bangers: The Ultimate Music Production Experiment,source_234,source_234,True,Company_A,content_editor_02,Entertainment,English,interview,shorts,Youtube,,True,2025-09-14 00:00:00.000000,59.6,21.866666666666667,32.21,171.0,Shorts Feed,12.59,1877167.0,75552.0,4202.0,1254.0,7491.286833333334,key_moments,2025-09-14 07:31:33.514355,WS-ENTERTAINMENT
YT0013346,- Hit Song Deconstructed: From Idea to MASTERPIECE!,source_235,source_235,True,Company_A,content_editor_02,Entertainment,English,interview,shorts,Youtube,,True,2025-09-14 00:00:00.000000,49.55,14.866666666666667,21.32,252.0,Shorts Feed,10.78,1751727.0,77480.0,3808.0,997.0,3584.5525,full_package,2025-09-14 03:04:52.930707,WS-ENTERTAINMENT
IG0000988,- Turning Trash into Bangers: The Ultimate Music Production Experiment,source_234,source_234,True,Company_A,content_editor_02,Entertainment,English,interview,reels,Instagram,,True,2025-09-14 00:00:00.000000,59.6,23.5,37.0,128.0,Shorts Feed,12.59,3521589.0,167998.0,5970.0,3126.0,5791.06,key_moments,2025-09-14 01:54:31.901263,WS-ENTERTAINMENT
IG0013346,- Hit Song Deconstructed: From Idea to MASTERPIECE!,source_235,source_235,True,Company_A,content_editor_02,Entertainment,English,special_report,reels,Instagram,,True,2025-09-14 00:00:00.000000,49.55,14.5,23.0,252.0,Shorts Feed,10.78,3430572.0,154033.0,5109.0,2372.0,1534.23,chapters,2025-09-14 08:20:33.258892,WS-ENTERTAINMENT
YT0007057,- Stop Making BORING Music: Songwriting Secrets REVEALED,source_235,source_235,True,Company_A,content_editor_02,Entertainment,English,special_report,shorts,Youtube,,True,2025-09-15 00:00:00.000000,35.83,7.7,0.96,367.0,Notifications,10.23,601992.0,99310.0,7340.0,2559.0,33.444,my_key_moments,2025-09-15 02:34:08.574170,WS-ENTERTAINMENT
IG0007057,- Stop Making BORING Music: Songwriting Secrets REVEALED,source_235,source_235,True,Company_A,content_editor_02,Entertainment,English,speech,reels,Instagram,,True,2025-09-15 00:00:00.000000,35.83,7.5,1.0,326.0,Notifications,10.23,786704.0,178939.0,12047.0,4269.0,0.0,key_moments,2025-09-15 04:38:37.676811,WS-ENTERTAINMENT
YT0001046,- Pro Music Production: Mixing & Mastering SECRETS 🤫,source_235,source_235,True,Company_A,content_editor_02,Entertainment,English,special_report,shorts,Youtube,,True,2025-09-16 00:00:00.000000,62.66,14.45,14.58,262.0,Suggested,3.67,1105492.0,83309.0,6470.0,352.0,2134.213666666667,chapters,2025-09-16 01:09:27.383310,WS-ENTERTAINMENT
YT0026181,- Level Up Your Music: The ULTIMATE Songwriting Guide,source_235,source_235,True,Company_A,content_editor_02,Entertainment,English,special_report,shorts,Youtube,,True,2025-09-16 00:00:00.000000,41.71,10.116666666666667,9.8,390.0,Suggested,23.14,1970647.0,76202.0,5962.0,159.0,1432.3685,chapters,2025-09-16 02:32:08.303553,WS-ENTERTAINMENT
IG0001046,- Pro Music Production: Mixing & Mastering SECRETS 🤫,source_235,source_235,True,Company_A,content_editor_02,Entertainment,English,discussion_show,reels,Instagram,,True,2025-09-16 00:00:00.000000,62.66,13.5,16.0,192.0,Suggested,3.67,1849905.0,202610.0,8396.0,682.0,493.31,key_moments,2025-09-16 08:58:09.602143,WS-ENTERTAINMENT
IG0026181,- Level Up Your Music: The ULTIMATE Songwriting Guide,source_235,source_235,True,Company_A,content_editor_02,Entertainment,English,special_report,reels,Instagram,,True,2025-09-16 00:00:00.000000,41.71,10.5,11.0,352.0,Suggested,23.14,2946897.0,157109.0,10476.0,274.0,270.13,key_moments,2025-09-16 02:15:19.012661,WS-ENTERTAINMENT
YT0022999,- Hit Song Deconstructed: Anatomy of a Banger!,source_236,source_236,True,Company_A,content_editor_02,Entertainment,English,special_report,shorts,Youtube,,True,2025-09-17 00:00:00.000000,46.510000000000005,27.183333333333334,62.47,304.0,Notifications,29.9,1401338.0,92035.0,3138.0,2201.0,7661.945333333333,full_package,2025-09-17 07:40:28.041788,WS-ENTERTAINMENT
YT0020485,- Steal These Secrets: The Formula for a Chart-Topping Hit,source_236,source_236,True,Company_A,content_editor_02,Entertainment,English,discussion_show,shorts,Youtube,,True,2025-09-17 00:00:00.000000,73.47,35.45,47.8,2.0,Browse,9.6,1455694.0,74485.0,2291.0,2924.0,11301.8465,key_moments,2025-09-17 00:37:10.916415,WS-ENTERTAINMENT
YT0003910,- Unlock the Code: Deconstructing Music's Biggest Hits,source_236,source_236,True,Company_A,content_editor_02,Entertainment,English,interview,shorts,Youtube,,True,2025-09-17 00:00:00.000000,35.43,10.166666666666666,13.05,359.0,Playlist,24.24,1571683.0,78928.0,5400.0,2648.0,1164.2096666666666,key_moments,2025-09-17 02:33:24.706035,WS-ENTERTAINMENT
IG0022999,- Hit Song Deconstructed: Anatomy of a Banger!,source_236,source_236,True,Company_A,content_editor_02,Entertainment,English,speech,reels,Instagram,,True,2025-09-17 00:00:00.000000,46.510000000000005,25.5,73.0,274.0,Notifications,29.9,2459608.0,169566.0,4086.0,5133.0,8977.57,summary,2025-09-17 03:29:15.320122,WS-ENTERTAINMENT
IG0020485,- Steal These Secrets: The Formula for a Chart-Topping Hit,source_236,source_236,True,Company_A,content_editor_02,Entertainment,English,speech,reels,Instagram,,True,2025-09-17 00:00:00.000000,73.47,36.5,53.0,1.0,Browse,9.6,2105252.0,125494.0,2772.0,6250.0,8988.26,chapters,2025-09-17 16:07:27.430828,WS-ENTERTAINMENT
IG0003910,- Unlock the Code: Deconstructing Music's Biggest Hits,source_236,source_236,True,Company_A,content_editor_02,Entertainment,English,interview,reels,Instagram,,True,2025-09-17 00:00:00.000000,35.43,10.5,15.0,319.0,Playlist,24.24,2091856.0,171758.0,9519.0,4789.0,261.48,key_moments,2025-09-17 01:34:11.821613,WS-ENTERTAINMENT
YT0007444,- From Verse to Victory: The Ultimate Songwriting Analysis,source_236,source_236,True,Company_A,content_editor_02,Entertainment,English,special_report,shorts,Youtube,,True,2025-09-18 00:00:00.000000,60.67,51.81666666666667,97.04,334.0,Browse,23.66,1326561.0,79906.0,1292.0,2761.0,16330.2115,full_package,2025-09-18 06:50:31.419488,WS-ENTERTAINMENT
IG0007444,- From Verse to Victory: The Ultimate Songwriting Analysis,source_236,source_236,True,Company_A,content_editor_02,Entertainment,English,interview,reels,Instagram,,True,2025-09-18 00:00:00.000000,60.67,50.5,100.0,273.0,Browse,23.66,1844912.0,128862.0,2118.0,5400.0,24901.19,key_moments,2025-09-18 09:19:01.169734,WS-ENTERTAINMENT
YT0023372,- Why Is This Song So Good?! (Music Theory Secrets),source_236,source_236,True,Company_A,content_editor_02,Entertainment,English,interview,shorts,Youtube,,True,2025-09-20 00:00:00.000000,47.77,22.65,46.23,212.0,Notifications,25.03,1531020.0,79825.0,2773.0,2291.0,6443.0425,chapters,2025-09-20 02:14:45.210178,WS-ENTERTAINMENT
IG0023372,- Why Is This Song So Good?! (Music Theory Secrets),source_236,source_236,True,Company_A,content_editor_02,Entertainment,English,special_report,reels,Instagram,,True,2025-09-20 00:00:00.000000,47.77,21.5,51.0,152.0,Notifications,25.03,2929350.0,166548.0,3841.0,5651.0,5809.88,key_moments,2025-09-20 02:58:00.386773,WS-ENTERTAINMENT
YT0013846,- Hit Song Deconstructed: The Anatomy of a Banger,source_237,source_237,True,Company_A,content_editor_02,Entertainment,English,interview,shorts,Youtube,,True,2025-09-21 00:00:00.000000,25.93,17.883333333333333,95.0,97.0,Playlist,14.0,427032.0,80610.0,4593.0,781.0,1231.6709999999998,key_moments,2025-09-21 04:28:47.586060,WS-ENTERTAINMENT
IG0013846,- Hit Song Deconstructed: The Anatomy of a Banger,source_237,source_237,True,Company_A,content_editor_02,Entertainment,English,speech,reels,Instagram,,True,2025-09-21 00:00:00.000000,25.93,17.5,100.0,73.0,Playlist,14.0,645126.0,163236.0,6775.0,1848.0,1809.94,key_moments,2025-09-21 01:13:21.917462,WS-ENTERTAINMENT
YT0016900,- Steal These Secrets: The Formula For Writing Catchy Songs,source_237,source_237,True,Company_A,content_editor_02,Entertainment,English,discussion_show,shorts,Youtube,,True,2025-09-23 00:00:00.000000,46.24,25.33333333333333,57.08,168.0,Notifications,19.74,1091619.0,89427.0,2655.0,2601.0,5407.557,full_package,2025-09-23 02:46:45.607012,WS-ENTERTAINMENT
IG0016900,- Steal These Secrets: The Formula For Writing Catchy Songs,source_237,source_237,True,Company_A,content_editor_02,Entertainment,English,speech,reels,Instagram,,True,2025-09-23 00:00:00.000000,46.24,23.5,68.0,147.0,Notifications,19.74,1749169.0,221081.0,3923.0,5066.0,5286.38,summary,2025-09-23 11:06:09.547007,WS-ENTERTAINMENT
YT0016671,- From Zero to Hit: Music Theory Hacks You NEED To Know,source_237,source_237,True,Company_A,content_editor_02,Entertainment,English,interview,shorts,Youtube,,True,2025-09-24 00:00:00.000000,32.61,14.9,42.02,319.0,Channel Page,3.48,378353.0,79194.0,1129.0,341.0,777.7256666666667,key_moments,2025-09-24 06:04:35.166754,WS-ENTERTAINMENT
IG0016671,- From Zero to Hit: Music Theory Hacks You NEED To Know,source_237,source_237,True,Company_A,content_editor_02,Entertainment,English,interview,reels,Instagram,,True,2025-09-24 00:00:00.000000,32.61,15.5,45.0,319.0,Channel Page,3.48,500017.0,183930.0,1965.0,768.0,500.02,key_moments,2025-09-24 03:31:42.860127,WS-ENTERTAINMENT
YT0027350,- From Empty Project to Finished Track: Music Production Magic!,source_238,source_238,True,Company_A,content_editor_02,Entertainment,English,interview,shorts,Youtube,,True,2025-09-25 00:00:00.000000,62.0,27.683333333333334,42.94,339.0,Suggested,0.88,1181205.0,92103.0,118.0,2045.0,6622.404,key_moments,2025-09-25 04:22:43.325894,WS-ENTERTAINMENT
YT0015164,- Crafting a Banger From Scratch: Sound Design Secrets REVEALED!,source_238,source_238,False,Company_A,content_editor_02,Entertainment,English,interview,,,,False,2025-09-25 00:00:00.000000,39.1,,,,,,,,,,,chapters,2025-09-25 06:21:58.684594,WS-ENTERTAINMENT
IG0027350,- From Empty Project to Finished Track: Music Production Magic!,source_238,source_238,True,Company_A,content_editor_02,Entertainment,English,discussion_show,reels,Instagram,,True,2025-09-25 00:00:00.000000,62.0,25.5,49.0,271.0,Suggested,0.88,1899017.0,181425.0,151.0,3535.0,4652.59,key_moments,2025-09-25 07:25:13.159921,WS-ENTERTAINMENT
IG0015164,- Crafting a Banger From Scratch: Sound Design Secrets REVEALED!,source_238,source_238,True,Company_A,content_editor_02,Entertainment,English,special_report,reels,Instagram,,True,2025-09-25 00:00:00.000000,39.1,22.5,78.0,357.0,Channel Page,22.64,2254748.0,234677.0,9959.0,2441.0,7327.93,chapters,2025-09-25 02:33:46.657870,WS-ENTERTAINMENT
YT0025719,- Ableton Alchemy: Turning Nothing into a Sonic Masterpiece!,source_238,source_238,True,Company_A,content_editor_02,Entertainment,English,interview,shorts,Youtube,,True,2025-09-27 00:00:00.000000,48.18,9.966666666666669,7.43,323.0,Notifications,16.05,1751605.0,78080.0,1925.0,2480.0,1200.1738333333333,key_moments,2025-09-27 13:39:16.297237,WS-ENTERTAINMENT
IG0025719,- Ableton Alchemy: Turning Nothing into a Sonic Masterpiece!,source_238,source_238,True,Company_A,content_editor_02,Entertainment,English,speech,reels,Instagram,,True,2025-09-27 00:00:00.000000,48.18,10.5,8.0,232.0,Notifications,16.05,2615964.0,181956.0,2701.0,4987.0,174.4,key_moments,2025-09-27 11:27:57.054627,WS-ENTERTAINMENT
YT0021556,- Music Production Demystified: The ULTIMATE Start-to-Finish Guide!,source_238,source_238,False,Company_A,content_editor_02,Entertainment,English,interview,,,,False,2025-09-29 00:00:00.000000,69.53999999999999,,,,,,,,,,,key_moments,2025-09-29 06:52:35.168880,WS-ENTERTAINMENT
IG0021556,- Music Production Demystified: The ULTIMATE Start-to-Finish Guide!,source_238,source_238,True,Company_A,content_editor_02,Entertainment,English,interview,reels,Instagram,,True,2025-09-29 00:00:00.000000,69.53999999999999,34.5,51.0,272.0,Channel Page,24.59,1248600.0,143222.0,5288.0,1543.0,4775.9,key_moments,2025-09-29 02:02:16.488439,WS-ENTERTAINMENT
YT0027157,- Household Objects to HIT SONG?! (DIY Music Challenge),source_239,source_239,True,Company_A,content_editor_02,Entertainment,English,interview,shorts,Youtube,,True,2025-09-30 00:00:00.000000,44.870000000000005,17.083333333333336,32.08,351.0,Notifications,12.14,687700.0,94036.0,3513.0,2492.0,1830.6828333333333,key_moments,2025-09-30 01:46:06.494990,WS-ENTERTAINMENT
YT0025657,- I Made a Song From My TRASH! (Sound Design Experiment),source_239,source_239,True,Company_A,content_editor_02,Entertainment,English,special_report,shorts,Youtube,,True,2025-09-30 00:00:00.000000,58.56,43.266666666666666,82.11,71.0,Search,4.16,1174707.0,88102.0,1639.0,1463.0,11670.931666666667,summary,2025-09-30 03:04:48.906224,WS-ENTERTAINMENT
IG0027157,- Household Objects to HIT SONG?! (DIY Music Challenge),source_239,source_239,True,Company_A,content_editor_02,Entertainment,English,speech,reels,Instagram,,True,2025-09-30 00:00:00.000000,44.870000000000005,17.5,36.0,254.0,Notifications,12.14,1226535.0,208265.0,4929.0,5339.0,1226.54,key_moments,2025-09-30 04:11:57.307579,WS-ENTERTAINMENT
IG0025657,- I Made a Song From My TRASH! (Sound Design Experiment),source_239,source_239,True,Company_A,content_editor_02,Entertainment,English,interview,reels,Instagram,,True,2025-09-30 00:00:00.000000,58.56,40.5,91.0,63.0,Search,4.16,1968081.0,200737.0,2431.0,2755.0,16417.08,full_package,2025-09-30 00:58:18.851298,WS-ENTERTAINMENT
YT0011241,- UNLOCK Your Music Potential: From Zero to PRO,source_240,source_240,True,Company_A,content_editor_02,Entertainment,English,discussion_show,shorts,Youtube,,True,2025-10-03 00:00:00.000000,33.0,25.23333333333333,98.52,123.0,Search,18.88,336145.0,81991.0,3188.0,1866.0,1655.8253333333334,key_moments,2025-10-03 05:56:31.266118,WS-ENTERTAINMENT
YT0022056,- Song Structure SECRETS: Create a Track That Captivates,source_240,source_240,True,Company_A,content_editor_02,Entertainment,English,speech,shorts,Youtube,,True,2025-10-03 00:00:00.000000,25.77,7.683333333333334,1.7,42.0,Playlist,5.36,1439812.0,92562.0,4546.0,1031.0,73.32383333333334,summary,2025-10-03 11:12:14.130357,WS-ENTERTAINMENT
YT0021277,- Mix & Master Like a PRO: Make Your Music SHINE,source_240,source_240,True,Company_A,content_editor_02,Entertainment,English,speech,shorts,Youtube,,True,2025-10-03 00:00:00.000000,58.57,34.766666666666666,62.58,381.0,Search,20.35,1290406.0,92447.0,262.0,596.0,9773.630666666666,summary,2025-10-03 06:20:37.582141,WS-ENTERTAINMENT
IG0011241,- UNLOCK Your Music Potential: From Zero to PRO,source_240,source_240,True,Company_A,content_editor_02,Entertainment,English,interview,reels,Instagram,,True,2025-10-03 00:00:00.000000,33.0,26.5,100.0,101.0,Search,18.88,464647.0,189841.0,4029.0,4405.0,2550.4,key_moments,2025-10-03 02:19:44.510071,WS-ENTERTAINMENT
IG0022056,- Song Structure SECRETS: Create a Track That Captivates,source_240,source_240,True,Company_A,content_editor_02,Entertainment,English,interview,reels,Instagram,,True,2025-10-03 00:00:00.000000,25.77,7.5,2.0,30.0,Playlist,5.36,2346101.0,227830.0,7151.0,2364.0,0.0,chapters,2025-10-03 02:07:07.083177,WS-ENTERTAINMENT
IG0021277,- Mix & Master Like a PRO: Make Your Music SHINE,source_240,source_240,True,Company_A,content_editor_02,Entertainment,English,speech,reels,Instagram,,True,2025-10-03 00:00:00.000000,58.57,32.5,68.0,337.0,Search,20.35,1746374.0,152052.0,364.0,1320.0,8246.77,chapters,2025-10-03 05:05:03.825504,WS-ENTERTAINMENT
YT0021051,- Household Objects to Hottest Track: Sound Design Secrets,source_241,source_241,True,Company_A,content_editor_02,Entertainment,English,interview,shorts,Youtube,,True,2025-10-04 00:00:00.000000,29.75,21.116666666666667,92.32,58.0,Channel Page,0.14,563426.0,83044.0,6479.0,527.0,2131.1066666666666,chapters,2025-10-04 03:32:17.943728,WS-ENTERTAINMENT
YT0017539,- From Trash to Treasure: Making Music with Everyday Sounds,source_241,source_241,False,Company_A,content_editor_02,Entertainment,English,special_report,,,,False,2025-10-04 00:00:00.000000,65.2,,,,,,,,,,,chapters,2025-10-04 05:42:05.358999,WS-ENTERTAINMENT
IG0021051,- Household Objects to Hottest Track: Sound Design Secrets,source_241,source_241,True,Company_A,content_editor_02,Entertainment,English,speech,reels,Instagram,,True,2025-10-04 00:00:00.000000,29.75,19.5,100.0,45.0,Channel Page,0.14,732887.0,201502.0,8737.0,1199.0,2589.53,summary,2025-10-04 06:28:23.540566,WS-ENTERTAINMENT
IG0017539,- From Trash to Treasure: Making Music with Everyday Sounds,source_241,source_241,True,Company_A,content_editor_02,Entertainment,English,interview,reels,Instagram,,True,2025-10-04 00:00:00.000000,65.2,12.5,11.0,234.0,Notifications,22.34,2199519.0,131665.0,8402.0,6562.0,336.04,key_moments,2025-10-04 09:34:52.455870,WS-ENTERTAINMENT
YT0022408,- I Made a Song With *Only* Household Sounds (You Won't Believe It),source_241,source_241,True,Company_A,content_editor_02,Entertainment,English,speech,shorts,Youtube,,True,2025-10-05 00:00:00.000000,28.49,12.416666666666668,36.45,26.0,Search,17.58,883131.0,83781.0,3376.0,2379.0,1206.128,chapters,2025-10-05 01:37:01.334107,WS-ENTERTAINMENT
IG0022408,- I Made a Song With *Only* Household Sounds (You Won't Believe It),source_241,source_241,False,Company_A,content_editor_02,Entertainment,English,discussion_show,,,,False,2025-10-05 00:00:00.000000,28.49,,,,,,,,,,,key_moments,2025-10-05 04:46:33.361755,WS-ENTERTAINMENT
YT0017845,- Music Production: From Start to FINISH!,source_242,source_242,True,Company_A,content_editor_02,Entertainment,English,speech,shorts,Youtube,,True,2025-10-06 00:00:00.000000,55.16,25.98333333333333,46.02,290.0,External,7.46,1042216.0,78575.0,1684.0,2217.0,5351.007166666666,summary,2025-10-06 02:59:26.594120,WS-ENTERTAINMENT
YT0007651,- Make a Song From SCRATCH (in Minutes!),source_242,source_242,True,Company_A,content_editor_02,Entertainment,English,special_report,shorts,Youtube,,True,2025-10-06 00:00:00.000000,45.99,15.0,24.2,30.0,External,1.99,290783.0,84723.0,3035.0,2300.0,605.798,summary,2025-10-06 03:41:47.398669,WS-ENTERTAINMENT
IG0017845,- Music Production: From Start to FINISH!,source_242,source_242,True,Company_A,content_editor_02,Entertainment,English,speech,reels,Instagram,,True,2025-10-06 00:00:00.000000,55.16,26.5,54.0,265.0,External,7.46,1523034.0,184659.0,2999.0,3567.0,4340.65,my_key_moments,2025-10-06 07:59:13.378941,WS-ENTERTAINMENT
IG0007651,- Make a Song From SCRATCH (in Minutes!),source_242,source_242,True,Company_A,content_editor_02,Entertainment,English,special_report,reels,Instagram,,True,2025-10-06 00:00:00.000000,45.99,15.5,27.0,22.0,External,1.99,545952.0,160820.0,4683.0,5174.0,327.57,chapters,2025-10-06 08:42:46.138052,WS-ENTERTAINMENT
YT0026355,- Secret Mixing & Mastering TRICKS REVEALED!,source_242,source_242,True,Company_A,content_editor_02,Entertainment,English,speech,shorts,Youtube,,True,2025-10-07 00:00:00.000000,43.42,31.866666666666667,85.74,347.0,Suggested,26.31,227067.0,90742.0,6289.0,2632.0,1536.9071666666666,summary,2025-10-07 12:14:38.984499,WS-ENTERTAINMENT
IG0026355,- Secret Mixing & Mastering TRICKS REVEALED!,source_242,source_242,True,Company_A,content_editor_02,Entertainment,English,speech,reels,Instagram,,True,2025-10-07 00:00:00.000000,43.42,30.5,93.0,286.0,Suggested,26.31,445047.0,213855.0,10233.0,5138.0,2644.32,chapters,2025-10-07 05:37:20.800760,WS-ENTERTAINMENT
YT0022419,- Level Up Your Music Production Game NOW!,source_242,source_242,True,Company_A,content_editor_02,Entertainment,English,speech,shorts,Youtube,,True,2025-10-08 00:00:00.000000,17.509999999999998,8.983333333333334,59.1,391.0,Playlist,20.31,1280181.0,84617.0,4831.0,2812.0,527.482,summary,2025-10-08 03:39:46.779491,WS-ENTERTAINMENT
YT0016898,- Household Objects Turned HIT SONG?! You Won't Believe Your Ears!,source_243,source_243,True,Company_A,content_editor_02,Entertainment,English,interview,shorts,Youtube,,True,2025-10-08 00:00:00.000000,31.58,19.383333333333333,71.67,208.0,Channel Page,5.57,1607066.0,86219.0,1201.0,2944.0,5304.805833333333,key_moments,2025-10-08 03:16:02.604994,WS-ENTERTAINMENT
IG0022419,- Level Up Your Music Production Game NOW!,source_242,source_242,True,Company_A,content_editor_02,Entertainment,English,interview,reels,Instagram,,True,2025-10-08 00:00:00.000000,17.509999999999998,8.5,63.0,370.0,Playlist,20.31,2249565.0,183593.0,8218.0,5195.0,393.67,key_moments,2025-10-08 00:59:54.569393,WS-ENTERTAINMENT
IG0016898,- Household Objects Turned HIT SONG?! You Won't Believe Your Ears!,source_243,source_243,True,Company_A,content_editor_02,Entertainment,English,interview,reels,Instagram,,True,2025-10-08 00:00:00.000000,31.58,19.5,79.0,202.0,Channel Page,5.57,2205717.0,185552.0,1760.0,6556.0,5808.39,summary,2025-10-08 11:40:56.596316,WS-ENTERTAINMENT
YT0000369,- From Trash to Treasure: Making Music with Everyday Sounds,source_243,source_243,False,Company_A,content_editor_02,Entertainment,English,special_report,,,,False,2025-10-10 00:00:00.000000,46.53,,,,,,,,,,,summary,2025-10-10 03:05:30.726927,WS-ENTERTAINMENT
YT0018856,- I Made a Song Using ONLY Household Items (The Results Will Shock You!),source_243,source_243,True,Company_A,content_editor_02,Entertainment,English,special_report,shorts,Youtube,,True,2025-10-10 00:00:00.000000,43.18,9.3,6.39,383.0,Notifications,22.72,1574127.0,75365.0,1599.0,1581.0,787.0635,full_package,2025-10-10 05:59:43.860894,WS-ENTERTAINMENT
IG0000369,- From Trash to Treasure: Making Music with Everyday Sounds,source_243,source_243,True,Company_A,content_editor_02,Entertainment,English,special_report,reels,Instagram,,True,2025-10-10 00:00:00.000000,46.53,15.5,26.0,236.0,Suggested,8.54,2345791.0,207852.0,10878.0,6739.0,1355.35,key_moments,2025-10-10 06:53:09.630164,WS-ENTERTAINMENT
IG0018856,- I Made a Song Using ONLY Household Items (The Results Will Shock You!),source_243,source_243,True,Company_A,content_editor_02,Entertainment,English,interview,reels,Instagram,,True,2025-10-10 00:00:00.000000,43.18,9.5,7.0,369.0,Notifications,22.72,3138625.0,124145.0,2290.0,2989.0,122.06,key_moments,2025-10-10 01:28:37.353937,WS-ENTERTAINMENT
YT0014259,- From Spark to Speaker: The Hit Song Formula,source_244,source_244,True,Company_A,content_editor_02,Entertainment,English,speech,shorts,Youtube,,True,2025-10-11 00:00:00.000000,65.38,19.48333333333333,23.79,206.0,Browse,29.78,799121.0,91029.0,5598.0,2624.0,2660.037,summary,2025-10-11 01:54:39.535208,WS-ENTERTAINMENT
YT0026849,- Demystifying Music Production: A-Z Guide,source_244,source_244,False,Company_A,content_editor_02,Entertainment,English,discussion_show,,,,False,2025-10-11 00:00:00.000000,58.04,,,,,,,,,,,my_key_moments,2025-10-11 13:47:22.341668,WS-ENTERTAINMENT
IG0014259,- From Spark to Speaker: The Hit Song Formula,source_244,source_244,True,Company_A,content_editor_02,Entertainment,English,interview,reels,Instagram,,True,2025-10-11 00:00:00.000000,65.38,19.5,25.0,170.0,Browse,29.78,1278788.0,225351.0,9721.0,4088.0,1065.66,key_moments,2025-10-11 05:02:46.452413,WS-ENTERTAINMENT
IG0026849,- Demystifying Music Production: A-Z Guide,source_244,source_244,False,Company_A,content_editor_02,Entertainment,English,speech,,,,False,2025-10-11 00:00:00.000000,58.04,,,,,,,,,,,summary,2025-10-11 02:30:49.954003,WS-ENTERTAINMENT
YT0023286,- Level Up Your Music: Recording & Mixing Secrets,source_244,source_244,True,Company_A,content_editor_02,Entertainment,English,special_report,shorts,Youtube,,True,2025-10-12 00:00:00.000000,70.35,57.36666666666667,90.09,238.0,Shorts Feed,1.63,1245595.0,75639.0,7764.0,764.0,17253.797333333332,full_package,2025-10-12 03:36:55.625506,WS-ENTERTAINMENT
YT0002179,- Stop Making Basic Tracks: Pro Music Production Tips,source_244,source_244,True,Company_A,content_editor_02,Entertainment,English,special_report,shorts,Youtube,,True,2025-10-12 00:00:00.000000,29.74,20.433333333333334,87.74,385.0,Playlist,0.3,1736619.0,82446.0,4906.0,2247.0,6238.9645,chapters,2025-10-12 09:32:16.802236,WS-ENTERTAINMENT
IG0023286,- Level Up Your Music: Recording & Mixing Secrets,source_244,source_244,True,Company_A,content_editor_02,Entertainment,English,interview,reels,Instagram,,True,2025-10-12 00:00:00.000000,70.35,61.5,100.0,197.0,Shorts Feed,1.63,2114609.0,178334.0,12038.0,1676.0,32353.52,full_package,2025-10-12 08:26:47.211187,WS-ENTERTAINMENT
IG0002179,- Stop Making Basic Tracks: Pro Music Production Tips,source_244,source_244,True,Company_A,content_editor_02,Entertainment,English,speech,reels,Instagram,,True,2025-10-12 00:00:00.000000,29.74,20.5,100.0,335.0,Playlist,0.3,3110810.0,151478.0,6224.0,5444.0,11345.82,summary,2025-10-12 01:14:16.495954,WS-ENTERTAINMENT
YT0021143,- Synth Gunshots: From Zero to BOOM!,source_245,source_245,False,Company_A,content_editor_02,Entertainment,English,discussion_show,,,,False,2025-10-13 00:00:00.000000,65.6,,,,,,,,,,,full_package,2025-10-13 14:47:11.763770,WS-ENTERTAINMENT
YT0001534,- Hyperrealistic Gun Sound Design: The Only Tutorial You Need,source_245,source_245,True,Company_A,content_editor_02,Entertainment,English,speech,shorts,Youtube,,True,2025-10-13 00:00:00.000000,70.16,51.28333333333333,79.38,325.0,Playlist,11.82,1795969.0,95364.0,3546.0,2945.0,21842.6415,summary,2025-10-13 08:39:51.531490,WS-ENTERTAINMENT
IG0021143,- Synth Gunshots: From Zero to BOOM!,source_245,source_245,True,Company_A,content_editor_02,Entertainment,English,discussion_show,reels,Instagram,,True,2025-10-13 00:00:00.000000,65.6,58.5,100.0,204.0,Suggested,9.47,105422.0,140663.0,7615.0,4898.0,1568.15,key_moments,2025-10-13 03:32:26.388889,WS-ENTERTAINMENT
IG0001534,- Hyperrealistic Gun Sound Design: The Only Tutorial You Need,source_245,source_245,True,Company_A,content_editor_02,Entertainment,English,discussion_show,reels,Instagram,,True,2025-10-13 00:00:00.000000,70.16,53.5,93.0,266.0,Playlist,11.82,2622676.0,163476.0,4925.0,6924.0,31166.13,chapters,2025-10-13 01:32:30.290408,WS-ENTERTAINMENT
YT0014580,- Level Up Your SFX: Synthesize a Gunshot From SCRATCH,source_245,source_245,True,Company_A,content_editor_02,Entertainment,English,interview,shorts,Youtube,,True,2025-10-15 00:00:00.000000,44.9,16.7,30.77,285.0,Suggested,25.09,947900.0,93913.0,1488.0,2069.0,2422.4111666666668,key_moments,2025-10-15 09:17:42.824915,WS-ENTERTAINMENT
YT0019804,- From Idea to Master: Watch Me Make a Song!,source_246,source_246,True,Company_A,content_editor_02,Entertainment,English,special_report,shorts,Youtube,,True,2025-10-15 00:00:00.000000,24.880000000000003,8.616666666666667,11.3,25.0,Shorts Feed,17.36,225785.0,99303.0,3008.0,2540.0,70.03516666666665,chapters,2025-10-15 05:51:20.958806,WS-ENTERTAINMENT
IG0014580,- Level Up Your SFX: Synthesize a Gunshot From SCRATCH,source_245,source_245,True,Company_A,content_editor_02,Entertainment,English,special_report,reels,Instagram,,True,2025-10-15 00:00:00.000000,44.9,17.5,35.0,216.0,Suggested,25.09,1635323.0,211463.0,2042.0,3408.0,1589.9,key_moments,2025-10-15 01:14:46.125915,WS-ENTERTAINMENT
IG0019804,- From Idea to Master: Watch Me Make a Song!,source_246,source_246,True,Company_A,content_editor_02,Entertainment,English,discussion_show,reels,Instagram,,True,2025-10-15 00:00:00.000000,24.880000000000003,8.5,13.0,21.0,Shorts Feed,17.36,322558.0,238730.0,3848.0,5502.0,11.65,key_moments,2025-10-15 03:19:19.976053,WS-ENTERTAINMENT
YT0001506,- Music Production Secrets: My Full Workflow Revealed,source_246,source_246,True,Company_A,content_editor_02,Entertainment,English,interview,shorts,Youtube,,True,2025-10-17 00:00:00.000000,35.510000000000005,26.78333333333333,94.02,328.0,Search,21.19,1094792.0,84936.0,375.0,919.0,5864.232999999999,full_package,2025-10-19 00:46:32.603816,WS-ENTERTAINMENT
YT0024734,- From Scratch to Banger: Music Production Magic!,source_247,source_247,True,Company_A,content_editor_02,Entertainment,English,special_report,shorts,Youtube,,True,2025-10-17 00:00:00.000000,70.6,35.31666666666666,50.03,64.0,Suggested,2.11,1693637.0,86043.0,1832.0,189.0,13086.482166666668,key_moments,2025-10-17 04:03:11.360581,WS-ENTERTAINMENT
IG0001506,- Music Production Secrets: My Full Workflow Revealed,source_246,source_246,True,Company_A,content_editor_02,Entertainment,English,speech,reels,Instagram,,True,2025-10-17 00:00:00.000000,35.510000000000005,26.5,99.0,243.0,Search,21.19,2115699.0,202006.0,668.0,1815.0,11054.53,key_moments,2025-10-17 02:12:33.815345,WS-ENTERTAINMENT
IG0024734,- From Scratch to Banger: Music Production Magic!,source_247,source_247,True,Company_A,content_editor_02,Entertainment,English,interview,reels,Instagram,,True,2025-10-17 00:00:00.000000,70.6,37.5,56.0,59.0,Suggested,2.11,3369308.0,158572.0,3212.0,372.0,15723.44,full_package,2025-10-17 01:47:06.505397,WS-ENTERTAINMENT
YT0000582,"- Ableton Beat Breakdown: Drums, Bass & Beyond",source_247,source_247,True,Company_A,content_editor_02,Entertainment,English,speech,shorts,Youtube,,True,2025-10-18 00:00:00.000000,64.86,52.1,89.45,313.0,Browse,22.43,633484.0,86268.0,82.0,970.0,7848.162833333334,summary,2025-10-18 16:30:36.433286,WS-ENTERTAINMENT
YT0015547,- Building a Song From NOTHING! (Full Production),source_247,source_247,True,Company_A,content_editor_02,Entertainment,English,interview,shorts,Youtube,,True,2025-10-18 00:00:00.000000,49.75,33.733333333333334,75.49,8.0,Notifications,3.85,146836.0,76159.0,7090.0,1321.0,1069.9993333333334,full_package,2025-10-18 07:52:52.937849,WS-ENTERTAINMENT
IG0000582,"- Ableton Beat Breakdown: Drums, Bass & Beyond",source_247,source_247,True,Company_A,content_editor_02,Entertainment,English,discussion_show,reels,Instagram,,True,2025-10-18 00:00:00.000000,64.86,54.5,100.0,244.0,Browse,22.43,906421.0,150886.0,126.0,2359.0,11952.17,key_moments,2025-10-18 12:19:57.337335,WS-ENTERTAINMENT
IG0015547,- Building a Song From NOTHING! (Full Production),source_247,source_247,True,Company_A,content_editor_02,Entertainment,English,speech,reels,Instagram,,True,2025-10-18 00:00:00.000000,49.75,34.5,90.0,8.0,Notifications,3.85,288368.0,154856.0,8658.0,2677.0,1946.48,summary,2025-10-18 04:52:42.684175,WS-ENTERTAINMENT
YT0012709,"- Stop Waiting, Start Creating: My Music Workflow",source_247,source_247,True,Company_A,content_editor_02,Entertainment,English,interview,shorts,Youtube,,True,2025-10-19 00:00:00.000000,36.06,25.633333333333333,86.1,96.0,Search,19.4,1974461.0,75934.0,7344.0,340.0,9945.433166666666,key_moments,2025-10-19 10:54:29.321666,WS-ENTERTAINMENT
IG0012709,"- Stop Waiting, Start Creating: My Music Workflow",source_247,source_247,True,Company_A,content_editor_02,Entertainment,English,speech,reels,Instagram,,True,2025-10-19 00:00:00.000000,36.06,24.5,95.0,84.0,Search,19.4,2944463.0,114921.0,10018.0,674.0,13209.19,chapters,2025-10-19 02:01:45.093868,WS-ENTERTAINMENT
YT0003331,- Hit Song Deconstructed: The Anatomy of a Banger,source_248,source_248,True,Company_A,content_editor_02,Entertainment,English,interview,shorts,Youtube,,True,2025-10-21 00:00:00.000000,28.83,15.05,54.59,359.0,Channel Page,1.17,1686012.0,86852.0,6473.0,1468.0,3535.9418333333333,chapters,2025-10-21 04:33:20.322370,WS-ENTERTAINMENT
IG0003331,- Hit Song Deconstructed: The Anatomy of a Banger,source_248,source_248,True,Company_A,content_editor_02,Entertainment,English,special_report,reels,Instagram,,True,2025-10-21 00:00:00.000000,28.83,14.5,61.0,333.0,Channel Page,1.17,3066860.0,173282.0,9030.0,2494.0,3637.64,chapters,2025-10-21 05:01:57.367680,WS-ENTERTAINMENT
YT0027060,- Unlock the Secrets: Songwriting Essentials Revealed,source_248,source_248,True,Company_A,content_editor_02,Entertainment,English,special_report,shorts,Youtube,,True,2025-10-22 00:00:00.000000,16.45,7.966666666666667,32.18,346.0,Suggested,11.21,1501446.0,84655.0,564.0,356.0,194.63183333333333,my_key_moments,2025-10-22 12:05:18.483334,WS-ENTERTAINMENT
IG0027060,- Unlock the Secrets: Songwriting Essentials Revealed,source_248,source_248,True,Company_A,content_editor_02,Entertainment,English,speech,reels,Instagram,,True,2025-10-22 00:00:00.000000,16.45,8.5,36.0,299.0,Suggested,11.21,2255032.0,155857.0,937.0,598.0,225.5,summary,2025-10-22 05:09:44.030538,WS-ENTERTAINMENT
YT0022035,- From Zero to Hero: Crafting a Chart-Topping Melody,source_248,source_248,True,Company_A,content_editor_02,Entertainment,English,interview,shorts,Youtube,,True,2025-10-24 00:00:00.000000,74.19,51.28333333333333,73.97,84.0,Suggested,8.65,577019.0,80310.0,3628.0,2673.0,7017.726500000001,summary,2025-10-24 02:25:30.466573,WS-ENTERTAINMENT
YT0015059,- Steal These Secrets: The Formula for Hit Songs,source_248,source_248,True,Company_A,content_editor_02,Entertainment,English,interview,shorts,Youtube,,True,2025-10-24 00:00:00.000000,48.69,40.53333333333333,98.05,218.0,Shorts Feed,14.61,1332713.0,98397.0,6502.0,1824.0,12228.875833333334,full_package,2025-10-24 04:12:37.375993,WS-ENTERTAINMENT
YT0003229,- Hit Song Deconstructed: From Idea to MASTERPIECE!,source_249,source_249,True,Company_A,content_editor_02,Entertainment,English,speech,shorts,Youtube,,True,2025-10-24 00:00:00.000000,30.12,16.78333333333333,61.4,177.0,External,12.67,179902.0,96178.0,4132.0,111.0,463.914,full_package,2025-10-24 01:02:46.317165,WS-ENTERTAINMENT
IG0022035,- From Zero to Hero: Crafting a Chart-Topping Melody,source_248,source_248,True,Company_A,content_editor_02,Entertainment,English,special_report,reels,Instagram,,True,2025-10-24 00:00:00.000000,74.19,50.5,83.0,76.0,Suggested,8.65,992880.0,146791.0,6466.0,5367.0,9843.3,summary,2025-10-24 00:37:28.927014,WS-ENTERTAINMENT
IG0015059,- Steal These Secrets: The Formula for Hit Songs,source_248,source_248,True,Company_A,content_editor_02,Entertainment,English,special_report,reels,Instagram,,True,2025-10-24 00:00:00.000000,48.69,37.5,100.0,212.0,Shorts Feed,14.61,2334928.0,233161.0,10262.0,4516.0,20430.62,my_key_moments,2025-10-24 07:46:42.710321,WS-ENTERTAINMENT
IG0003229,- Hit Song Deconstructed: From Idea to MASTERPIECE!,source_249,source_249,True,Company_A,content_editor_02,Entertainment,English,interview,reels,Instagram,,True,2025-10-24 00:00:00.000000,30.12,17.5,69.0,175.0,External,12.67,303732.0,216768.0,6746.0,254.0,582.15,key_moments,2025-10-24 02:57:49.968334,WS-ENTERTAINMENT
YT0016962,- STOP Making Boring Music! (Use These Tips),source_249,source_249,True,Company_A,content_editor_02,Entertainment,English,interview,shorts,Youtube,,True,2025-10-28 00:00:00.000000,18.46,10.6,89.6,211.0,Notifications,3.52,1698186.0,86764.0,5308.0,2568.0,1462.3268333333333,full_package,2025-10-28 03:14:42.527709,WS-ENTERTAINMENT
IG0016962,- STOP Making Boring Music! (Use These Tips),source_249,source_249,True,Company_A,content_editor_02,Entertainment,English,speech,reels,Instagram,,True,2025-10-28 00:00:00.000000,18.46,10.5,99.0,148.0,Notifications,3.52,2529574.0,179811.0,8786.0,6311.0,2086.9,chapters,2025-10-28 07:46:33.869788,WS-ENTERTAINMENT
YT0006198,- Level Up Your Music: Mixing & Mastering SECRETS,source_249,source_249,True,Company_A,content_editor_02,Entertainment,English,interview,shorts,Youtube,,True,2025-10-31 00:00:00.000000,71.91,36.6,51.13,252.0,Browse,6.86,562023.0,98027.0,7801.0,343.0,4543.019333333333,chapters,2025-10-31 12:13:48.471959,WS-ENTERTAINMENT
IG0006198,- Level Up Your Music: Mixing & Mastering SECRETS,source_249,source_249,True,Company_A,content_editor_02,Entertainment,English,interview,reels,Instagram,,True,2025-10-31 00:00:00.000000,71.91,38.5,57.0,208.0,Browse,6.86,838858.0,206443.0,10543.0,687.0,4117.39,key_moments,2025-10-31 06:08:03.231623,WS-ENTERTAINMENT
YT0008235,"- Pop Song Anatomy 101: Hooks, Beats, & Secrets!",source_250,source_250,True,Company_A,content_editor_02,Entertainment,English,discussion_show,shorts,Youtube,,True,2025-11-02 00:00:00.000000,61.63,19.15,24.98,96.0,Channel Page,9.15,1552032.0,77588.0,6163.0,2943.0,5022.548,summary,2025-11-02 18:42:15.424875,WS-ENTERTAINMENT
YT0021009,- Write a Hit Pop Song: Structure Deconstructed!,source_250,source_250,True,Company_A,content_editor_02,Entertainment,English,interview,shorts,Youtube,,True,2025-11-02 00:00:00.000000,39.58,29.03333333333333,87.61,82.0,Notifications,16.16,1231348.0,93488.0,4219.0,1267.0,7365.285333333333,key_moments,2025-11-02 05:58:48.540368,WS-ENTERTAINMENT
IG0008235,"- Pop Song Anatomy 101: Hooks, Beats, & Secrets!",source_250,source_250,True,Company_A,content_editor_02,Entertainment,English,speech,reels,Instagram,,True,2025-11-02 00:00:00.000000,61.63,18.5,27.0,86.0,Channel Page,9.15,2124560.0,140123.0,8128.0,5349.0,1752.76,key_moments,2025-11-02 05:05:38.432192,WS-ENTERTAINMENT
IG0021009,- Write a Hit Pop Song: Structure Deconstructed!,source_250,source_250,True,Company_A,content_editor_02,Entertainment,English,interview,reels,Instagram,,True,2025-11-02 00:00:00.000000,39.58,27.5,98.0,73.0,Notifications,16.16,2170616.0,216002.0,6440.0,2041.0,11817.8,chapters,2025-11-02 04:50:53.483646,WS-ENTERTAINMENT
YT0016725,- Household Sounds to Bangin' Track: Music Production Magic!,source_252,source_252,True,Company_A,content_editor_02,Entertainment,English,speech,shorts,Youtube,,True,2025-11-05 00:00:00.000000,34.57,11.966666666666669,22.82,166.0,Shorts Feed,9.46,1786999.0,88648.0,1007.0,826.0,2217.2025,summary,2025-11-05 01:25:49.150537,WS-ENTERTAINMENT
IG0016725,- Household Sounds to Bangin' Track: Music Production Magic!,source_252,source_252,True,Company_A,content_editor_02,Entertainment,English,speech,reels,Instagram,,True,2025-11-05 00:00:00.000000,34.57,12.5,25.0,134.0,Shorts Feed,9.46,2380145.0,158971.0,1309.0,1451.0,826.44,chapters,2025-11-05 08:35:39.295998,WS-ENTERTAINMENT
YT0029056,- From Trash to Treasure: Making Music with Everyday Objects,source_252,source_252,True,Company_A,content_editor_02,Entertainment,English,speech,shorts,Youtube,,True,2025-11-08 00:00:00.000000,35.93,23.516666666666666,76.52,105.0,Suggested,8.53,1373917.0,99923.0,6603.0,1488.0,6112.6585000000005,summary,2025-11-08 00:33:55.731860,WS-ENTERTAINMENT
YT0016474,- Unconventional Instruments: Creating a Song from Scratch,source_252,source_252,True,Company_A,content_editor_02,Entertainment,English,interview,shorts,Youtube,,True,2025-11-08 00:00:00.000000,17.04,8.583333333333334,53.1,196.0,Channel Page,0.64,1714250.0,99541.0,6756.0,2109.0,515.8623333333334,chapters,2025-11-08 02:30:09.016604,WS-ENTERTAINMENT
IG0029056,- From Trash to Treasure: Making Music with Everyday Objects,source_252,source_252,True,Company_A,content_editor_02,Entertainment,English,special_report,reels,Instagram,,True,2025-11-08 00:00:00.000000,35.93,22.5,82.0,81.0,Suggested,8.53,1870293.0,157589.0,8314.0,2811.0,6390.17,full_package,2025-11-08 04:04:26.595413,WS-ENTERTAINMENT
IG0016474,- Unconventional Instruments: Creating a Song from Scratch,source_252,source_252,True,Company_A,content_editor_02,Entertainment,English,speech,reels,Instagram,,True,2025-11-08 00:00:00.000000,17.04,8.5,63.0,155.0,Channel Page,0.64,2778459.0,211510.0,8507.0,3361.0,486.23,summary,2025-11-08 02:07:35.454098,WS-ENTERTAINMENT
YT0029761,- Sonic Alchemy: Transforming Ordinary Sounds into Extraordinary Music,source_252,source_252,True,Company_A,content_editor_02,Entertainment,English,interview,shorts,Youtube,,True,2025-11-10 00:00:00.000000,30.1,15.1,50.33,160.0,Suggested,22.9,281327.0,98593.0,217.0,195.0,593.9125,full_package,2025-11-10 02:47:12.436243,WS-ENTERTAINMENT
IG0029761,- Sonic Alchemy: Transforming Ordinary Sounds into Extraordinary Music,source_252,source_252,True,Company_A,content_editor_02,Entertainment,English,interview,reels,Instagram,,True,2025-11-10 00:00:00.000000,30.1,14.5,56.0,134.0,Suggested,22.9,499838.0,211143.0,357.0,352.0,544.27,key_moments,2025-11-10 17:25:23.028416,WS-ENTERTAINMENT
YT0020827,- Songwriting Secrets: Unlock Your Creative Potential!,source_253,source_253,True,Company_A,content_editor_02,Entertainment,English,interview,shorts,Youtube,,True,2025-11-13 00:00:00.000000,21.51,7.866666666666666,5.63,16.0,Browse,0.14,45957.0,86038.0,2027.0,790.0,4.680833333333334,full_package,2025-11-13 09:40:28.893497,WS-ENTERTAINMENT
YT0011466,- Make a Banger: Music Production Masterclass,source_253,source_253,True,Company_A,content_editor_02,Entertainment,English,discussion_show,shorts,Youtube,,True,2025-11-13 00:00:00.000000,20.61,10.716666666666669,57.34,332.0,Search,11.83,400908.0,91670.0,1680.0,2344.0,358.21866666666665,summary,2025-11-13 02:18:39.199714,WS-ENTERTAINMENT
IG0020827,- Songwriting Secrets: Unlock Your Creative Potential!,source_253,source_253,True,Company_A,content_editor_02,Entertainment,English,speech,reels,Instagram,,True,2025-11-13 00:00:00.000000,21.51,7.5,6.0,14.0,Browse,0.14,64184.0,212936.0,3123.0,1255.0,0.0,summary,2025-11-13 02:44:50.502941,WS-ENTERTAINMENT
IG0011466,- Make a Banger: Music Production Masterclass,source_253,source_253,True,Company_A,content_editor_02,Entertainment,English,special_report,reels,Instagram,,True,2025-11-13 00:00:00.000000,20.61,10.5,67.0,255.0,Search,11.83,762515.0,158750.0,2983.0,5763.0,425.74,full_package,2025-11-13 01:26:24.249298,WS-ENTERTAINMENT
YT0022129,- Pop Song Deconstructed: From Idea to Viral Hit!,source_254,source_254,True,Company_A,content_editor_02,Entertainment,English,speech,shorts,Youtube,,True,2025-11-14 00:00:00.000000,74.13,40.65,56.06,8.0,Notifications,0.48,1061257.0,77302.0,6543.0,628.0,9772.408166666666,key_moments,2025-11-14 07:01:50.598863,WS-ENTERTAINMENT
IG0022129,- Pop Song Deconstructed: From Idea to Viral Hit!,source_254,source_254,True,Company_A,content_editor_02,Entertainment,English,special_report,reels,Instagram,,True,2025-11-14 00:00:00.000000,74.13,39.5,63.0,6.0,Notifications,0.48,1804317.0,148593.0,8322.0,1369.0,10104.18,chapters,2025-11-14 03:16:32.152245,WS-ENTERTAINMENT
YT0006744,- Secret Formula: Making a Pop Song From Scratch,source_254,source_254,True,Company_A,content_editor_02,Entertainment,English,special_report,shorts,Youtube,,True,2025-11-16 00:00:00.000000,69.39,41.98333333333333,63.4,205.0,Search,26.65,1248363.0,89419.0,2225.0,1727.0,11957.699333333332,full_package,2025-11-16 00:49:46.359329,WS-ENTERTAINMENT
IG0006744,- Secret Formula: Making a Pop Song From Scratch,source_254,source_254,True,Company_A,content_editor_02,Entertainment,English,special_report,reels,Instagram,,True,2025-11-16 00:00:00.000000,69.39,40.5,71.0,153.0,Search,26.65,1756528.0,184892.0,2718.0,3583.0,11432.07,chapters,2025-11-16 04:20:09.115648,WS-ENTERTAINMENT
YT0022834,"- Write, Record, Mix, MASTER: Pop Song Production 101",source_254,source_254,True,Company_A,content_editor_02,Entertainment,English,special_report,shorts,Youtube,,True,2025-11-17 00:00:00.000000,40.91,15.633333333333333,31.39,55.0,Shorts Feed,7.57,1015287.0,75581.0,565.0,1921.0,2293.7965,chapters,2025-11-17 05:40:58.763291,WS-ENTERTAINMENT
YT0011555,- Pop Song Deconstructed: From Idea to Hit!,source_255,source_255,False,Company_A,content_editor_02,Entertainment,English,interview,,,,False,2025-11-17 00:00:00.000000,17.93,,,,,,,,,,,key_moments,2025-11-17 08:38:36.585882,WS-ENTERTAINMENT
IG0022834,"- Write, Record, Mix, MASTER: Pop Song Production 101",source_254,source_254,True,Company_A,content_editor_02,Entertainment,English,speech,reels,Instagram,,True,2025-11-17 00:00:00.000000,40.91,15.5,34.0,48.0,Shorts Feed,7.57,1740485.0,164331.0,907.0,3978.0,1315.03,summary,2025-11-17 03:46:19.270078,WS-ENTERTAINMENT
IG0011555,- Pop Song Deconstructed: From Idea to Hit!,source_255,source_255,False,Company_A,content_editor_02,Entertainment,English,speech,,,,False,2025-11-17 00:00:00.000000,17.93,,,,,,,,,,,full_package,2025-11-17 02:58:07.675726,WS-ENTERTAINMENT
YT0027483,- Secret Sauce: How I Make a Pop Song,source_255,source_255,True,Company_A,content_editor_02,Entertainment,English,interview,shorts,Youtube,,True,2025-11-18 00:00:00.000000,35.14,10.966666666666669,17.21,144.0,Notifications,5.05,1928587.0,74322.0,3607.0,1437.0,1857.1578333333327,key_moments,2025-11-18 19:35:44.234373,WS-ENTERTAINMENT
YT0007895,- Pop Song Anatomy: The Ultimate Guide,source_255,source_255,False,Company_A,content_editor_02,Entertainment,English,special_report,,,,False,2025-11-18 00:00:00.000000,50.48,,,,,,,,,,,chapters,2025-11-18 04:01:16.072753,WS-ENTERTAINMENT
IG0027483,- Secret Sauce: How I Make a Pop Song,source_255,source_255,True,Company_A,content_editor_02,Entertainment,English,interview,reels,Instagram,,True,2025-11-18 00:00:00.000000,35.14,11.5,20.0,111.0,Notifications,5.05,3315607.0,125676.0,5156.0,3561.0,736.8,key_moments,2025-11-18 07:06:47.305244,WS-ENTERTAINMENT
IG0007895,- Pop Song Anatomy: The Ultimate Guide,source_255,source_255,True,Company_A,content_editor_02,Entertainment,English,discussion_show,reels,Instagram,,True,2025-11-18 00:00:00.000000,50.48,28.5,72.0,22.0,Suggested,12.34,1763754.0,158339.0,6667.0,3933.0,7407.77,full_package,2025-11-18 02:35:52.058616,WS-ENTERTAINMENT
YT0011272,- Write a Pop Song With Me (Step-by-Step),source_255,source_255,True,Company_A,content_editor_02,Entertainment,English,discussion_show,shorts,Youtube,,True,2025-11-19 00:00:00.000000,20.07,9.55,40.43,277.0,Playlist,28.99,1343082.0,89971.0,1107.0,2214.0,764.8106666666666,chapters,2025-11-19 06:56:47.003556,WS-ENTERTAINMENT
YT0028848,- Hit Song Deconstructed: From Idea to MASTERPIECE!,source_256,source_256,True,Company_A,content_editor_02,Entertainment,English,discussion_show,shorts,Youtube,,True,2025-11-19 00:00:00.000000,25.19,17.15,94.7,20.0,Playlist,20.46,1507867.0,84179.0,57.0,2880.0,4041.921333333333,chapters,2025-11-19 01:14:53.918385,WS-ENTERTAINMENT
YT0025421,- Music Production Secrets: Crafting a BANGER From Scratch,source_256,source_256,True,Company_A,content_editor_02,Entertainment,English,interview,shorts,Youtube,,True,2025-11-19 00:00:00.000000,69.45,39.05,57.94,295.0,Search,24.67,67569.0,94655.0,5246.0,860.0,592.1671666666666,key_moments,2025-11-19 02:45:50.016107,WS-ENTERTAINMENT
YT0024147,- From Voice Memo to Viral Hit: My Songwriting Process REVEALED,source_256,source_256,True,Company_A,content_editor_02,Entertainment,English,interview,shorts,Youtube,,True,2025-11-19 00:00:00.000000,31.95,22.55,88.79,177.0,Playlist,7.35,1382527.0,78461.0,1846.0,1871.0,5779.731,key_moments,2025-11-19 01:31:17.281028,WS-ENTERTAINMENT
IG0011272,- Write a Pop Song With Me (Step-by-Step),source_255,source_255,True,Company_A,content_editor_02,Entertainment,English,interview,reels,Instagram,,True,2025-11-19 00:00:00.000000,20.07,9.5,45.0,226.0,Playlist,28.99,2007168.0,175719.0,1927.0,3444.0,501.79,my_key_moments,2025-11-19 02:27:55.099522,WS-ENTERTAINMENT
IG0028848,- Hit Song Deconstructed: From Idea to MASTERPIECE!,source_256,source_256,True,Company_A,content_editor_02,Entertainment,English,interview,reels,Instagram,,True,2025-11-19 00:00:00.000000,25.19,17.5,100.0,18.0,Playlist,20.46,2546519.0,183929.0,81.0,5103.0,7498.08,chapters,2025-11-19 10:52:37.980223,WS-ENTERTAINMENT
IG0025421,- Music Production Secrets: Crafting a BANGER From Scratch,source_256,source_256,True,Company_A,content_editor_02,Entertainment,English,interview,reels,Instagram,,True,2025-11-19 00:00:00.000000,69.45,36.5,63.0,222.0,Search,24.67,127400.0,231208.0,6348.0,1731.0,646.55,key_moments,2025-11-19 02:27:03.048940,WS-ENTERTAINMENT
IG0024147,- From Voice Memo to Viral Hit: My Songwriting Process REVEALED,source_256,source_256,True,Company_A,content_editor_02,Entertainment,English,interview,reels,Instagram,,True,2025-11-19 00:00:00.000000,31.95,23.5,100.0,158.0,Playlist,7.35,2551227.0,192756.0,2717.0,3153.0,11905.73,full_package,2025-11-19 07:06:20.570717,WS-ENTERTAINMENT
YT0022740,- Songwriting to MASTERING: My Full Music Production Process,source_257,source_257,True,Company_A,content_editor_02,Entertainment,English,discussion_show,shorts,Youtube,,True,2025-11-21 00:00:00.000000,20.44,10.55,56.07,141.0,External,2.03,382185.0,75053.0,2745.0,534.0,323.7956666666667,key_moments,2025-11-21 13:27:54.619526,WS-ENTERTAINMENT
YT0004994,- From Idea to TRACK: Watch Me Make a Song in Ableton,source_257,source_257,True,Company_A,content_editor_02,Entertainment,English,interview,shorts,Youtube,,True,2025-11-21 00:00:00.000000,27.29,15.116666666666667,61.97,28.0,Channel Page,26.84,295570.0,85905.0,3916.0,124.0,625.3495,key_moments,2025-11-21 03:54:45.788139,WS-ENTERTAINMENT
IG0022740,- Songwriting to MASTERING: My Full Music Production Process,source_257,source_257,True,Company_A,content_editor_02,Entertainment,English,interview,reels,Instagram,,True,2025-11-21 00:00:00.000000,20.44,10.5,67.0,125.0,External,2.03,589384.0,184886.0,3605.0,1080.0,329.07,key_moments,2025-11-21 08:51:28.386713,WS-ENTERTAINMENT
IG0004994,- From Idea to TRACK: Watch Me Make a Song in Ableton,source_257,source_257,True,Company_A,content_editor_02,Entertainment,English,speech,reels,Instagram,,True,2025-11-21 00:00:00.000000,27.29,14.5,74.0,21.0,Channel Page,26.84,590463.0,168587.0,5395.0,308.0,849.61,summary,2025-11-21 06:07:03.211671,WS-ENTERTAINMENT
YT0007473,- Ambient Electronic Music: Production Secrets REVEALED,source_257,source_257,True,Company_A,content_editor_02,Entertainment,English,special_report,shorts,Youtube,,True,2025-11-22 00:00:00.000000,34.239999999999995,15.866666666666667,43.49,338.0,Playlist,21.95,695927.0,85700.0,1463.0,680.0,1617.3858333333333,full_package,2025-11-22 04:23:25.812483,WS-ENTERTAINMENT
IG0007473,- Ambient Electronic Music: Production Secrets REVEALED,source_257,source_257,True,Company_A,content_editor_02,Entertainment,English,speech,reels,Instagram,,True,2025-11-22 00:00:00.000000,34.239999999999995,15.5,46.0,237.0,Playlist,21.95,947238.0,146609.0,2530.0,1476.0,968.29,full_package,2025-11-22 07:17:25.136037,WS-ENTERTAINMENT
YT0015335,- Making a Song From SCRATCH: My Complete Workflow,source_257,source_257,True,Company_A,content_editor_02,Entertainment,English,special_report,shorts,Youtube,,True,2025-11-23 00:00:00.000000,17.36,9.45,82.63,99.0,Playlist,19.27,1436800.0,92125.0,2731.0,504.0,778.2666666666667,summary,2025-11-23 17:25:51.261323,WS-ENTERTAINMENT
IG0015335,- Making a Song From SCRATCH: My Complete Workflow,source_257,source_257,True,Company_A,content_editor_02,Entertainment,English,speech,reels,Instagram,,True,2025-11-23 00:00:00.000000,17.36,9.5,96.0,96.0,Playlist,19.27,2302687.0,187734.0,4420.0,1185.0,1228.1,full_package,2025-11-23 02:24:08.735079,WS-ENTERTAINMENT
YT0027014,- Level Up Your Music: Song Production Tips & Tricks,source_257,source_257,True,Company_A,content_editor_02,Entertainment,English,special_report,shorts,Youtube,,True,2025-11-24 00:00:00.000000,28.53,7.8,2.22,257.0,Notifications,6.74,656104.0,96910.0,1965.0,1124.0,54.67533333333333,chapters,2025-11-24 01:51:25.008529,WS-ENTERTAINMENT
YT0000930,- Unlock the Secrets: How to Write a Hit Song,source_258,source_258,True,Company_A,content_editor_02,Entertainment,English,special_report,shorts,Youtube,,True,2025-11-24 00:00:00.000000,54.82,28.7,53.24,180.0,Browse,12.08,687016.0,90446.0,459.0,1449.0,4045.760833333333,key_moments,2025-11-24 01:46:18.267891,WS-ENTERTAINMENT
IG0027014,- Level Up Your Music: Song Production Tips & Tricks,source_257,source_257,False,Company_A,content_editor_02,Entertainment,English,speech,,,,False,2025-11-24 00:00:00.000000,28.53,,,,,,,,,,,key_moments,2025-11-24 08:51:45.250297,WS-ENTERTAINMENT
IG0000930,- Unlock the Secrets: How to Write a Hit Song,source_258,source_258,True,Company_A,content_editor_02,Entertainment,English,special_report,reels,Instagram,,True,2025-11-24 00:00:00.000000,54.82,28.5,64.0,164.0,Browse,12.08,1161254.0,189607.0,597.0,3419.0,4335.35,my_key_moments,2025-11-24 09:52:22.256235,WS-ENTERTAINMENT
YT0023481,- From Hook to Fade: Dissecting a Perfect Pop Song,source_258,source_258,False,Company_A,content_editor_02,Entertainment,English,interview,,,,False,2025-11-25 00:00:00.000000,18.48,,,,,,,,,,,full_package,2025-11-25 02:36:10.801766,WS-ENTERTAINMENT
IG0023481,- From Hook to Fade: Dissecting a Perfect Pop Song,source_258,source_258,False,Company_A,content_editor_02,Entertainment,English,special_report,,,,False,2025-11-25 00:00:00.000000,18.48,,,,,,,,,,,chapters,2025-11-25 00:43:27.566386,WS-ENTERTAINMENT
YT0010608,- I Remixed a Classic Song... You Won't Believe What Happened!,source_259,source_259,True,Company_A,content_editor_02,Entertainment,English,interview,shorts,Youtube,,True,2025-11-26 00:00:00.000000,28.24,15.75,62.31,71.0,Notifications,29.47,724560.0,79525.0,6275.0,713.0,1660.45,chapters,2025-11-26 02:19:53.208061,WS-ENTERTAINMENT
IG0010608,- I Remixed a Classic Song... You Won't Believe What Happened!,source_259,source_259,True,Company_A,content_editor_02,Entertainment,English,speech,reels,Instagram,,True,2025-11-26 00:00:00.000000,28.24,15.5,66.0,58.0,Notifications,29.47,1110899.0,166372.0,9385.0,1653.0,1629.32,chapters,2025-11-26 06:12:00.634150,WS-ENTERTAINMENT
YT0013019,- Deconstructing a Hit: My CRAZY Remix Transformation!,source_259,source_259,True,Company_A,content_editor_02,Entertainment,English,interview,shorts,Youtube,,True,2025-11-27 00:00:00.000000,68.45,46.833333333333336,73.59,361.0,Shorts Feed,28.64,1928713.0,93684.0,6731.0,2387.0,21072.97533333333,summary,2025-11-27 03:47:31.503955,WS-ENTERTAINMENT
IG0013019,- Deconstructing a Hit: My CRAZY Remix Transformation!,source_259,source_259,True,Company_A,content_editor_02,Entertainment,English,interview,reels,Instagram,,True,2025-11-27 00:00:00.000000,68.45,43.5,79.0,321.0,Shorts Feed,28.64,3507122.0,170142.0,10277.0,4991.0,27706.26,full_package,2025-11-27 04:37:14.958321,WS-ENTERTAINMENT
YT0018588,- From Old to 🔥: Music Production Masterclass!,source_259,source_259,True,Company_A,content_editor_02,Entertainment,English,interview,shorts,Youtube,,True,2025-11-29 00:00:00.000000,57.01,27.1,46.66,7.0,Browse,25.72,493533.0,90167.0,5884.0,786.0,2687.013,key_moments,2025-11-29 02:37:54.013903,WS-ENTERTAINMENT
YT0001788,- Mouth Music Magic: I Made a Song With ONLY My Voice!,source_260,source_260,True,Company_A,content_editor_02,Entertainment,English,speech,shorts,Youtube,,True,2025-11-29 00:00:00.000000,30.71,23.05,98.98,344.0,External,19.47,556547.0,94142.0,6662.0,826.0,2403.973833333333,summary,2025-11-29 09:00:11.052992,WS-ENTERTAINMENT
YT0023358,- Beatbox to Bangin' Track: Vocal Production Challenge!,source_260,source_260,True,Company_A,content_editor_02,Entertainment,English,interview,shorts,Youtube,,True,2025-11-29 00:00:00.000000,39.36,9.816666666666666,9.51,87.0,External,24.32,1376870.0,84019.0,4507.0,1847.0,886.0413333333333,key_moments,2025-11-29 05:15:49.577732,WS-ENTERTAINMENT
IG0018588,- From Old to 🔥: Music Production Masterclass!,source_259,source_259,True,Company_A,content_editor_02,Entertainment,English,special_report,reels,Instagram,,True,2025-11-29 00:00:00.000000,57.01,27.5,52.0,5.0,Browse,25.72,857800.0,225006.0,7915.0,1290.0,2478.09,key_moments,2025-11-29 06:23:40.819093,WS-ENTERTAINMENT
IG0001788,- Mouth Music Magic: I Made a Song With ONLY My Voice!,source_260,source_260,True,Company_A,content_editor_02,Entertainment,English,speech,reels,Instagram,,True,2025-11-29 00:00:00.000000,30.71,23.5,100.0,301.0,External,19.47,771096.0,174846.0,9444.0,1945.0,3598.45,full_package,2025-11-29 04:32:34.134713,WS-ENTERTAINMENT
IG0023358,- Beatbox to Bangin' Track: Vocal Production Challenge!,source_260,source_260,True,Company_A,content_editor_02,Entertainment,English,interview,reels,Instagram,,True,2025-11-29 00:00:00.000000,39.36,9.5,11.0,72.0,External,24.32,1875481.0,209016.0,5738.0,3231.0,114.61,chapters,2025-11-29 06:05:05.171215,WS-ENTERTAINMENT
YT0003630,- From Voice to Vinyl: The Ultimate A Cappella Beat,source_260,source_260,True,Company_A,content_editor_02,Entertainment,English,speech,shorts,Youtube,,True,2025-11-30 00:00:00.000000,24.37,11.6,43.76,241.0,Search,27.36,1721018.0,92560.0,6751.0,2754.0,1960.0483333333327,key_moments,2025-11-30 05:46:21.965288,WS-ENTERTAINMENT
IG0003630,- From Voice to Vinyl: The Ultimate A Cappella Beat,source_260,source_260,False,Company_A,content_editor_02,Entertainment,English,interview,,,,False,2025-11-30 00:00:00.000000,24.37,,,,,,,,,,,key_moments,2025-11-30 01:54:13.561911,WS-ENTERTAINMENT
YT0029401,- Household Objects ONLY: I Made a Song!,source_261,source_261,True,Company_A,content_editor_02,Entertainment,English,interview,shorts,Youtube,,True,2025-12-02 00:00:00.000000,32.79,12.716666666666669,29.32,291.0,Search,18.97,409990.0,79255.0,5377.0,1345.0,594.1058333333333,chapters,2025-12-02 05:23:27.870562,WS-ENTERTAINMENT
IG0029401,- Household Objects ONLY: I Made a Song!,source_261,source_261,True,Company_A,content_editor_02,Entertainment,English,special_report,reels,Instagram,,True,2025-12-02 00:00:00.000000,32.79,12.5,33.0,213.0,Search,18.97,796458.0,182788.0,6733.0,2424.0,365.04,chapters,2025-12-02 07:32:04.428544,WS-ENTERTAINMENT
YT0007340,- Kitchen Utensils to Killer Track: DIY Music!,source_261,source_261,True,Company_A,content_editor_02,Entertainment,English,discussion_show,shorts,Youtube,,True,2025-12-03 00:00:00.000000,73.72999999999999,64.0,96.2,239.0,Playlist,8.11,263723.0,97072.0,2161.0,869.0,4138.986,key_moments,2025-12-03 10:04:42.712187,WS-ENTERTAINMENT
IG0007340,- Kitchen Utensils to Killer Track: DIY Music!,source_261,source_261,False,Company_A,content_editor_02,Entertainment,English,interview,,,,False,2025-12-03 00:00:00.000000,73.72999999999999,,,,,,,,,,,summary,2025-12-03 05:34:47.825303,WS-ENTERTAINMENT
YT0021319,- No Instruments? No Problem! (Household Music Challenge),source_261,source_261,True,Company_A,content_editor_02,Entertainment,English,special_report,shorts,Youtube,,True,2025-12-04 00:00:00.000000,19.42,8.3,18.1,137.0,Notifications,2.02,131077.0,86557.0,4406.0,172.0,29.12816666666667,chapters,2025-12-04 01:50:52.733292,WS-ENTERTAINMENT
IG0021319,- No Instruments? No Problem! (Household Music Challenge),source_261,source_261,True,Company_A,content_editor_02,Entertainment,English,interview,reels,Instagram,,True,2025-12-04 00:00:00.000000,19.42,8.5,19.0,127.0,Notifications,2.02,253468.0,131514.0,7276.0,421.0,13.38,key_moments,2025-12-04 02:05:24.575092,WS-ENTERTAINMENT
YT0010684,- From Trash to Treasure: The Ultimate Home Studio Hack!,source_261,source_261,True,Company_A,content_editor_02,Entertainment,English,special_report,shorts,Youtube,,True,2025-12-06 00:00:00.000000,33.16,10.716666666666669,17.71,31.0,Search,0.35,182632.0,83238.0,3276.0,192.0,163.185,key_moments,2025-12-06 02:49:26.619358,WS-ENTERTAINMENT
IG0010684,- From Trash to Treasure: The Ultimate Home Studio Hack!,source_261,source_261,True,Company_A,content_editor_02,Entertainment,English,special_report,reels,Instagram,,True,2025-12-06 00:00:00.000000,33.16,10.5,20.0,24.0,Search,0.35,265409.0,157277.0,4835.0,350.0,44.23,chapters,2025-12-06 04:39:16.719351,WS-ENTERTAINMENT
YT0014679,- Forget Synths: My ENTIRE Song is Made From *This*!,source_261,source_261,True,Company_A,content_editor_02,Entertainment,English,special_report,shorts,Youtube,,True,2025-12-07 00:00:00.000000,45.46,9.816666666666666,7.61,190.0,Browse,26.95,417167.0,84193.0,398.0,1879.0,268.4546666666667,full_package,2025-12-07 03:37:38.500820,WS-ENTERTAINMENT
IG0014679,- Forget Synths: My ENTIRE Song is Made From *This*!,source_261,source_261,True,Company_A,content_editor_02,Entertainment,English,special_report,reels,Instagram,,True,2025-12-07 00:00:00.000000,45.46,9.5,9.0,143.0,Browse,26.95,649384.0,208558.0,692.0,3517.0,32.47,summary,2025-12-07 01:37:40.544715,WS-ENTERTAINMENT
YT0022295,- Music Production From Scratch: My Full Process,source_262,source_262,True,Company_A,content_editor_02,Entertainment,English,interview,shorts,Youtube,,True,2025-12-08 00:00:00.000000,68.66,15.983333333333333,15.81,265.0,Search,24.34,387792.0,88267.0,2522.0,1606.0,913.8246666666668,key_moments,2025-12-08 01:37:12.537644,WS-ENTERTAINMENT
YT0018209,- Make a Song With Me: Sound Design to Master,source_262,source_262,True,Company_A,content_editor_02,Entertainment,English,special_report,shorts,Youtube,,True,2025-12-08 00:00:00.000000,48.85,21.98333333333333,42.79,306.0,Suggested,11.76,1307846.0,87491.0,2444.0,2877.0,5261.658166666666,my_key_moments,2025-12-08 00:44:46.960923,WS-ENTERTAINMENT
IG0022295,- Music Production From Scratch: My Full Process,source_262,source_262,False,Company_A,content_editor_02,Entertainment,English,special_report,,,,False,2025-12-08 00:00:00.000000,68.66,,,,,,,,,,,full_package,2025-12-08 00:19:47.260162,WS-ENTERTAINMENT
IG0018209,- Make a Song With Me: Sound Design to Master,source_262,source_262,True,Company_A,content_editor_02,Entertainment,English,special_report,reels,Instagram,,True,2025-12-08 00:00:00.000000,48.85,21.5,50.0,227.0,Suggested,11.76,2418033.0,162993.0,3682.0,6603.0,4701.73,key_moments,2025-12-08 03:35:59.158370,WS-ENTERTAINMENT
YT0009060,- Level Up Your Music: Pro Production Tips,source_262,source_262,True,Company_A,content_editor_02,Entertainment,English,interview,shorts,Youtube,,True,2025-12-10 00:00:00.000000,56.08,19.3,28.72,148.0,Browse,17.09,1266431.0,90278.0,1698.0,2014.0,4151.079333333333,key_moments,2025-12-11 01:35:49.522902,WS-ENTERTAINMENT
IG0009060,- Level Up Your Music: Pro Production Tips,source_262,source_262,True,Company_A,content_editor_02,Entertainment,English,special_report,reels,Instagram,,True,2025-12-10 00:00:00.000000,56.08,18.5,31.0,128.0,Browse,17.09,1943848.0,182601.0,2061.0,3574.0,1841.26,key_moments,2025-12-10 16:50:21.633973,WS-ENTERTAINMENT
YT0002244,- Remixing a Classic: You Won't Believe Your Ears!,source_263,source_263,True,Company_A,content_editor_02,Entertainment,English,special_report,shorts,Youtube,,True,2025-12-12 00:00:00.000000,42.88,9.383333333333333,6.76,349.0,Suggested,17.94,1297112.0,99461.0,4198.0,812.0,678.5816666666667,summary,2025-12-12 01:49:44.004039,WS-ENTERTAINMENT
YT0012339,- Deconstructing a Hit Song: The Ultimate Remix Guide,source_263,source_263,True,Company_A,content_editor_02,Entertainment,English,interview,shorts,Youtube,,True,2025-12-12 00:00:00.000000,47.39,37.13333333333333,91.49,336.0,External,18.07,1587788.0,96970.0,6825.0,1205.0,13069.8475,key_moments,2025-12-12 04:30:34.698664,WS-ENTERTAINMENT
YT0029381,- From Familiar to FIRE: Remixing Secrets REVEALED,source_263,source_263,True,Company_A,content_editor_02,Entertainment,English,interview,shorts,Youtube,,True,2025-12-12 00:00:00.000000,48.47,37.48333333333333,89.58,249.0,Channel Page,19.22,1184928.0,75746.0,2297.0,1106.0,9868.914166666666,key_moments,2025-12-12 01:14:21.854999,WS-ENTERTAINMENT
IG0002244,- Remixing a Classic: You Won't Believe Your Ears!,source_263,source_263,False,Company_A,content_editor_02,Entertainment,English,special_report,,,,False,2025-12-12 00:00:00.000000,42.88,,,,,,,,,,,full_package,2025-12-12 01:24:00.677925,WS-ENTERTAINMENT
IG0012339,- Deconstructing a Hit Song: The Ultimate Remix Guide,source_263,source_263,True,Company_A,content_editor_02,Entertainment,English,speech,reels,Instagram,,True,2025-12-12 00:00:00.000000,47.39,39.5,100.0,320.0,External,18.07,2204520.0,171211.0,10371.0,1930.0,20379.56,full_package,2025-12-12 01:32:04.817021,WS-ENTERTAINMENT
IG0029381,- From Familiar to FIRE: Remixing Secrets REVEALED,source_263,source_263,True,Company_A,content_editor_02,Entertainment,English,interview,reels,Instagram,,True,2025-12-12 00:00:00.000000,48.47,37.5,100.0,192.0,Channel Page,19.22,1780882.0,171025.0,3271.0,1755.0,14840.68,chapters,2025-12-12 03:20:23.093504,WS-ENTERTAINMENT
YT0023003,- Hit Song Deconstructed: From Idea to MASTERPIECE!,source_264,source_264,True,Company_A,content_editor_02,Entertainment,English,speech,shorts,Youtube,,True,2025-12-13 00:00:00.000000,53.09,30.15,59.46,308.0,Playlist,8.79,1067277.0,76247.0,2307.0,2314.0,6714.951166666667,chapters,2025-12-13 03:27:24.273017,WS-ENTERTAINMENT
IG0023003,- Hit Song Deconstructed: From Idea to MASTERPIECE!,source_264,source_264,True,Company_A,content_editor_02,Entertainment,English,special_report,reels,Instagram,,True,2025-12-13 00:00:00.000000,53.09,28.5,71.0,299.0,Playlist,8.79,2028762.0,165805.0,2927.0,3712.0,8402.46,key_moments,2025-12-13 04:53:46.259079,WS-ENTERTAINMENT
YT0013390,- Turn Ideas into Anthems: Music Production Masterclass,source_264,source_264,True,Company_A,content_editor_02,Entertainment,English,speech,shorts,Youtube,,True,2025-12-15 00:00:00.000000,52.71,9.216666666666669,4.55,20.0,Search,18.15,1932128.0,87812.0,3810.0,300.0,921.3388333333334,full_package,2025-12-15 06:47:58.650227,WS-ENTERTAINMENT
IG0013390,- Turn Ideas into Anthems: Music Production Masterclass,source_264,source_264,True,Company_A,content_editor_02,Entertainment,English,special_report,reels,Instagram,,True,2025-12-15 00:00:00.000000,52.71,9.5,5.0,17.0,Search,18.15,3043710.0,169248.0,6700.0,698.0,84.55,key_moments,2025-12-15 03:03:18.110308,WS-ENTERTAINMENT
YT0014835,- From Bedroom to Billboard: Making a Hit Song in 2024,source_264,source_264,False,Company_A,content_editor_02,Entertainment,English,special_report,,,,False,2025-12-16 00:00:00.000000,68.27000000000001,,,,,,,,,,,key_moments,2025-12-16 04:07:03.144593,WS-ENTERTAINMENT
YT0017933,- Songwriting to Studio: The ULTIMATE Music Production Guide,source_265,source_265,True,Company_A,content_editor_02,Entertainment,English,special_report,shorts,Youtube,,True,2025-12-16 00:00:00.000000,48.77,17.71666666666667,30.25,115.0,Channel Page,9.78,1473385.0,93166.0,4764.0,2608.0,4181.412,my_key_moments,2025-12-16 01:40:02.512918,WS-ENTERTAINMENT
IG0014835,- From Bedroom to Billboard: Making a Hit Song in 2024,source_264,source_264,True,Company_A,content_editor_02,Entertainment,English,discussion_show,reels,Instagram,,True,2025-12-16 00:00:00.000000,68.27000000000001,61.5,100.0,1.0,External,22.96,412441.0,151013.0,3598.0,6746.0,6867.14,key_moments,2025-12-16 01:21:51.751441,WS-ENTERTAINMENT
IG0017933,- Songwriting to Studio: The ULTIMATE Music Production Guide,source_265,source_265,True,Company_A,content_editor_02,Entertainment,English,special_report,reels,Instagram,,True,2025-12-16 00:00:00.000000,48.77,17.5,35.0,97.0,Channel Page,9.78,2736189.0,156342.0,6782.0,5809.0,2660.18,key_moments,2025-12-16 01:12:20.763827,WS-ENTERTAINMENT
YT0004906,- From Spark to Song: Master Music Production NOW!,source_265,source_265,True,Company_A,content_editor_02,Entertainment,English,special_report,shorts,Youtube,,True,2025-12-17 00:00:00.000000,39.35,25.35,73.31,236.0,Search,17.48,1926114.0,91879.0,4657.0,1963.0,9550.315333333334,chapters,2025-12-17 06:43:26.627214,WS-ENTERTAINMENT
YT0022345,- Level Up Your Music: Mixing & Mastering Secrets REVEALED,source_265,source_265,True,Company_A,content_editor_02,Entertainment,English,special_report,shorts,Youtube,,True,2025-12-17 00:00:00.000000,59.62,8.5,2.24,221.0,External,19.39,1273512.0,77713.0,3977.0,1209.0,353.75333333333333,key_moments,2025-12-17 03:03:09.078634,WS-ENTERTAINMENT
YT0000803,- Beat Writer's Block & Craft Killer Tracks: Pro Tips Inside!,source_265,source_265,True,Company_A,content_editor_02,Entertainment,English,speech,shorts,Youtube,,True,2025-12-17 00:00:00.000000,56.32,42.333333333333336,84.3,186.0,Notifications,5.56,283668.0,95100.0,3224.0,889.0,2744.7505,summary,2025-12-17 00:53:43.062506,WS-ENTERTAINMENT
YT0000417,- Make Music That MOVES: Production Secrets You NEED to Know,source_265,source_265,True,Company_A,content_editor_02,Entertainment,English,interview,shorts,Youtube,,True,2025-12-17 00:00:00.000000,72.19,9.783333333333331,3.99,281.0,Search,14.02,1155854.0,74733.0,612.0,2917.0,733.1111666666667,chapters,2025-12-17 03:48:11.251393,WS-ENTERTAINMENT
IG0004906,- From Spark to Song: Master Music Production NOW!,source_265,source_265,True,Company_A,content_editor_02,Entertainment,English,special_report,reels,Instagram,,True,2025-12-17 00:00:00.000000,39.35,25.5,79.0,218.0,Search,17.48,3596191.0,203428.0,7247.0,3973.0,14204.95,full_package,2025-12-17 01:28:22.461471,WS-ENTERTAINMENT
IG0022345,- Level Up Your Music: Mixing & Mastering Secrets REVEALED,source_265,source_265,True,Company_A,content_editor_02,Entertainment,English,special_report,reels,Instagram,,True,2025-12-17 00:00:00.000000,59.62,8.5,3.0,192.0,External,19.39,1876103.0,151550.0,5389.0,2787.0,15.63,full_package,2025-12-17 15:05:54.709533,WS-ENTERTAINMENT
IG0000803,- Beat Writer's Block & Craft Killer Tracks: Pro Tips Inside!,source_265,source_265,True,Company_A,content_editor_02,Entertainment,English,discussion_show,reels,Instagram,,True,2025-12-17 00:00:00.000000,56.32,43.5,100.0,140.0,Notifications,5.56,409919.0,194310.0,4128.0,1542.0,4140.18,key_moments,2025-12-17 02:31:02.733898,WS-ENTERTAINMENT
IG0000417,- Make Music That MOVES: Production Secrets You NEED to Know,source_265,source_265,True,Company_A,content_editor_02,Entertainment,English,special_report,reels,Instagram,,True,2025-12-17 00:00:00.000000,72.19,9.5,5.0,208.0,Search,14.02,1525155.0,186482.0,1025.0,4786.0,42.37,chapters,2025-12-17 06:53:59.447022,WS-ENTERTAINMENT
YT0003592,- From Trash to Bangin' Track: Music From Everyday Sounds!,source_266,source_266,False,Company_A,content_editor_02,Entertainment,English,special_report,,,,False,2025-12-18 00:00:00.000000,74.27000000000001,,,,,,,,,,,full_package,2025-12-18 09:33:31.769018,WS-ENTERTAINMENT
IG0003592,- From Trash to Bangin' Track: Music From Everyday Sounds!,source_266,source_266,True,Company_A,content_editor_02,Entertainment,English,discussion_show,reels,Instagram,,True,2025-12-18 00:00:00.000000,74.27000000000001,61.5,100.0,228.0,Shorts Feed,25.62,3527802.0,193054.0,10244.0,5648.0,55562.88,key_moments,2025-12-18 01:51:47.896701,WS-ENTERTAINMENT
YT0023935,- I Made a Song ONLY Using Household Sounds! (You Won't Believe It),source_266,source_266,True,Company_A,content_editor_02,Entertainment,English,special_report,shorts,Youtube,,True,2025-12-19 00:00:00.000000,50.59,22.416666666666664,41.91,123.0,Suggested,18.09,1857017.0,79465.0,2761.0,392.0,7694.584333333333,key_moments,2025-12-19 04:15:03.260352,WS-ENTERTAINMENT
IG0023935,- I Made a Song ONLY Using Household Sounds! (You Won't Believe It),source_266,source_266,True,Company_A,content_editor_02,Entertainment,English,interview,reels,Instagram,,True,2025-12-19 00:00:00.000000,50.59,20.5,47.0,103.0,Suggested,18.09,2686301.0,141016.0,4131.0,901.0,4559.25,key_moments,2025-12-19 06:13:41.101074,WS-ENTERTAINMENT
YT0002312,"- No Samples, No Synths, Just Pure Imagination (Music Production)",source_266,source_266,True,Company_A,content_editor_02,Entertainment,English,interview,shorts,Youtube,,True,2025-12-22 00:00:00.000000,51.45,9.616666666666667,5.81,368.0,External,19.0,1676889.0,96477.0,1700.0,95.0,985.9486666666668,chapters,2025-12-22 04:23:14.553170,WS-ENTERTAINMENT
IG0002312,"- No Samples, No Synths, Just Pure Imagination (Music Production)",source_266,source_266,True,Company_A,content_editor_02,Entertainment,English,interview,reels,Instagram,,True,2025-12-22 00:00:00.000000,51.45,9.5,6.0,359.0,External,19.0,2331707.0,175330.0,2426.0,201.0,77.72,key_moments,2025-12-22 05:20:23.025668,WS-ENTERTAINMENT
YT0025725,- I Made a Song Using ONLY My VOICE! (You Won't Believe It),source_267,source_267,True,Company_A,content_editor_02,Entertainment,English,interview,shorts,Youtube,,True,2025-12-23 00:00:00.000000,24.58,7.766666666666667,2.78,376.0,Notifications,5.86,1817761.0,99596.0,7625.0,2611.0,134.649,full_package,2025-12-23 01:22:50.521140,WS-ENTERTAINMENT
YT0024703,- Vocal Sounds Only: From Beatbox to Banger!,source_267,source_267,True,Company_A,content_editor_02,Entertainment,English,special_report,shorts,Youtube,,True,2025-12-23 00:00:00.000000,67.83,29.616666666666667,41.86,31.0,Shorts Feed,6.55,1650697.0,78037.0,5797.0,13.0,10141.087666666666,my_key_moments,2025-12-23 06:13:51.297250,WS-ENTERTAINMENT
YT0028377,- Making Music With My MOUTH?! (Full Song Breakdown),source_267,source_267,True,Company_A,content_editor_02,Entertainment,English,speech,shorts,Youtube,,True,2025-12-23 00:00:00.000000,45.4,33.15,84.38,87.0,Suggested,2.54,1330913.0,85268.0,7136.0,2012.0,9482.755166666668,summary,2025-12-23 02:42:40.043440,WS-ENTERTAINMENT
IG0025725,- I Made a Song Using ONLY My VOICE! (You Won't Believe It),source_267,source_267,True,Company_A,content_editor_02,Entertainment,English,speech,reels,Instagram,,True,2025-12-23 00:00:00.000000,24.58,7.5,3.0,336.0,Notifications,5.86,3563806.0,225013.0,13385.0,4300.0,0.0,key_moments,2025-12-23 05:17:24.706429,WS-ENTERTAINMENT
IG0024703,- Vocal Sounds Only: From Beatbox to Banger!,source_267,source_267,True,Company_A,content_editor_02,Entertainment,English,interview,reels,Instagram,,True,2025-12-23 00:00:00.000000,67.83,29.5,48.0,30.0,Shorts Feed,6.55,2806080.0,145697.0,10271.0,29.0,8231.17,key_moments,2025-12-23 08:21:00.718403,WS-ENTERTAINMENT
IG0028377,- Making Music With My MOUTH?! (Full Song Breakdown),source_267,source_267,True,Company_A,content_editor_02,Entertainment,English,special_report,reels,Instagram,,True,2025-12-23 00:00:00.000000,45.4,31.5,96.0,62.0,Suggested,2.54,2547265.0,189870.0,9297.0,4223.0,16302.5,key_moments,2025-12-23 06:49:48.405547,WS-ENTERTAINMENT
YT0014593,- Turn Your Voice Into an Instrument: Music Production Challenge,source_267,source_267,True,Company_A,content_editor_02,Entertainment,English,interview,shorts,Youtube,,True,2025-12-24 00:00:00.000000,52.39,31.066666666666663,63.03,77.0,Search,1.12,1077245.0,80053.0,6127.0,2852.0,7051.965,full_package,2025-12-24 05:17:13.564761,WS-ENTERTAINMENT
IG0014593,- Turn Your Voice Into an Instrument: Music Production Challenge,source_267,source_267,True,Company_A,content_editor_02,Entertainment,English,discussion_show,reels,Instagram,,True,2025-12-24 00:00:00.000000,52.39,30.5,73.0,76.0,Search,1.12,1785859.0,157902.0,7685.0,6879.0,8329.05,chapters,2025-12-24 06:41:09.147738,WS-ENTERTAINMENT
YT0017679,- Household Objects to HIT SONG?! 🤯 DIY Music Challenge,source_268,source_268,True,Company_A,content_editor_02,Entertainment,English,interview,shorts,Youtube,,True,2025-12-25 00:00:00.000000,65.28,7.7,0.4,368.0,External,6.17,1022760.0,79407.0,1736.0,2762.0,56.82,summary,2025-12-25 06:56:17.041169,WS-ENTERTAINMENT
IG0017679,- Household Objects to HIT SONG?! 🤯 DIY Music Challenge,source_268,source_268,True,Company_A,content_editor_02,Entertainment,English,special_report,reels,Instagram,,True,2025-12-25 00:00:00.000000,65.28,7.5,0.0,282.0,External,6.17,1877292.0,157020.0,2879.0,4594.0,0.0,chapters,2025-12-25 13:13:57.922522,WS-ENTERTAINMENT
YT0024684,- I Made a Song Using ONLY House Sounds! (You Won't Believe It),source_268,source_268,True,Company_A,content_editor_02,Entertainment,English,interview,shorts,Youtube,,True,2025-12-26 00:00:00.000000,61.03,38.61666666666667,67.6,54.0,Channel Page,1.18,1956154.0,76610.0,6979.0,1000.0,16908.053333333333,key_moments,2025-12-26 03:53:33.030504,WS-ENTERTAINMENT
YT0017839,- From Trash to Treasure: Music Production with Everyday Items,source_268,source_268,True,Company_A,content_editor_02,Entertainment,English,special_report,shorts,Youtube,,True,2025-12-26 00:00:00.000000,66.03,22.333333333333336,29.07,195.0,Browse,14.25,289677.0,81328.0,7452.0,125.0,1193.5765,chapters,2025-12-26 04:33:38.254603,WS-ENTERTAINMENT
YT0010767,"- No Studio, No Problem: Creating Music From Scratch at Home",source_268,source_268,True,Company_A,content_editor_02,Entertainment,English,special_report,shorts,Youtube,,True,2025-12-26 00:00:00.000000,61.97,13.366666666666667,12.49,328.0,External,21.73,1557574.0,96537.0,3321.0,56.0,2538.2686666666664,key_moments,2025-12-26 08:25:52.583995,WS-ENTERTAINMENT
YT0018157,- From Idea to Banger: Music Production Secrets REVEALED!,source_269,source_269,True,Company_A,content_editor_02,Entertainment,English,speech,shorts,Youtube,,True,2025-12-26 00:00:00.000000,43.23,10.683333333333334,11.28,299.0,Playlist,13.53,898293.0,93130.0,6019.0,1947.0,794.3238333333334,full_package,2025-12-26 02:42:07.122511,WS-ENTERTAINMENT
IG0024684,- I Made a Song Using ONLY House Sounds! (You Won't Believe It),source_268,source_268,True,Company_A,content_editor_02,Entertainment,English,interview,reels,Instagram,,True,2025-12-26 00:00:00.000000,61.03,41.5,74.0,53.0,Channel Page,1.18,3591743.0,143364.0,12051.0,2427.0,25102.29,chapters,2025-12-26 01:22:28.152272,WS-ENTERTAINMENT
IG0017839,- From Trash to Treasure: Music Production with Everyday Items,source_268,source_268,False,Company_A,content_editor_02,Entertainment,English,discussion_show,,,,False,2025-12-26 00:00:00.000000,66.03,,,,,,,,,,,key_moments,2025-12-26 05:56:06.245128,WS-ENTERTAINMENT
IG0010767,"- No Studio, No Problem: Creating Music From Scratch at Home",source_268,source_268,True,Company_A,content_editor_02,Entertainment,English,special_report,reels,Instagram,,True,2025-12-26 00:00:00.000000,61.97,13.5,14.0,280.0,External,21.73,3074886.0,239052.0,4564.0,136.0,717.47,chapters,2025-12-26 03:23:31.880128,WS-ENTERTAINMENT
IG0018157,- From Idea to Banger: Music Production Secrets REVEALED!,source_269,source_269,True,Company_A,content_editor_02,Entertainment,English,speech,reels,Instagram,,True,2025-12-26 00:00:00.000000,43.23,10.5,12.0,242.0,Playlist,13.53,1418057.0,156423.0,8891.0,3793.0,141.81,key_moments,2025-12-26 01:31:20.554474,WS-ENTERTAINMENT
YT0021448,- Watch Me Make a Song From SCRATCH! (Full Production Breakdown),source_269,source_269,True,Company_A,content_editor_02,Entertainment,English,speech,shorts,Youtube,,True,2025-12-27 00:00:00.000000,48.3,36.75,87.84,384.0,Playlist,16.0,1857342.0,95933.0,2239.0,2169.0,15090.903666666669,chapters,2025-12-27 05:58:11.591166,WS-ENTERTAINMENT
IG0021448,- Watch Me Make a Song From SCRATCH! (Full Production Breakdown),source_269,source_269,True,Company_A,content_editor_02,Entertainment,English,discussion_show,reels,Instagram,,True,2025-12-27 00:00:00.000000,48.3,35.5,95.0,275.0,Playlist,16.0,2932263.0,227501.0,2822.0,4473.0,21666.17,key_moments,2025-12-27 12:34:06.920773,WS-ENTERTAINMENT
YT0011695,- Sound Design Secrets: Creating Unique Sounds From Nothing!,source_269,source_269,True,Company_A,content_editor_02,Entertainment,English,interview,shorts,Youtube,,True,2025-12-28 00:00:00.000000,61.41,45.28333333333333,81.41,321.0,Suggested,27.52,1752581.0,77003.0,4509.0,2776.0,18393.986666666668,key_moments,2025-12-28 01:05:09.596491,WS-ENTERTAINMENT
IG0011695,- Sound Design Secrets: Creating Unique Sounds From Nothing!,source_269,source_269,True,Company_A,content_editor_02,Entertainment,English,interview,reels,Instagram,,True,2025-12-28 00:00:00.000000,61.41,42.5,88.0,267.0,Suggested,27.52,3168186.0,116523.0,7263.0,6639.0,27105.59,key_moments,2025-12-28 09:03:45.304625,WS-ENTERTAINMENT
YT0019200,- Remixing a Classic: You Won't Believe What Happens!,source_270,source_270,True,Company_A,content_editor_02,Entertainment,English,interview,shorts,Youtube,,True,2025-12-30 00:00:00.000000,44.61,27.633333333333333,68.0,255.0,Suggested,8.98,1090925.0,77139.0,6440.0,1597.0,6101.099,key_moments,2025-12-30 00:31:31.885960,WS-ENTERTAINMENT
IG0019200,- Remixing a Classic: You Won't Believe What Happens!,source_270,source_270,True,Company_A,content_editor_02,Entertainment,English,interview,reels,Instagram,,True,2025-12-30 00:00:00.000000,44.61,29.5,72.0,216.0,Suggested,8.98,1990690.0,183676.0,10798.0,3928.0,8759.04,key_moments,2025-12-30 02:54:14.148679,WS-ENTERTAINMENT
YT0014526,- Deconstructing a Hit Song: Music Production Secrets REVEALED,source_270,source_270,True,Company_A,content_editor_02,Entertainment,English,special_report,shorts,Youtube,,True,2025-12-31 00:00:00.000000,48.77,17.71666666666667,30.25,170.0,Playlist,17.61,1506938.0,90566.0,5932.0,1657.0,4276.634166666667,key_moments,2025-12-31 17:26:20.275289,WS-ENTERTAINMENT
IG0014526,- Deconstructing a Hit Song: Music Production Secrets REVEALED,source_270,source_270,False,Company_A,content_editor_02,Entertainment,English,discussion_show,,,,False,2025-12-31 00:00:00.000000,48.77,,,,,,,,,,,chapters,2025-12-31 03:04:33.656151,WS-ENTERTAINMENT
YT0021593,- Extreme Remix Challenge: Can I Flip This Song?!,source_270,source_270,True,Company_A,content_editor_02,Entertainment,English,discussion_show,shorts,Youtube,,True,2026-01-02 00:00:00.000000,48.53,40.06666666666667,97.13,111.0,Playlist,23.6,573968.0,93747.0,3396.0,1338.0,5192.284666666667,chapters,2026-01-02 04:17:54.274312,WS-ENTERTAINMENT
IG0021593,- Extreme Remix Challenge: Can I Flip This Song?!,source_270,source_270,False,Company_A,content_editor_02,Entertainment,English,special_report,,,,False,2026-01-02 00:00:00.000000,48.53,,,,,,,,,,,key_moments,2026-01-02 07:21:49.977384,WS-ENTERTAINMENT
YT0025826,- Pop Song Secrets: From Idea to Hit!,source_271,source_271,True,Company_A,content_editor_02,Entertainment,English,special_report,shorts,Youtube,,True,2026-01-03 00:00:00.000000,35.7,10.766666666666666,15.78,48.0,Suggested,27.31,1849040.0,81952.0,439.0,1314.0,1677.832666666667,summary,2026-01-03 01:00:47.526969,WS-ENTERTAINMENT
YT0006603,- Deconstructing a Pop Song: My Full Production Process,source_271,source_271,True,Company_A,content_editor_02,Entertainment,English,speech,shorts,Youtube,,True,2026-01-03 00:00:00.000000,74.28999999999999,25.73333333333333,30.75,361.0,Shorts Feed,6.89,634951.0,78573.0,3895.0,1295.0,3215.9091666666664,key_moments,2026-01-03 04:14:14.950102,WS-ENTERTAINMENT
IG0025826,- Pop Song Secrets: From Idea to Hit!,source_271,source_271,True,Company_A,content_editor_02,Entertainment,English,discussion_show,reels,Instagram,,True,2026-01-03 00:00:00.000000,35.7,10.5,17.0,44.0,Suggested,27.31,2665035.0,181275.0,546.0,2173.0,377.55,key_moments,2026-01-03 04:12:39.064413,WS-ENTERTAINMENT
IG0006603,- Deconstructing a Pop Song: My Full Production Process,source_271,source_271,True,Company_A,content_editor_02,Entertainment,English,interview,reels,Instagram,,True,2026-01-03 00:00:00.000000,74.28999999999999,26.5,33.0,281.0,Shorts Feed,6.89,874050.0,180631.0,5332.0,2551.0,1522.3,chapters,2026-01-03 17:44:45.025116,WS-ENTERTAINMENT
YT0005164,- Write Catchy Pop Songs: A Step-by-Step Guide,source_271,source_271,True,Company_A,content_editor_02,Entertainment,English,special_report,shorts,Youtube,,True,2026-01-04 00:00:00.000000,62.82,27.166666666666668,41.13,56.0,Notifications,10.87,1342230.0,97813.0,2391.0,2631.0,7332.552833333333,key_moments,2026-01-04 01:29:18.239887,WS-ENTERTAINMENT
YT0021777,"- Secret Songwriting Hacks Revealed! (Melody, Rhythm & Production)",source_272,source_272,True,Company_A,content_editor_02,Entertainment,English,speech,shorts,Youtube,,True,2026-01-04 00:00:00.000000,38.760000000000005,22.25,62.08,63.0,Channel Page,5.18,1823594.0,82091.0,4115.0,1779.0,7471.669833333333,full_package,2026-01-04 02:56:52.120098,WS-ENTERTAINMENT
IG0005164,- Write Catchy Pop Songs: A Step-by-Step Guide,source_271,source_271,True,Company_A,content_editor_02,Entertainment,English,interview,reels,Instagram,,True,2026-01-04 00:00:00.000000,62.82,27.5,49.0,49.0,Notifications,10.87,2062757.0,156752.0,4087.0,5425.0,5615.28,chapters,2026-01-04 01:54:12.020511,WS-ENTERTAINMENT
IG0021777,"- Secret Songwriting Hacks Revealed! (Melody, Rhythm & Production)",source_272,source_272,True,Company_A,content_editor_02,Entertainment,English,special_report,reels,Instagram,,True,2026-01-04 00:00:00.000000,38.760000000000005,22.5,73.0,44.0,Channel Page,5.18,2681581.0,137665.0,6412.0,3800.0,8156.48,chapters,2026-01-04 01:44:54.641800,WS-ENTERTAINMENT
YT0000446,- From Demo to Diamond: How to Craft a Hit Song,source_272,source_272,True,Company_A,content_editor_02,Entertainment,English,discussion_show,shorts,Youtube,,True,2026-01-06 00:00:00.000000,40.010000000000005,21.816666666666663,57.24,203.0,Browse,8.0,376637.0,85805.0,5161.0,1842.0,1497.8295,my_key_moments,2026-01-06 09:51:26.430651,WS-ENTERTAINMENT
IG0000446,- From Demo to Diamond: How to Craft a Hit Song,source_272,source_272,True,Company_A,content_editor_02,Entertainment,English,discussion_show,reels,Instagram,,True,2026-01-06 00:00:00.000000,40.010000000000005,23.5,65.0,168.0,Browse,8.0,632161.0,178869.0,8667.0,3211.0,1826.24,full_package,2026-01-06 04:05:10.321764,WS-ENTERTAINMENT
YT0003435,- Hit Song Deconstructed: Recreating a Chart-Topper in Ableton,source_273,source_273,True,Company_A,content_editor_02,Entertainment,English,discussion_show,shorts,Youtube,,True,2026-01-10 00:00:00.000000,58.6,10.6,7.11,178.0,Channel Page,6.72,1595121.0,85939.0,3321.0,2429.0,1373.5765,full_package,2026-01-10 02:33:52.911610,WS-ENTERTAINMENT
IG0003435,- Hit Song Deconstructed: Recreating a Chart-Topper in Ableton,source_273,source_273,True,Company_A,content_editor_02,Entertainment,English,speech,reels,Instagram,,True,2026-01-10 00:00:00.000000,58.6,10.5,7.0,147.0,Channel Page,6.72,2130992.0,193954.0,4546.0,5235.0,124.31,summary,2026-01-10 02:38:35.780118,WS-ENTERTAINMENT
YT0012221,- From Scratch to Hit: Reverse Engineering a Viral Track,source_273,source_273,True,Company_A,content_editor_02,Entertainment,English,interview,shorts,Youtube,,True,2026-01-11 00:00:00.000000,69.22,33.85,48.6,243.0,Shorts Feed,0.85,1781897.0,88634.0,5580.0,1236.0,13042.496166666668,key_moments,2026-01-11 02:32:56.506210,WS-ENTERTAINMENT
YT0015515,- Unlock the Secrets: Anatomy of a Hit Song (Ableton Remake),source_273,source_273,True,Company_A,content_editor_02,Entertainment,English,interview,shorts,Youtube,,True,2026-01-11 00:00:00.000000,28.42,10.1,19.37,109.0,Notifications,5.21,1105807.0,93353.0,1647.0,955.0,798.6383333333334,chapters,2026-01-11 02:44:17.037476,WS-ENTERTAINMENT
IG0012221,- From Scratch to Hit: Reverse Engineering a Viral Track,source_273,source_273,True,Company_A,content_editor_02,Entertainment,English,special_report,reels,Instagram,,True,2026-01-11 00:00:00.000000,69.22,31.5,52.0,179.0,Shorts Feed,0.85,3144717.0,159107.0,6891.0,2162.0,10901.69,chapters,2026-01-11 01:27:16.597373,WS-ENTERTAINMENT
IG0015515,- Unlock the Secrets: Anatomy of a Hit Song (Ableton Remake),source_273,source_273,True,Company_A,content_editor_02,Entertainment,English,special_report,reels,Instagram,,True,2026-01-11 00:00:00.000000,28.42,10.5,22.0,89.0,Notifications,5.21,1568622.0,221311.0,2758.0,1763.0,287.58,full_package,2026-01-11 03:15:07.674565,WS-ENTERTAINMENT
YT0004710,- Hit Song Deconstructed: The Ultimate Music Production Guide,source_274,source_274,True,Company_A,content_editor_02,Entertainment,English,special_report,shorts,Youtube,,True,2026-01-12 00:00:00.000000,61.79,50.8,92.54,297.0,Browse,18.62,736398.0,85126.0,314.0,2876.0,8857.2315,full_package,2026-01-12 03:00:03.421108,WS-ENTERTAINMENT
IG0004710,- Hit Song Deconstructed: The Ultimate Music Production Guide,source_274,source_274,True,Company_A,content_editor_02,Entertainment,English,special_report,reels,Instagram,,True,2026-01-12 00:00:00.000000,61.79,49.5,100.0,258.0,Browse,18.62,1029140.0,135956.0,495.0,6518.0,13087.23,key_moments,2026-01-12 02:10:53.747775,WS-ENTERTAINMENT
YT0003426,- Secrets of a Hit Song: From Idea to Radio Ready,source_274,source_274,True,Company_A,content_editor_02,Entertainment,English,special_report,shorts,Youtube,,True,2026-01-13 00:00:00.000000,50.07,15.433333333333334,22.62,161.0,Shorts Feed,15.44,1813436.0,88848.0,7078.0,2230.0,3996.275666666667,key_moments,2026-01-13 04:31:41.631774,WS-ENTERTAINMENT
IG0003426,- Secrets of a Hit Song: From Idea to Radio Ready,source_274,source_274,True,Company_A,content_editor_02,Entertainment,English,speech,reels,Instagram,,True,2026-01-13 00:00:00.000000,50.07,15.5,24.0,128.0,Shorts Feed,15.44,3197293.0,150268.0,8952.0,3579.0,1705.22,key_moments,2026-01-13 04:50:46.512827,WS-ENTERTAINMENT
YT0015568,- Music Production Masterclass: Anatomy of a Banger,source_274,source_274,False,Company_A,content_editor_02,Entertainment,English,interview,,,,False,2026-01-14 00:00:00.000000,19.46,,,,,,,,,,,key_moments,2026-01-14 02:33:44.937687,WS-ENTERTAINMENT
IG0015568,- Music Production Masterclass: Anatomy of a Banger,source_274,source_274,True,Company_A,content_editor_02,Entertainment,English,interview,reels,Instagram,,True,2026-01-14 00:00:00.000000,19.46,9.5,59.0,91.0,External,15.3,1662426.0,138991.0,8633.0,61.0,544.91,chapters,2026-01-14 03:33:51.728412,WS-ENTERTAINMENT
YT0005660,- Stop Making Basic Music: Deconstructing a Hit Song,source_274,source_274,True,Company_A,content_editor_02,Entertainment,English,interview,shorts,Youtube,,True,2026-01-15 00:00:00.000000,27.21,19.05,94.59,392.0,Browse,13.48,1199248.0,98315.0,7140.0,2311.0,3847.587333333333,full_package,2026-01-15 22:29:33.924906,WS-ENTERTAINMENT
IG0005660,- Stop Making Basic Music: Deconstructing a Hit Song,source_274,source_274,True,Company_A,content_editor_02,Entertainment,English,interview,reels,Instagram,,True,2026-01-15 00:00:00.000000,27.21,19.5,100.0,283.0,Browse,13.48,1900906.0,242380.0,11735.0,5083.0,6463.08,key_moments,2026-01-15 21:48:57.389713,WS-ENTERTAINMENT
YT0028812,- Unlock Your Music Potential: Hit Songwriting Secrets REVEALED,source_274,source_274,True,Company_A,content_editor_02,Entertainment,English,speech,shorts,Youtube,,True,2026-01-16 00:00:00.000000,39.66,19.133333333333333,47.17,82.0,Channel Page,18.15,174592.0,97533.0,5971.0,284.0,564.1908333333333,chapters,2026-01-16 01:43:16.323018,WS-ENTERTAINMENT
IG0028812,- Unlock Your Music Potential: Hit Songwriting Secrets REVEALED,source_274,source_274,True,Company_A,content_editor_02,Entertainment,English,special_report,reels,Instagram,,True,2026-01-16 00:00:00.000000,39.66,18.5,50.0,73.0,Channel Page,18.15,295707.0,198001.0,9298.0,441.0,451.77,chapters,2026-01-16 01:55:28.685782,WS-ENTERTAINMENT
YT0025454,- Hyperpop Track From SCRATCH 🍬 (Crazy Vocal FX!),source_275,source_275,False,Company_A,content_editor_02,Entertainment,English,interview,,,,False,2026-01-18 00:00:00.000000,65.45,,,,,,,,,,,full_package,2026-01-18 01:42:50.041630,WS-ENTERTAINMENT
IG0025454,- Hyperpop Track From SCRATCH 🍬 (Crazy Vocal FX!),source_275,source_275,False,Company_A,content_editor_02,Entertainment,English,speech,,,,False,2026-01-18 00:00:00.000000,65.45,,,,,,,,,,,summary,2026-01-18 09:19:04.447771,WS-ENTERTAINMENT
YT0009048,- I Made a Hyperpop Song & It's UNHINGED,source_275,source_275,True,Company_A,content_editor_02,Entertainment,English,special_report,shorts,Youtube,,True,2026-01-19 00:00:00.000000,56.96,46.73333333333333,93.5,174.0,External,7.24,554268.0,99107.0,7414.0,1607.0,6040.494833333333,full_package,2026-01-19 02:54:28.856132,WS-ENTERTAINMENT
YT0012480,- Distorted 808s & Bubblegum Pop: Hyperpop Deconstructed,source_275,source_275,True,Company_A,content_editor_02,Entertainment,English,interview,shorts,Youtube,,True,2026-01-19 00:00:00.000000,18.87,8.2,18.09,137.0,Shorts Feed,10.19,24511.0,87231.0,1348.0,2755.0,4.766,full_package,2026-01-19 04:50:43.508984,WS-ENTERTAINMENT
YT0016174,- Hyperpop Production: From Zero to Ear Candy,source_275,source_275,True,Company_A,content_editor_02,Entertainment,English,interview,shorts,Youtube,,True,2026-01-19 00:00:00.000000,61.11,38.53333333333333,67.3,16.0,Suggested,29.35,293181.0,98012.0,3936.0,2631.0,2527.328833333333,key_moments,2026-01-19 19:45:50.835923,WS-ENTERTAINMENT
IG0009048,- I Made a Hyperpop Song & It's UNHINGED,source_275,source_275,True,Company_A,content_editor_02,Entertainment,English,interview,reels,Instagram,,True,2026-01-19 00:00:00.000000,56.96,48.5,100.0,163.0,External,7.24,800124.0,228614.0,9745.0,3775.0,9841.53,chapters,2026-01-19 03:57:59.948795,WS-ENTERTAINMENT
IG0012480,- Distorted 808s & Bubblegum Pop: Hyperpop Deconstructed,source_275,source_275,True,Company_A,content_editor_02,Entertainment,English,special_report,reels,Instagram,,True,2026-01-19 00:00:00.000000,18.87,8.5,21.0,115.0,Shorts Feed,10.19,41189.0,188816.0,1797.0,6751.0,2.4,summary,2026-01-19 07:02:16.022163,WS-ENTERTAINMENT
IG0016174,- Hyperpop Production: From Zero to Ear Candy,source_275,source_275,True,Company_A,content_editor_02,Entertainment,English,interview,reels,Instagram,,True,2026-01-19 00:00:00.000000,61.11,38.5,77.0,12.0,Suggested,29.35,402051.0,226298.0,4939.0,5061.0,2665.82,key_moments,2026-01-19 06:03:56.105296,WS-ENTERTAINMENT
YT0004853,- Modular Madness: Generative Soundscapes From Scratch!,source_276,source_276,True,Company_A,content_editor_02,Entertainment,English,interview,shorts,Youtube,,True,2026-01-20 00:00:00.000000,30.05,11.75,28.24,33.0,Notifications,0.19,998464.0,83746.0,3756.0,837.0,1178.742166666667,full_package,2026-01-20 02:29:54.869194,WS-ENTERTAINMENT
YT0008766,"- Evolving Soundscapes: No Input, Just Modular Magic",source_276,source_276,True,Company_A,content_editor_02,Entertainment,English,interview,shorts,Youtube,,True,2026-01-20 00:00:00.000000,32.15,23.95,95.92,138.0,Shorts Feed,25.6,1473524.0,94368.0,7044.0,604.0,6733.186,my_key_moments,2026-01-20 09:20:01.059257,WS-ENTERTAINMENT
IG0004853,- Modular Madness: Generative Soundscapes From Scratch!,source_276,source_276,True,Company_A,content_editor_02,Entertainment,English,special_report,reels,Instagram,,True,2026-01-20 00:00:00.000000,30.05,11.5,32.0,26.0,Notifications,0.19,1464123.0,157451.0,5976.0,1433.0,520.58,summary,2026-01-20 02:01:37.031045,WS-ENTERTAINMENT
IG0008766,"- Evolving Soundscapes: No Input, Just Modular Magic",source_276,source_276,True,Company_A,content_editor_02,Entertainment,English,interview,reels,Instagram,,True,2026-01-20 00:00:00.000000,32.15,25.5,100.0,126.0,Shorts Feed,25.6,2686796.0,172200.0,11453.0,923.0,13971.34,key_moments,2026-01-20 11:41:01.466467,WS-ENTERTAINMENT
YT0021073,- Patching a Universe: Generative Modular Synthesis,source_276,source_276,True,Company_A,content_editor_02,Entertainment,English,speech,shorts,Youtube,,True,2026-01-22 00:00:00.000000,37.260000000000005,11.333333333333334,17.22,135.0,Browse,0.74,640744.0,86877.0,124.0,781.0,682.2736666666666,key_moments,2026-01-22 02:30:00.385722,WS-ENTERTAINMENT
IG0021073,- Patching a Universe: Generative Modular Synthesis,source_276,source_276,True,Company_A,content_editor_02,Entertainment,English,interview,reels,Instagram,,True,2026-01-22 00:00:00.000000,37.260000000000005,11.5,18.0,124.0,Browse,0.74,850262.0,199291.0,177.0,1874.0,170.05,my_key_moments,2026-01-22 02:43:44.252075,WS-ENTERTAINMENT
YT0012377,- Turn Ideas Into BANGERS: Music Production Masterclass 🔥,source_277,source_277,True,Company_A,content_editor_02,Entertainment,English,special_report,shorts,Youtube,,True,2026-01-25 00:00:00.000000,43.15,22.316666666666663,52.63,354.0,Channel Page,10.9,1100680.0,89012.0,2724.0,2725.0,4530.1135,chapters,2026-01-25 01:40:28.136638,WS-ENTERTAINMENT
IG0012377,- Turn Ideas Into BANGERS: Music Production Masterclass 🔥,source_277,source_277,True,Company_A,content_editor_02,Entertainment,English,special_report,reels,Instagram,,True,2026-01-25 00:00:00.000000,43.15,23.5,63.0,306.0,Channel Page,10.9,1860799.0,198861.0,4099.0,6547.0,5210.24,key_moments,2026-01-25 01:54:34.512129,WS-ENTERTAINMENT
YT0020890,- From Zero to Finished Track: My Full Music Production Workflow 🎼,source_277,source_277,True,Company_A,content_editor_02,Entertainment,English,special_report,shorts,Youtube,,True,2026-01-29 00:00:00.000000,57.29,37.93333333333334,71.96,385.0,Shorts Feed,20.12,1823373.0,85225.0,5357.0,622.0,15414.255,key_moments,2026-01-29 02:50:35.036126,WS-ENTERTAINMENT
YT0024312,- Song From Scratch: My Ableton Production Secrets,source_278,source_278,True,Company_A,content_editor_02,Entertainment,English,interview,shorts,Youtube,,True,2026-01-29 00:00:00.000000,52.27,16.266666666666666,23.52,312.0,Notifications,8.26,1830365.0,81919.0,3022.0,443.0,4457.277666666666,full_package,2026-01-29 00:34:18.853677,WS-ENTERTAINMENT
IG0020890,- From Zero to Finished Track: My Full Music Production Workflow 🎼,source_277,source_277,True,Company_A,content_editor_02,Entertainment,English,speech,reels,Instagram,,True,2026-01-29 00:00:00.000000,57.29,34.5,78.0,332.0,Shorts Feed,20.12,2826928.0,195753.0,7520.0,1277.0,16537.53,key_moments,2026-01-29 03:19:07.981281,WS-ENTERTAINMENT
IG0024312,- Song From Scratch: My Ableton Production Secrets,source_278,source_278,True,Company_A,content_editor_02,Entertainment,English,speech,reels,Instagram,,True,2026-01-29 00:00:00.000000,52.27,15.5,26.0,240.0,Notifications,8.26,2905331.0,201872.0,5057.0,726.0,1678.64,summary,2026-01-29 02:39:51.226907,WS-ENTERTAINMENT
YT0024231,- Music Production Masterclass: From Idea to Finished Track,source_278,source_278,True,Company_A,content_editor_02,Entertainment,English,interview,shorts,Youtube,,True,2026-01-30 00:00:00.000000,29.76,17.683333333333334,68.99,380.0,Channel Page,5.61,422915.0,75498.0,7469.0,2991.0,1196.3011666666669,key_moments,2026-01-30 07:31:31.962183,WS-ENTERTAINMENT
YT0028890,- The ULTIMATE Music Production Workflow (Full Song Build),source_278,source_278,True,Company_A,content_editor_02,Entertainment,English,interview,shorts,Youtube,,True,2026-01-30 00:00:00.000000,41.54,18.98333333333333,43.27,364.0,Notifications,19.12,367991.0,98844.0,4130.0,1642.0,1173.8231666666666,full_package,2026-01-30 05:36:38.589945,WS-ENTERTAINMENT
IG0024231,- Music Production Masterclass: From Idea to Finished Track,source_278,source_278,True,Company_A,content_editor_02,Entertainment,English,discussion_show,reels,Instagram,,True,2026-01-30 00:00:00.000000,29.76,17.5,79.0,378.0,Channel Page,5.61,663483.0,128444.0,9545.0,6348.0,1455.98,chapters,2026-01-30 02:16:15.306935,WS-ENTERTAINMENT
IG0028890,- The ULTIMATE Music Production Workflow (Full Song Build),source_278,source_278,True,Company_A,content_editor_02,Entertainment,English,special_report,reels,Instagram,,True,2026-01-30 00:00:00.000000,41.54,19.5,49.0,264.0,Notifications,19.12,545351.0,169488.0,5487.0,3982.0,890.74,summary,2026-01-30 02:46:18.049188,WS-ENTERTAINMENT
YT0002353,- Ableton Songwriting: Watch Me Cook Up a Banger,source_278,source_278,True,Company_A,content_editor_02,Entertainment,English,interview,shorts,Youtube,,True,2026-01-31 00:00:00.000000,20.39,11.75,78.85,5.0,Notifications,14.83,348050.0,74730.0,2319.0,1480.0,410.8923333333333,full_package,2026-01-31 03:18:55.698409,WS-ENTERTAINMENT
IG0002353,- Ableton Songwriting: Watch Me Cook Up a Banger,source_278,source_278,True,Company_A,content_editor_02,Entertainment,English,interview,reels,Instagram,,True,2026-01-31 00:00:00.000000,20.39,11.5,83.0,4.0,Notifications,14.83,623851.0,139086.0,3995.0,3631.0,575.33,my_key_moments,2026-01-31 13:07:55.559532,WS-ENTERTAINMENT
YT0010667,- Stop Being Basic: Level Up Your Music Production NOW,source_278,source_278,True,Company_A,content_editor_02,Entertainment,English,special_report,shorts,Youtube,,True,2026-02-02 00:00:00.000000,43.96,13.083333333333332,19.28,2.0,External,13.85,1827228.0,80339.0,2219.0,2711.0,2833.8953333333334,summary,2026-02-02 02:04:18.724807,WS-ENTERTAINMENT
IG0010667,- Stop Being Basic: Level Up Your Music Production NOW,source_278,source_278,True,Company_A,content_editor_02,Entertainment,English,speech,reels,Instagram,,True,2026-02-02 00:00:00.000000,43.96,13.5,21.0,2.0,External,13.85,3472325.0,121638.0,3806.0,5037.0,1215.31,summary,2026-02-02 02:14:56.401265,WS-ENTERTAINMENT
YT0023359,- Pop Song REIMAGINED: You Won't Believe This Acoustic Cover!,source_279,source_279,True,Company_A,content_editor_02,Entertainment,English,special_report,shorts,Youtube,,True,2026-02-03 00:00:00.000000,29.93,12.433333333333334,33.04,87.0,Suggested,12.58,1368756.0,85848.0,4987.0,2795.0,1875.7026666666668,full_package,2026-02-03 01:37:17.840116,WS-ENTERTAINMENT
IG0023359,- Pop Song REIMAGINED: You Won't Believe This Acoustic Cover!,source_279,source_279,False,Company_A,content_editor_02,Entertainment,English,discussion_show,,,,False,2026-02-03 00:00:00.000000,29.93,,,,,,,,,,,key_moments,2026-02-03 01:13:19.965161,WS-ENTERTAINMENT
YT0022251,- Genre Bender: Turning Pop into Acoustic Magic (Full Breakdown),source_279,source_279,True,Company_A,content_editor_02,Entertainment,English,special_report,shorts,Youtube,,True,2026-02-04 00:00:00.000000,49.64,39.78333333333333,93.2,351.0,Playlist,22.23,1622192.0,84843.0,4826.0,2175.0,14547.157,my_key_moments,2026-02-04 05:06:48.842236,WS-ENTERTAINMENT
IG0022251,- Genre Bender: Turning Pop into Acoustic Magic (Full Breakdown),source_279,source_279,True,Company_A,content_editor_02,Entertainment,English,interview,reels,Instagram,,True,2026-02-04 00:00:00.000000,49.64,38.5,100.0,316.0,Playlist,22.23,2788552.0,183468.0,7615.0,4609.0,25213.16,key_moments,2026-02-04 04:42:17.851843,WS-ENTERTAINMENT
YT0026562,- Pop Song Deconstructed: From Scratch to Radio Hit!,source_280,source_280,True,Company_A,content_editor_02,Entertainment,English,special_report,shorts,Youtube,,True,2026-02-07 00:00:00.000000,16.2,8.1,50.0,370.0,Search,8.4,1491297.0,81760.0,1759.0,1508.0,248.5495,full_package,2026-02-07 11:09:42.745572,WS-ENTERTAINMENT
IG0026562,- Pop Song Deconstructed: From Scratch to Radio Hit!,source_280,source_280,True,Company_A,content_editor_02,Entertainment,English,interview,reels,Instagram,,True,2026-02-07 00:00:00.000000,16.2,8.5,58.0,317.0,Search,8.4,2106046.0,186110.0,2483.0,2853.0,339.31,full_package,2026-02-07 09:12:07.223705,WS-ENTERTAINMENT
YT0023884,- Secrets of a Smash Hit: Anatomy of a Pop Song,source_280,source_280,True,Company_A,content_editor_02,Entertainment,English,interview,shorts,Youtube,,True,2026-02-09 00:00:00.000000,22.85,14.7,91.72,37.0,Notifications,16.27,851119.0,97452.0,4801.0,1329.0,1702.238,key_moments,2026-02-10 03:13:15.501858,WS-ENTERTAINMENT
IG0023884,- Secrets of a Smash Hit: Anatomy of a Pop Song,source_280,source_280,False,Company_A,content_editor_02,Entertainment,English,interview,,,,False,2026-02-09 00:00:00.000000,22.85,,,,,,,,,,,full_package,2026-02-09 03:46:13.644288,WS-ENTERTAINMENT
YT0027643,- Write a Hit Song: The Ultimate Pop Production Guide,source_280,source_280,True,Company_A,content_editor_02,Entertainment,English,interview,shorts,Youtube,,True,2026-02-10 00:00:00.000000,41.02,26.566666666666663,73.28,223.0,Channel Page,21.79,573352.0,78015.0,4720.0,2968.0,3036.642,key_moments,2026-02-10 03:14:50.827448,WS-ENTERTAINMENT
IG0027643,- Write a Hit Song: The Ultimate Pop Production Guide,source_280,source_280,False,Company_A,content_editor_02,Entertainment,English,speech,,,,False,2026-02-10 00:00:00.000000,41.02,,,,,,,,,,,key_moments,2026-02-10 01:24:48.825872,WS-ENTERTAINMENT
YT0011827,- Turning Trash into Bangers: Sound Design Challenge!,source_281,source_281,True,Company_A,content_editor_02,Entertainment,English,interview,shorts,Youtube,,True,2026-02-12 00:00:00.000000,40.75,20.516666666666666,50.55,340.0,Playlist,3.26,1251937.0,94113.0,1014.0,2533.0,4526.679666666667,key_moments,2026-02-12 06:59:00.767722,WS-ENTERTAINMENT
IG0011827,- Turning Trash into Bangers: Sound Design Challenge!,source_281,source_281,True,Company_A,content_editor_02,Entertainment,English,special_report,reels,Instagram,,True,2026-02-12 00:00:00.000000,40.75,19.5,54.0,250.0,Playlist,3.26,1996981.0,171499.0,1634.0,6039.0,3594.57,chapters,2026-02-12 04:23:52.354505,WS-ENTERTAINMENT
YT0014276,- My House is a Studio?! Creating a Song From Scratch (w/ Found Sounds),source_281,source_281,True,Company_A,content_editor_02,Entertainment,English,special_report,shorts,Youtube,,True,2026-02-13 00:00:00.000000,64.83,38.6,62.41,381.0,Playlist,24.07,1844888.0,74988.0,4621.0,1921.0,15937.7825,chapters,2026-02-13 06:44:05.747728,WS-ENTERTAINMENT
IG0014276,- My House is a Studio?! Creating a Song From Scratch (w/ Found Sounds),source_281,source_281,True,Company_A,content_editor_02,Entertainment,English,special_report,reels,Instagram,,True,2026-02-13 00:00:00.000000,64.83,37.5,71.0,273.0,Playlist,24.07,2914996.0,157804.0,8200.0,3538.0,17247.06,summary,2026-02-13 01:36:28.822084,WS-ENTERTAINMENT
YT0016598,- Music Production Secrets: The Anatomy of a Banger,source_282,source_282,True,Company_A,content_editor_02,Entertainment,English,speech,shorts,Youtube,,True,2026-02-15 00:00:00.000000,40.38,28.5,82.74,9.0,Channel Page,15.45,372750.0,93540.0,5264.0,1688.0,2174.375,summary,2026-02-15 05:17:57.536774,WS-ENTERTAINMENT
IG0016598,- Music Production Secrets: The Anatomy of a Banger,source_282,source_282,True,Company_A,content_editor_02,Entertainment,English,speech,reels,Instagram,,True,2026-02-15 00:00:00.000000,40.38,30.5,90.0,7.0,Channel Page,15.45,533444.0,151280.0,8461.0,2720.0,3067.3,key_moments,2026-02-15 04:42:48.995774,WS-ENTERTAINMENT
YT0023906,- Make a Hit Song: The Ultimate Production Guide,source_282,source_282,True,Company_A,content_editor_02,Entertainment,English,speech,shorts,Youtube,,True,2026-02-18 00:00:00.000000,44.27,9.5,6.83,150.0,Shorts Feed,21.54,810458.0,91232.0,6786.0,2736.0,450.2545,full_package,2026-02-18 04:28:14.156222,WS-ENTERTAINMENT
IG0023906,- Make a Hit Song: The Ultimate Production Guide,source_282,source_282,True,Company_A,content_editor_02,Entertainment,English,interview,reels,Instagram,,True,2026-02-18 00:00:00.000000,44.27,9.5,7.0,121.0,Shorts Feed,21.54,1138159.0,196017.0,8565.0,6731.0,44.26,full_package,2026-02-18 02:18:56.266715,WS-ENTERTAINMENT
YT0002206,"- Level Up Your Music: Mixing, Mastering, and More!",source_282,source_282,True,Company_A,content_editor_02,Entertainment,English,special_report,shorts,Youtube,,True,2026-02-19 00:00:00.000000,62.41,28.7,44.72,1.0,Playlist,8.35,1014072.0,76248.0,4347.0,1323.0,5971.757333333333,key_moments,2026-02-19 10:21:28.610274,WS-ENTERTAINMENT
YT0029473,- Pop Song REIMAGINED: You Won't Believe This Genre Flip!,source_283,source_283,True,Company_A,content_editor_02,Entertainment,English,special_report,shorts,Youtube,,True,2026-02-19 00:00:00.000000,71.96000000000001,12.433333333333334,8.66,364.0,Suggested,21.78,555401.0,73871.0,1303.0,2092.0,761.105,summary,2026-02-19 20:37:32.709586,WS-ENTERTAINMENT
YT0014834,- Deconstructing a Pop Hit: From Upbeat to Ballad,source_283,source_283,True,Company_A,content_editor_02,Entertainment,English,interview,shorts,Youtube,,True,2026-02-19 00:00:00.000000,64.86,16.96666666666667,18.99,38.0,Suggested,7.22,745904.0,99362.0,826.0,2912.0,1961.4513333333327,key_moments,2026-02-19 01:38:43.651022,WS-ENTERTAINMENT
IG0002206,"- Level Up Your Music: Mixing, Mastering, and More!",source_282,source_282,True,Company_A,content_editor_02,Entertainment,English,interview,reels,Instagram,,True,2026-02-19 00:00:00.000000,62.41,30.5,49.0,1.0,Playlist,8.35,1799411.0,149577.0,5662.0,3278.0,5633.16,chapters,2026-02-19 07:07:05.383168,WS-ENTERTAINMENT
IG0029473,- Pop Song REIMAGINED: You Won't Believe This Genre Flip!,source_283,source_283,False,Company_A,content_editor_02,Entertainment,English,interview,,,,False,2026-02-19 00:00:00.000000,71.96000000000001,,,,,,,,,,,chapters,2026-02-19 00:24:00.439227,WS-ENTERTAINMENT
IG0014834,- Deconstructing a Pop Hit: From Upbeat to Ballad,source_283,source_283,False,Company_A,content_editor_02,Entertainment,English,special_report,,,,False,2026-02-19 00:00:00.000000,64.86,,,,,,,,,,,full_package,2026-02-19 06:49:44.500077,WS-ENTERTAINMENT
YT0009733,- We Remade a Pop Song... And It's Unrecognizable!,source_283,source_283,True,Company_A,content_editor_02,Entertainment,English,special_report,shorts,Youtube,,True,2026-02-20 00:00:00.000000,64.47,24.066666666666663,33.49,156.0,Channel Page,0.46,441302.0,77510.0,6266.0,2541.0,2030.8065,key_moments,2026-02-20 00:53:45.553338,WS-ENTERTAINMENT
IG0009733,- We Remade a Pop Song... And It's Unrecognizable!,source_283,source_283,True,Company_A,content_editor_02,Entertainment,English,interview,reels,Instagram,,True,2026-02-20 00:00:00.000000,64.47,22.5,36.0,112.0,Channel Page,0.46,789138.0,172964.0,9411.0,3932.0,1183.71,key_moments,2026-02-20 02:37:41.721358,WS-ENTERTAINMENT
YT0017545,- Making a BANGER... From Trash?!,source_284,source_284,True,Company_A,content_editor_02,Entertainment,English,speech,shorts,Youtube,,True,2026-02-21 00:00:00.000000,47.14,21.78333333333333,44.44,392.0,Channel Page,13.95,1064291.0,74391.0,7010.0,2111.0,4222.6731666666665,chapters,2026-02-21 01:23:56.988971,WS-ENTERTAINMENT
IG0017545,- Making a BANGER... From Trash?!,source_284,source_284,True,Company_A,content_editor_02,Entertainment,English,discussion_show,reels,Instagram,,True,2026-02-21 00:00:00.000000,47.14,21.5,49.0,290.0,Channel Page,13.95,1797914.0,129615.0,11771.0,3795.0,3426.03,key_moments,2026-02-21 03:21:58.570288,WS-ENTERTAINMENT
YT0006134,- From Street Noise to Studio Gold ✨,source_284,source_284,True,Company_A,content_editor_02,Entertainment,English,interview,shorts,Youtube,,True,2026-02-22 00:00:00.000000,70.68,43.18333333333333,64.09,140.0,External,18.75,803027.0,92847.0,2120.0,715.0,7959.633333333333,key_moments,2026-02-22 07:49:30.157284,WS-ENTERTAINMENT
IG0006134,- From Street Noise to Studio Gold ✨,source_284,source_284,True,Company_A,content_editor_02,Entertainment,English,discussion_show,reels,Instagram,,True,2026-02-22 00:00:00.000000,70.68,41.5,74.0,102.0,External,18.75,1554776.0,187232.0,2863.0,1079.0,10866.16,full_package,2026-02-22 00:54:18.860504,WS-ENTERTAINMENT
YT0018921,- I Made a Song With *Only* Found Sounds,source_284,source_284,True,Company_A,content_editor_02,Entertainment,English,interview,shorts,Youtube,,True,2026-02-24 00:00:00.000000,38.96,30.816666666666663,97.31,247.0,Shorts Feed,29.2,56337.0,99906.0,1744.0,1019.0,364.8863333333333,chapters,2026-02-24 03:00:01.061917,WS-ENTERTAINMENT
IG0018921,- I Made a Song With *Only* Found Sounds,source_284,source_284,True,Company_A,content_editor_02,Entertainment,English,discussion_show,reels,Instagram,,True,2026-02-24 00:00:00.000000,38.96,29.5,100.0,210.0,Shorts Feed,29.2,110342.0,229086.0,2490.0,2448.0,748.49,key_moments,2026-02-24 02:39:09.923954,WS-ENTERTAINMENT
YT0014746,- Everyday Sounds... Epic Music?! 🤯,source_284,source_284,True,Company_A,content_editor_02,Entertainment,English,discussion_show,shorts,Youtube,,True,2026-02-25 00:00:00.000000,51.08,8.283333333333333,2.17,194.0,Suggested,29.94,1677594.0,75144.0,2935.0,455.0,365.032,key_moments,2026-02-25 14:10:12.319056,WS-ENTERTAINMENT
IG0014746,- Everyday Sounds... Epic Music?! 🤯,source_284,source_284,True,Company_A,content_editor_02,Entertainment,English,interview,reels,Instagram,,True,2026-02-25 00:00:00.000000,51.08,8.5,2.0,186.0,Suggested,29.94,2721344.0,175667.0,4637.0,824.0,15.12,my_key_moments,2026-02-25 05:39:00.968659,WS-ENTERTAINMENT
YT0007286,- Unlock Your Songwriting Superpowers: Melodies & Chords,source_285,source_285,True,Company_A,content_editor_02,Entertainment,English,speech,shorts,Youtube,,True,2026-02-26 00:00:00.000000,18.05,9.8,75.41,2.0,Suggested,19.73,309996.0,76487.0,1119.0,959.0,198.053,key_moments,2026-02-26 01:33:35.072590,WS-ENTERTAINMENT
YT0004720,- Music Theory That Doesn't Suck: Write Killer Songs NOW!,source_285,source_285,True,Company_A,content_editor_02,Entertainment,English,discussion_show,shorts,Youtube,,True,2026-02-26 00:00:00.000000,70.25999999999999,29.4,39.63,31.0,Playlist,13.11,1208461.0,74644.0,4832.0,589.0,7351.471,key_moments,2026-02-26 02:44:36.840798,WS-ENTERTAINMENT
IG0007286,- Unlock Your Songwriting Superpowers: Melodies & Chords,source_285,source_285,True,Company_A,content_editor_02,Entertainment,English,discussion_show,reels,Instagram,,True,2026-02-26 00:00:00.000000,18.05,9.5,89.0,2.0,Suggested,19.73,580151.0,131909.0,1698.0,2057.0,286.85,key_moments,2026-02-26 13:53:24.429789,WS-ENTERTAINMENT
IG0004720,- Music Theory That Doesn't Suck: Write Killer Songs NOW!,source_285,source_285,True,Company_A,content_editor_02,Entertainment,English,discussion_show,reels,Instagram,,True,2026-02-26 00:00:00.000000,70.25999999999999,28.5,43.0,29.0,Playlist,13.11,1982773.0,140562.0,5802.0,958.0,4973.46,key_moments,2026-02-26 07:05:01.071222,WS-ENTERTAINMENT
YT0004791,- From Zero to Hero: Compose Your First Hit Song Today!,source_285,source_285,True,Company_A,content_editor_02,Entertainment,English,special_report,shorts,Youtube,,True,2026-02-27 00:00:00.000000,29.53,13.833333333333332,43.59,259.0,External,13.36,169860.0,74293.0,1303.0,2645.0,298.82783333333333,my_key_moments,2026-02-27 01:55:07.732502,WS-ENTERTAINMENT
YT0029333,- Synth-Pop Surgery: Rebuilding a Classic Hit!,source_286,source_286,True,Company_A,content_editor_02,Entertainment,English,interview,shorts,Youtube,,True,2026-02-27 00:00:00.000000,56.89,27.58333333333333,47.94,128.0,Playlist,0.21,628914.0,82019.0,6091.0,196.0,3508.5248333333334,key_moments,2026-02-27 03:13:49.811704,WS-ENTERTAINMENT
YT0029552,"- The Anatomy of a Synth-Pop Song: Arrangement, Sound, and Secrets",source_286,source_286,True,Company_A,content_editor_02,Entertainment,English,speech,shorts,Youtube,,True,2026-02-27 00:00:00.000000,29.82,13.233333333333334,38.69,222.0,Suggested,13.07,1602763.0,88377.0,4021.0,589.0,2552.5485,summary,2026-02-27 03:18:51.009938,WS-ENTERTAINMENT
IG0004791,- From Zero to Hero: Compose Your First Hit Song Today!,source_285,source_285,True,Company_A,content_editor_02,Entertainment,English,special_report,reels,Instagram,,True,2026-02-27 00:00:00.000000,29.53,13.5,50.0,232.0,External,13.36,238613.0,111942.0,2235.0,4276.0,198.84,chapters,2026-02-27 02:36:03.720163,WS-ENTERTAINMENT
IG0029333,- Synth-Pop Surgery: Rebuilding a Classic Hit!,source_286,source_286,True,Company_A,content_editor_02,Entertainment,English,special_report,reels,Instagram,,True,2026-02-27 00:00:00.000000,56.89,27.5,53.0,111.0,Playlist,0.21,891601.0,148577.0,10465.0,353.0,2625.27,key_moments,2026-02-27 01:01:05.843583,WS-ENTERTAINMENT
IG0029552,"- The Anatomy of a Synth-Pop Song: Arrangement, Sound, and Secrets",source_286,source_286,True,Company_A,content_editor_02,Entertainment,English,special_report,reels,Instagram,,True,2026-02-27 00:00:00.000000,29.82,12.5,43.0,221.0,Suggested,13.07,2907739.0,209687.0,5721.0,1295.0,1736.57,key_moments,2026-02-27 02:19:33.993022,WS-ENTERTAINMENT
YT0011238,- I Rebuilt a Synth-Pop Masterpiece (and You Can Too!),source_286,source_286,True,Company_A,content_editor_02,Entertainment,English,special_report,shorts,Youtube,,True,2026-02-28 00:00:00.000000,48.84,39.88333333333333,95.7,339.0,Notifications,21.01,1125263.0,75745.0,2369.0,2367.0,10122.1575,my_key_moments,2026-02-28 12:09:14.201885,WS-ENTERTAINMENT
IG0011238,- I Rebuilt a Synth-Pop Masterpiece (and You Can Too!),source_286,source_286,True,Company_A,content_editor_02,Entertainment,English,interview,reels,Instagram,,True,2026-02-28 00:00:00.000000,48.84,38.5,100.0,261.0,Notifications,21.01,1812449.0,130777.0,4179.0,5329.0,17792.21,full_package,2026-02-28 02:56:55.472609,WS-ENTERTAINMENT
YT0028653,"- Synth-Pop Deconstructed: Vocal Tricks, Drum Secrets & More!",source_286,source_286,True,Company_A,content_editor_02,Entertainment,English,speech,shorts,Youtube,,True,2026-03-01 00:00:00.000000,17.77,8.583333333333334,39.11,371.0,Browse,29.11,1154715.0,78790.0,4713.0,1568.0,347.4836666666667,summary,2026-03-01 03:40:58.320296,WS-ENTERTAINMENT
YT0008214,- Fridge Hum to FIRE Track?! (Household Sounds ONLY!),source_287,source_287,False,Company_A,content_editor_02,Entertainment,English,interview,,,,False,2026-03-01 00:00:00.000000,43.27,,,,,,,,,,,key_moments,2026-03-01 04:28:33.359718,WS-ENTERTAINMENT
IG0028653,"- Synth-Pop Deconstructed: Vocal Tricks, Drum Secrets & More!",source_286,source_286,True,Company_A,content_editor_02,Entertainment,English,speech,reels,Instagram,,True,2026-03-01 00:00:00.000000,17.77,8.5,46.0,263.0,Browse,29.11,1643456.0,196846.0,6833.0,2730.0,210.0,summary,2026-03-01 23:35:22.690777,WS-ENTERTAINMENT
IG0008214,- Fridge Hum to FIRE Track?! (Household Sounds ONLY!),source_287,source_287,True,Company_A,content_editor_02,Entertainment,English,speech,reels,Instagram,,True,2026-03-01 00:00:00.000000,43.27,22.5,56.0,8.0,Playlist,7.98,216683.0,148905.0,2157.0,2530.0,505.59,summary,2026-03-01 04:01:42.601160,WS-ENTERTAINMENT
YT0009342,- Making Music From My HOUSE?! (You Won't Believe This!),source_287,source_287,True,Company_A,content_editor_02,Entertainment,English,special_report,shorts,Youtube,,True,2026-03-03 00:00:00.000000,56.61,21.2,32.92,48.0,External,16.13,20444.0,80964.0,5497.0,1882.0,77.80083333333333,chapters,2026-03-03 09:35:49.203260,WS-ENTERTAINMENT
IG0009342,- Making Music From My HOUSE?! (You Won't Believe This!),source_287,source_287,True,Company_A,content_editor_02,Entertainment,English,special_report,reels,Instagram,,True,2026-03-03 00:00:00.000000,56.61,21.5,37.0,40.0,External,16.13,30167.0,121543.0,9162.0,3500.0,43.41,chapters,2026-03-03 02:28:43.462723,WS-ENTERTAINMENT
YT0027786,- Ableton Soundscapes: From Blank Canvas to Sonic Masterpiece,source_288,source_288,True,Company_A,content_editor_02,Entertainment,English,interview,shorts,Youtube,,True,2026-03-05 00:00:00.000000,46.08,22.03333333333333,46.76,152.0,External,23.94,1931972.0,91768.0,4855.0,2200.0,7799.4425,full_package,2026-03-05 03:15:01.403574,WS-ENTERTAINMENT
IG0027786,- Ableton Soundscapes: From Blank Canvas to Sonic Masterpiece,source_288,source_288,True,Company_A,content_editor_02,Entertainment,English,discussion_show,reels,Instagram,,True,2026-03-05 00:00:00.000000,46.08,21.5,54.0,116.0,External,23.94,2864499.0,159822.0,7572.0,5005.0,6015.45,my_key_moments,2026-03-05 04:02:25.335893,WS-ENTERTAINMENT
YT0006063,- Level Up Your Music: Sound Design Secrets REVEALED,source_288,source_288,True,Company_A,content_editor_02,Entertainment,English,speech,shorts,Youtube,,True,2026-03-06 00:00:00.000000,24.36,10.383333333333333,30.8,380.0,Shorts Feed,12.2,1081314.0,91629.0,5158.0,1093.0,866.0523333333333,summary,2026-03-06 02:09:11.775029,WS-ENTERTAINMENT
IG0006063,- Level Up Your Music: Sound Design Secrets REVEALED,source_288,source_288,True,Company_A,content_editor_02,Entertainment,English,interview,reels,Instagram,,True,2026-03-06 00:00:00.000000,24.36,10.5,33.0,302.0,Shorts Feed,12.2,1582784.0,224079.0,6323.0,2136.0,435.27,summary,2026-03-06 03:23:54.428458,WS-ENTERTAINMENT
YT0001792,- Music Production From Scratch: My Creative Process REVEALED!,source_289,source_289,True,Company_A,content_editor_02,Entertainment,English,interview,shorts,Youtube,,True,2026-03-09 00:00:00.000000,49.36,23.0,45.11,129.0,Playlist,14.76,710017.0,93626.0,4079.0,2890.0,3057.017666666666,chapters,2026-03-09 08:08:22.386266,WS-ENTERTAINMENT
YT0028413,- Stop Making Boring Music: Ableton Sound Design Tutorial,source_288,source_288,True,Company_A,content_editor_02,Entertainment,English,interview,shorts,Youtube,,True,2026-03-09 00:00:00.000000,51.52,22.066666666666663,39.89,39.0,Channel Page,23.46,654162.0,84082.0,7903.0,2897.0,2646.9333333333334,key_moments,2026-03-09 02:06:30.796736,WS-ENTERTAINMENT
IG0001792,- Music Production From Scratch: My Creative Process REVEALED!,source_289,source_289,True,Company_A,content_editor_02,Entertainment,English,special_report,reels,Instagram,,True,2026-03-09 00:00:00.000000,49.36,22.5,47.0,92.0,Playlist,14.76,1258066.0,225408.0,5740.0,7034.0,2463.71,full_package,2026-03-09 04:00:01.025673,WS-ENTERTAINMENT
IG0028413,- Stop Making Boring Music: Ableton Sound Design Tutorial,source_288,source_288,True,Company_A,content_editor_02,Entertainment,English,discussion_show,reels,Instagram,,True,2026-03-09 00:00:00.000000,51.52,22.5,44.0,28.0,Channel Page,23.46,1022386.0,152153.0,11899.0,6932.0,1874.37,key_moments,2026-03-09 07:03:06.436819,WS-ENTERTAINMENT
YT0021356,- Turn Ideas into BANGERS: Music Production Secrets You NEED to Know,source_289,source_289,True,Company_A,content_editor_02,Entertainment,English,speech,shorts,Youtube,,True,2026-03-10 00:00:00.000000,18.93,9.116666666666667,41.14,353.0,Suggested,8.86,1852753.0,89145.0,5741.0,240.0,832.0233333333333,key_moments,2026-03-10 02:04:05.839109,WS-ENTERTAINMENT
YT0027856,- Stop Making BORING Tracks: Arrangement & Sound Design Tips,source_289,source_289,True,Company_A,content_editor_02,Entertainment,English,interview,shorts,Youtube,,True,2026-03-10 00:00:00.000000,50.53,33.81666666666666,74.07,373.0,Channel Page,6.33,912666.0,78078.0,505.0,1008.0,6671.757500000001,full_package,2026-03-10 09:36:29.813828,WS-ENTERTAINMENT
IG0021356,- Turn Ideas into BANGERS: Music Production Secrets You NEED to Know,source_289,source_289,True,Company_A,content_editor_02,Entertainment,English,speech,reels,Instagram,,True,2026-03-10 00:00:00.000000,18.93,9.5,49.0,272.0,Suggested,8.86,3077613.0,173877.0,8887.0,560.0,837.79,summary,2026-03-10 04:14:24.578145,WS-ENTERTAINMENT
IG0027856,- Stop Making BORING Tracks: Arrangement & Sound Design Tips,source_289,source_289,True,Company_A,content_editor_02,Entertainment,English,interview,reels,Instagram,,True,2026-03-10 00:00:00.000000,50.53,33.5,79.0,349.0,Channel Page,6.33,1440754.0,131718.0,871.0,1538.0,8220.3,summary,2026-03-10 03:30:18.073058,WS-ENTERTAINMENT
YT0000262,"- One Synth, Full Track: The Ultimate Production Hack",source_290,source_290,True,Company_A,content_editor_02,Entertainment,English,speech,shorts,Youtube,,True,2026-03-13 00:00:00.000000,26.79,9.383333333333333,15.97,97.0,Notifications,26.84,948268.0,78050.0,5686.0,306.0,496.0846666666667,summary,2026-03-13 00:48:08.420930,WS-ENTERTAINMENT
YT0000191,- Music From Scratch: My Synth-Only Workflow,source_290,source_290,True,Company_A,content_editor_02,Entertainment,English,interview,shorts,Youtube,,True,2026-03-13 00:00:00.000000,31.59,22.95,93.13,16.0,Playlist,0.33,369459.0,76497.0,3831.0,2680.0,1585.594833333333,full_package,2026-03-13 02:57:59.630686,WS-ENTERTAINMENT
YT0011321,- Stop Buying Plugins: Make a Full Song With ONE Synth,source_290,source_290,True,Company_A,content_editor_02,Entertainment,English,special_report,shorts,Youtube,,True,2026-03-13 00:00:00.000000,20.93,10.05,43.0,193.0,Notifications,26.57,543364.0,88991.0,3293.0,2047.0,384.8828333333333,key_moments,2026-03-13 05:23:05.049788,WS-ENTERTAINMENT
IG0000262,"- One Synth, Full Track: The Ultimate Production Hack",source_290,source_290,False,Company_A,content_editor_02,Entertainment,English,discussion_show,,,,False,2026-03-13 00:00:00.000000,26.79,,,,,,,,,,,key_moments,2026-03-13 16:09:37.822279,WS-ENTERTAINMENT
IG0000191,- Music From Scratch: My Synth-Only Workflow,source_290,source_290,True,Company_A,content_editor_02,Entertainment,English,interview,reels,Instagram,,True,2026-03-13 00:00:00.000000,31.59,22.5,100.0,16.0,Playlist,0.33,589686.0,115355.0,5863.0,4478.0,2702.73,key_moments,2026-03-13 06:18:01.271273,WS-ENTERTAINMENT
IG0011321,- Stop Buying Plugins: Make a Full Song With ONE Synth,source_290,source_290,True,Company_A,content_editor_02,Entertainment,English,special_report,reels,Instagram,,True,2026-03-13 00:00:00.000000,20.93,10.5,50.0,163.0,Notifications,26.57,808907.0,135756.0,4411.0,4795.0,337.04,summary,2026-03-13 09:50:52.763046,WS-ENTERTAINMENT
YT0000218,- Song Deconstructed: From Pop Hit to [Genre] Remix!,source_291,source_291,True,Company_A,content_editor_02,Entertainment,English,discussion_show,shorts,Youtube,,True,2026-03-14 00:00:00.000000,53.64,13.933333333333334,16.65,4.0,Search,2.02,443229.0,97450.0,5807.0,354.0,792.0666666666667,key_moments,2026-03-14 01:31:13.643857,WS-ENTERTAINMENT
YT0006705,- I Remade a Song By Destroying It First!,source_291,source_291,True,Company_A,content_editor_02,Entertainment,English,interview,shorts,Youtube,,True,2026-03-14 00:00:00.000000,59.83,12.216666666666669,10.52,214.0,Playlist,21.98,329406.0,97500.0,7505.0,1424.0,431.5828333333333,summary,2026-03-14 03:36:50.675465,WS-ENTERTAINMENT
IG0000218,- Song Deconstructed: From Pop Hit to [Genre] Remix!,source_291,source_291,True,Company_A,content_editor_02,Entertainment,English,interview,reels,Instagram,,True,2026-03-14 00:00:00.000000,53.64,14.5,19.0,3.0,Search,2.02,638493.0,210438.0,7674.0,662.0,235.89,key_moments,2026-03-14 10:37:17.830793,WS-ENTERTAINMENT
IG0006705,- I Remade a Song By Destroying It First!,source_291,source_291,True,Company_A,content_editor_02,Entertainment,English,special_report,reels,Instagram,,True,2026-03-14 00:00:00.000000,59.83,12.5,11.0,211.0,Playlist,21.98,541656.0,180229.0,10862.0,2380.0,82.75,chapters,2026-03-14 01:57:58.353798,WS-ENTERTAINMENT
YT0012219,- Music Makeover: Transforming a Song You Know,source_291,source_291,True,Company_A,content_editor_02,Entertainment,English,interview,shorts,Youtube,,True,2026-03-16 00:00:00.000000,65.03999999999999,8.633333333333333,2.26,334.0,Browse,26.37,1712013.0,90998.0,6016.0,2417.0,538.967,key_moments,2026-03-16 08:39:28.448271,WS-ENTERTAINMENT
IG0012219,- Music Makeover: Transforming a Song You Know,source_291,source_291,True,Company_A,content_editor_02,Entertainment,English,interview,reels,Instagram,,True,2026-03-16 00:00:00.000000,65.03999999999999,8.5,3.0,312.0,Browse,26.37,3152594.0,225127.0,10685.0,5218.0,26.27,key_moments,2026-03-16 07:11:30.665498,WS-ENTERTAINMENT
YT0028920,- Deconstructing Music: Turn ANY Song Into Something New,source_291,source_291,True,Company_A,content_editor_02,Entertainment,English,special_report,shorts,Youtube,,True,2026-03-17 00:00:00.000000,38.5,20.7,56.17,381.0,Shorts Feed,7.48,1626327.0,83162.0,4051.0,2210.0,5963.199,summary,2026-03-17 04:58:59.538387,WS-ENTERTAINMENT
YT0000624,- Song Transformation: The Ultimate Remix Guide,source_291,source_291,True,Company_A,content_editor_02,Entertainment,English,speech,shorts,Youtube,,True,2026-03-17 00:00:00.000000,57.12,23.65,38.34,89.0,Channel Page,19.37,248257.0,74125.0,4666.0,2729.0,1113.7085,key_moments,2026-03-17 03:04:30.302877,WS-ENTERTAINMENT
IG0028920,- Deconstructing Music: Turn ANY Song Into Something New,source_291,source_291,True,Company_A,content_editor_02,Entertainment,English,interview,reels,Instagram,,True,2026-03-17 00:00:00.000000,38.5,21.5,65.0,365.0,Shorts Feed,7.48,3073269.0,200235.0,6437.0,3552.0,7768.54,chapters,2026-03-17 01:49:01.667373,WS-ENTERTAINMENT
IG0000624,- Song Transformation: The Ultimate Remix Guide,source_291,source_291,True,Company_A,content_editor_02,Entertainment,English,interview,reels,Instagram,,True,2026-03-17 00:00:00.000000,57.12,24.5,44.0,79.0,Channel Page,19.37,405335.0,121409.0,7567.0,4991.0,842.2,chapters,2026-03-17 16:33:12.614098,WS-ENTERTAINMENT
YT0000341,- Rebuild ANY Song: Music Theory Secrets REVEALED,source_292,source_292,False,Company_A,content_editor_02,Entertainment,English,speech,,,,False,2026-03-19 00:00:00.000000,71.82,,,,,,,,,,,key_moments,2026-03-19 06:37:52.286388,WS-ENTERTAINMENT
YT0012367,- I Remade a Hit Song (You Won't Believe What Happened),source_292,source_292,True,Company_A,content_editor_02,Entertainment,English,special_report,shorts,Youtube,,True,2026-03-19 00:00:00.000000,32.120000000000005,14.083333333333332,38.45,40.0,External,22.73,797346.0,99985.0,5508.0,1543.0,1458.1096666666667,chapters,2026-03-19 05:15:10.571538,WS-ENTERTAINMENT
IG0000341,- Rebuild ANY Song: Music Theory Secrets REVEALED,source_292,source_292,True,Company_A,content_editor_02,Entertainment,English,speech,reels,Instagram,,True,2026-03-19 00:00:00.000000,71.82,8.5,3.0,53.0,External,2.98,1156317.0,198248.0,8915.0,3653.0,9.64,full_package,2026-03-19 02:52:29.605552,WS-ENTERTAINMENT
IG0012367,- I Remade a Hit Song (You Won't Believe What Happened),source_292,source_292,True,Company_A,content_editor_02,Entertainment,English,special_report,reels,Instagram,,True,2026-03-19 00:00:00.000000,32.120000000000005,13.5,42.0,29.0,External,22.73,1182462.0,193205.0,8186.0,2389.0,827.72,full_package,2026-03-19 04:07:22.957499,WS-ENTERTAINMENT
0017355,- Unlock the Secrets: How Hit Songs Are Made,source_173,source_173,False,Company_A,content_editor_02,Entertainment,English,discussion_show,,,,False,,63.54,,,,,,,,,,,chapters,,WS-ENTERTAINMENT
0015984,- Songwriting 101: The Science of a Smash Hit,source_173,source_173,False,Company_A,content_editor_02,Entertainment,English,special_report,,,,False,,48.67,,,,,,,,,,,chapters,,WS-ENTERTAINMENT
0012972,"- The Hit Song Formula: Melody, Lyrics, and Magic",source_173,source_173,False,Company_A,content_editor_02,Entertainment,English,interview,,,,False,,18.76,,,,,,,,,,,chapters,,WS-ENTERTAINMENT
0023270,- Build a HIT Song From SCRATCH! 🎶,source_174,source_174,False,Company_A,content_editor_02,Entertainment,English,speech,,,,False,,56.91,,,,,,,,,,,key_moments,,WS-ENTERTAINMENT
0023910,- Level Up Your Pop Game: Songwriting & Production Hacks 🔥,source_174,source_174,False,Company_A,content_editor_02,Entertainment,English,special_report,,,,False,,42.72,,,,,,,,,,,chapters,,WS-ENTERTAINMENT
0017311,- FREE VSTs ONLY?! Making a BANGER,source_178,source_178,False,Company_A,content_editor_02,Entertainment,English,interview,,,,False,,74.42,,,,,,,,,,,key_moments,,WS-ENTERTAINMENT
0002998,- Songwriting 101: Reverse Engineering a Hit Record,source_177,source_177,False,Company_A,content_editor_02,Entertainment,English,interview,,,,False,,17.0,,,,,,,,,,,full_package,,WS-ENTERTAINMENT
0015749,- I Made a Hit Song With *FREE* Plugins! (You Won't Believe It),source_178,source_178,False,Company_A,content_editor_02,Entertainment,English,special_report,,,,False,,73.45,,,,,,,,,,,my_key_moments,,WS-ENTERTAINMENT
0008659,- From Zero to Studio: Music Production Secrets,source_179,source_179,False,Company_A,content_editor_02,Entertainment,English,interview,,,,False,,62.59,,,,,,,,,,,my_key_moments,,WS-ENTERTAINMENT
0012442,- Layering Masterclass: Build a Track That EVOLVES,source_180,source_180,False,Company_A,content_editor_02,Entertainment,English,interview,,,,False,,32.5,,,,,,,,,,,full_package,,WS-ENTERTAINMENT
0008660,- Write Catchy Choruses: 3 Tips You NEED To Know!,source_181,source_181,False,Company_A,content_editor_02,Entertainment,English,interview,,,,False,,17.36,,,,,,,,,,,chapters,,WS-ENTERTAINMENT
0004240,- Write a Hit Song: The Anatomy of a Pop Track,source_182,source_182,False,Company_A,content_editor_02,Entertainment,English,special_report,,,,False,,37.56,,,,,,,,,,,full_package,,WS-ENTERTAINMENT
0026057,- The Science of a Smash Hit: Deconstructed!,source_184,source_184,False,Company_A,content_editor_02,Entertainment,English,special_report,,,,False,,64.85,,,,,,,,,,,key_moments,,WS-ENTERTAINMENT
0017873,- From Verse to Victory: The Ultimate Songwriting Guide,source_184,source_184,False,Company_A,content_editor_02,Entertainment,English,special_report,,,,False,,21.35,,,,,,,,,,,chapters,,WS-ENTERTAINMENT
0005479,- Unlock the Secrets: How to Write a Hit Song,source_185,source_185,False,Company_A,content_editor_02,Entertainment,English,interview,,,,False,,32.379999999999995,,,,,,,,,,,key_moments,,WS-ENTERTAINMENT
0014448,- From Zero to Hero: The Ultimate Guide to Songwriting,source_185,source_185,False,Company_A,content_editor_02,Entertainment,English,interview,,,,False,,55.26,,,,,,,,,,,key_moments,,WS-ENTERTAINMENT
0001028,- Modular Mayhem: Building a Song With No Computer,source_188,source_188,False,Company_A,content_editor_02,Entertainment,English,special_report,,,,False,,30.380000000000003,,,,,,,,,,,my_key_moments,,WS-ENTERTAINMENT
0022181,- Eurorack Only: Watch a Full Track Emerge,source_188,source_188,False,Company_A,content_editor_02,Entertainment,English,interview,,,,False,,30.69,,,,,,,,,,,summary,,WS-ENTERTAINMENT
0025616,- Synthception: Creating a Universe of Sound in Eurorack,source_188,source_188,False,Company_A,content_editor_02,Entertainment,English,special_report,,,,False,,19.71,,,,,,,,,,,chapters,,WS-ENTERTAINMENT
0001533,- Modular Soundscapes: From Zero to Evolving Textures,source_191,source_191,False,Company_A,content_editor_02,Entertainment,English,interview,,,,False,,68.78,,,,,,,,,,,key_moments,,WS-ENTERTAINMENT
0025980,"- Modular Patching: Unlock Evolving, Generative Music",source_191,source_191,False,Company_A,content_editor_02,Entertainment,English,interview,,,,False,,66.65,,,,,,,,,,,chapters,,WS-ENTERTAINMENT
0012775,- Unlock the Secrets: Deconstructing Chart-Topping Songs,source_194,source_194,False,Company_A,content_editor_02,Entertainment,English,interview,,,,False,,43.61,,,,,,,,,,,key_moments,,WS-ENTERTAINMENT
0017752,- From Vocal to Victory: Rebuilding a Synth-Pop Masterpiece,source_197,source_197,False,Company_A,content_editor_02,Entertainment,English,special_report,,,,False,,49.42,,,,,,,,,,,full_package,,WS-ENTERTAINMENT
0013904,- I Made a Pop Song From SCRATCH (and you can too!),source_198,source_198,False,Company_A,content_editor_02,Entertainment,English,interview,,,,False,,59.9,,,,,,,,,,,my_key_moments,,WS-ENTERTAINMENT
0008407,- Hit Song Deconstructed: The Anatomy of a Banger,source_201,source_201,False,Company_A,content_editor_02,Entertainment,English,speech,,,,False,,54.67,,,,,,,,,,,summary,,WS-ENTERTAINMENT
0009056,- Crafting a VIBE: Music Production Tutorial,source_203,source_203,False,Company_A,content_editor_02,Entertainment,English,interview,,,,False,,16.02,,,,,,,,,,,key_moments,,WS-ENTERTAINMENT
0028776,- Produce a Track with Me: Beginner to Masterclass 🎶,source_204,source_204,False,Company_A,content_editor_02,Entertainment,English,special_report,,,,False,,51.74,,,,,,,,,,,key_moments,,WS-ENTERTAINMENT
0009108,- From Zero to Club Banger: Watch Me Make a House Track,source_205,source_205,False,Company_A,content_editor_02,Entertainment,English,special_report,,,,False,,74.14,,,,,,,,,,,key_moments,,WS-ENTERTAINMENT
0014536,- Remixing a Classic: You Won't Believe What I Did!,source_207,source_207,False,Company_A,content_editor_02,Entertainment,English,interview,,,,False,,22.45,,,,,,,,,,,key_moments,,WS-ENTERTAINMENT
0027401,- The ULTIMATE Guide to Sound Manipulation in Ableton,source_208,source_208,False,Company_A,content_editor_02,Entertainment,English,special_report,,,,False,,40.15,,,,,,,,,,,key_moments,,WS-ENTERTAINMENT
0028492,- From Scratch: Electronic Music Magic!,source_210,source_210,False,Company_A,content_editor_02,Entertainment,English,interview,,,,False,,48.44,,,,,,,,,,,key_moments,,WS-ENTERTAINMENT
0011622,- Granular Soundscapes & Epic Drops!,source_210,source_210,False,Company_A,content_editor_02,Entertainment,English,special_report,,,,False,,68.88,,,,,,,,,,,key_moments,,WS-ENTERTAINMENT
0028757,- Synth Secrets: Build a Track From ZERO,source_210,source_210,False,Company_A,content_editor_02,Entertainment,English,interview,,,,False,,65.68,,,,,,,,,,,key_moments,,WS-ENTERTAINMENT
0012380,- Watch Me Make a Song From SCRATCH! (Music Production Timelapse),source_212,source_212,False,Company_A,content_editor_02,Entertainment,English,speech,,,,False,,53.99,,,,,,,,,,,chapters,,WS-ENTERTAINMENT
0029569,- The ULTIMATE Music Production Process: From Idea to Masterpiece,source_212,source_212,False,Company_A,content_editor_02,Entertainment,English,discussion_show,,,,False,,52.57,,,,,,,,,,,key_moments,,WS-ENTERTAINMENT
0014231,- Music Production Secrets REVEALED (Start to Finish),source_213,source_213,False,Company_A,content_editor_02,Entertainment,English,interview,,,,False,,46.73,,,,,,,,,,,summary,,WS-ENTERTAINMENT
0023531,- Pop Song Deconstructed: From Idea to HIT!,source_214,source_214,False,Company_A,content_editor_02,Entertainment,English,special_report,,,,False,,58.56,,,,,,,,,,,key_moments,,WS-ENTERTAINMENT
0017335,- Stop Making Basic Beats! (Pro Music Production Tips),source_215,source_215,False,Company_A,content_editor_02,Entertainment,English,speech,,,,False,,32.91,,,,,,,,,,,summary,,WS-ENTERTAINMENT
0021653,- Level Up Your Music: Production Secrets Revealed,source_216,source_216,False,Company_A,content_editor_02,Entertainment,English,interview,,,,False,,57.69,,,,,,,,,,,key_moments,,WS-ENTERTAINMENT
0015202,- Sample Like a PRO: Secret Ableton Tricks REVEALED,source_217,source_217,False,Company_A,content_editor_02,Entertainment,English,speech,,,,False,,19.05,,,,,,,,,,,chapters,,WS-ENTERTAINMENT
0010467,- From Trash to Bangin' Track: Music Production with Everyday Objects,source_218,source_218,False,Company_A,content_editor_02,Entertainment,English,special_report,,,,False,,56.79,,,,,,,,,,,key_moments,,WS-ENTERTAINMENT
0001409,- From Toy to Tune: Slinky Song Creation,source_220,source_220,False,Company_A,content_editor_02,Entertainment,English,discussion_show,,,,False,,44.39,,,,,,,,,,,chapters,,WS-ENTERTAINMENT
0029960,- Steal These Secrets: Reverse-Engineering Chart-Topping Songs,source_224,source_224,False,Company_A,content_editor_02,Entertainment,English,discussion_show,,,,False,,72.65,,,,,,,,,,,key_moments,,WS-ENTERTAINMENT
0018059,- From Zero to HERO: Making a House BANGER,source_230,source_230,False,Company_A,content_editor_02,Entertainment,English,interview,,,,False,,71.68,,,,,,,,,,,my_key_moments,,WS-ENTERTAINMENT
0001389,- Pop Song Deconstructed: From Idea to Radio Hit!,source_232,source_232,False,Company_A,content_editor_02,Entertainment,English,special_report,,,,False,,43.41,,,,,,,,,,,key_moments,,WS-ENTERTAINMENT
0022474,- Eurorack Jam: Watch Me Build an Ambient Track,source_233,source_233,False,Company_A,content_editor_02,Entertainment,English,special_report,,,,False,,32.45,,,,,,,,,,,chapters,,WS-ENTERTAINMENT
0028649,- Level Up Your Music: Mixing & Mastering Secrets REVEALED,source_237,source_237,False,Company_A,content_editor_02,Entertainment,English,interview,,,,False,,47.24,,,,,,,,,,,summary,,WS-ENTERTAINMENT
0003513,- Turn Your HOUSE into an INSTRUMENT! (Found Sound Music),source_239,source_239,False,Company_A,content_editor_02,Entertainment,English,interview,,,,False,,59.19,,,,,,,,,,,key_moments,,WS-ENTERTAINMENT
0029545,"- Make Music That GRABS You: Rhythm, Harmony, & MORE!",source_240,source_240,False,Company_A,content_editor_02,Entertainment,English,discussion_show,,,,False,,63.56,,,,,,,,,,,key_moments,,WS-ENTERTAINMENT
0001311,- Stop Using Samples: Make a Realistic Gunshot (Synthesized!),source_245,source_245,False,Company_A,content_editor_02,Entertainment,English,interview,,,,False,,49.77,,,,,,,,,,,full_package,,WS-ENTERTAINMENT
0019564,- Song Deconstructed: My Complete Music Production Process,source_246,source_246,False,Company_A,content_editor_02,Entertainment,English,special_report,,,,False,,39.61,,,,,,,,,,,key_moments,,WS-ENTERTAINMENT
0001253,- Level Up Your Tracks: Mixing & Mastering Secrets,source_247,source_247,False,Company_A,content_editor_02,Entertainment,English,speech,,,,False,,38.5,,,,,,,,,,,summary,,WS-ENTERTAINMENT
0012019,- Music Production Secrets: The ULTIMATE Guide,source_249,source_249,False,Company_A,content_editor_02,Entertainment,English,interview,,,,False,,23.130000000000003,,,,,,,,,,,key_moments,,WS-ENTERTAINMENT
0012456,- From Zero to HERO: Make a Hit Song NOW!,source_249,source_249,False,Company_A,content_editor_02,Entertainment,English,special_report,,,,False,,56.77,,,,,,,,,,,key_moments,,WS-ENTERTAINMENT
0002150,- From Zero to Pop Hero: Songwriting Secrets REVEALED!,source_250,source_250,False,Company_A,content_editor_02,Entertainment,English,discussion_show,,,,False,,16.13,,,,,,,,,,,my_key_moments,,WS-ENTERTAINMENT
0003332,- House Track From Scratch: My Full Production Process,source_251,source_251,False,Company_A,content_editor_02,Entertainment,English,special_report,,,,False,,45.11,,,,,,,,,,,chapters,,WS-ENTERTAINMENT
0016374,- Bangin' House Music: From Idea to Finished Track,source_251,source_251,False,Company_A,content_editor_02,Entertainment,English,interview,,,,False,,69.85,,,,,,,,,,,chapters,,WS-ENTERTAINMENT
0001541,- Secrets to a Perfect House Groove: Production Tutorial,source_251,source_251,False,Company_A,content_editor_02,Entertainment,English,interview,,,,False,,38.8,,,,,,,,,,,key_moments,,WS-ENTERTAINMENT
0001695,- From Scratch to Hit Song: The Ultimate Production Guide,source_253,source_253,False,Company_A,content_editor_02,Entertainment,English,discussion_show,,,,False,,73.09,,,,,,,,,,,full_package,,WS-ENTERTAINMENT
0028615,- Hit Song Deconstructed: The Anatomy of a Chart-Topper,source_258,source_258,False,Company_A,content_editor_02,Entertainment,English,interview,,,,False,,40.260000000000005,,,,,,,,,,,chapters,,WS-ENTERTAINMENT
0011089,- Human Beatbox Studio: Watch Me Create a Full Song!,source_260,source_260,False,Company_A,content_editor_02,Entertainment,English,special_report,,,,False,,28.58,,,,,,,,,,,key_moments,,WS-ENTERTAINMENT
0026127,"- Write, Record, Mix, Master: The ULTIMATE Songwriting Guide",source_264,source_264,False,Company_A,content_editor_02,Entertainment,English,interview,,,,False,,39.49,,,,,,,,,,,summary,,WS-ENTERTAINMENT
0010851,- Secret Songwriting Formula: Unlock Your Inner Hitmaker!,source_264,source_264,False,Company_A,content_editor_02,Entertainment,English,special_report,,,,False,,44.54,,,,,,,,,,,chapters,,WS-ENTERTAINMENT
0004585,- Turn Your World Into Music: Sound Design Challenge!,source_266,source_266,False,Company_A,content_editor_02,Entertainment,English,discussion_show,,,,False,,20.5,,,,,,,,,,,full_package,,WS-ENTERTAINMENT
0015213,- Mixing & Mastering: The EASY Way to Get a Pro Sound!,source_269,source_269,False,Company_A,content_editor_02,Entertainment,English,special_report,,,,False,,69.69,,,,,,,,,,,key_moments,,WS-ENTERTAINMENT
0007305,- From Familiar to FIRE: Remixing a Track in Ableton Live,source_270,source_270,False,Company_A,content_editor_02,Entertainment,English,discussion_show,,,,False,,31.02,,,,,,,,,,,key_moments,,WS-ENTERTAINMENT
0001172,- Hit Song Deconstructed: The Anatomy of a Banger,source_272,source_272,False,Company_A,content_editor_02,Entertainment,English,interview,,,,False,,73.68,,,,,,,,,,,full_package,,WS-ENTERTAINMENT
0004533,- Song From Scratch: My Production Secrets REVEALED 🤫,source_277,source_277,False,Company_A,content_editor_02,Entertainment,English,special_report,,,,False,,32.9,,,,,,,,,,,full_package,,WS-ENTERTAINMENT
0020244,- Modular Synth Secrets: Unlock Infinite Soundscapes,source_276,source_276,False,Company_A,content_editor_02,Entertainment,English,speech,,,,False,,73.53,,,,,,,,,,,summary,,WS-ENTERTAINMENT
0026664,- Stop Wasting Time: Produce Music FASTER (This Trick Works!) 🚀,source_277,source_277,False,Company_A,content_editor_02,Entertainment,English,special_report,,,,False,,46.55,,,,,,,,,,,key_moments,,WS-ENTERTAINMENT
0006026,- From Pop to Acoustic: Deconstructing & Rebuilding a Hit Song,source_279,source_279,False,Company_A,content_editor_02,Entertainment,English,interview,,,,False,,34.97,,,,,,,,,,,full_package,,WS-ENTERTAINMENT
0018603,- Fridge Hum to FIRE Track: Making Music From Everyday Sounds!,source_281,source_281,False,Company_A,content_editor_02,Entertainment,English,speech,,,,False,,61.29,,,,,,,,,,,summary,,WS-ENTERTAINMENT
0024820,- Deconstructing a Hit Song: From Scratch to Radio Ready,source_282,source_282,False,Company_A,content_editor_02,Entertainment,English,interview,,,,False,,26.65,,,,,,,,,,,key_moments,,WS-ENTERTAINMENT
0020778,- Genre Bending: The ULTIMATE Song Transformation,source_283,source_283,False,Company_A,content_editor_02,Entertainment,English,special_report,,,,False,,40.870000000000005,,,,,,,,,,,chapters,,WS-ENTERTAINMENT
0023028,- Pop Song Surgery: Rebuilding a Hit From Scratch,source_283,source_283,False,Company_A,content_editor_02,Entertainment,English,discussion_show,,,,False,,27.78,,,,,,,,,,,key_moments,,WS-ENTERTAINMENT
0014944,- Stop Writing Boring Music: Advanced Harmony Secrets REVEALED,source_285,source_285,False,Company_A,content_editor_02,Entertainment,English,interview,,,,False,,37.99,,,,,,,,,,,key_moments,,WS-ENTERTAINMENT
0025621,- Deconstructing a Synth-Pop Anthem: From Stems to Stunning,source_286,source_286,False,Company_A,content_editor_02,Entertainment,English,interview,,,,False,,23.43,,,,,,,,,,,key_moments,,WS-ENTERTAINMENT
0010316,- Squeaky Door to Song: Unconventional Music Production,source_287,source_287,False,Company_A,content_editor_02,Entertainment,English,interview,,,,False,,51.29,,,,,,,,,,,summary,,WS-ENTERTAINMENT
0018878,- Granular Synthesis Secrets: Create UNREAL Sounds in Ableton,source_288,source_288,False,Company_A,content_editor_02,Entertainment,English,interview,,,,False,,31.07,,,,,,,,,,,key_moments,,WS-ENTERTAINMENT
0024384,- From Studio to Streaming: Mixing & Mastering Secrets for Pro Sound,source_289,source_289,False,Company_A,content_editor_02,Entertainment,English,interview,,,,False,,67.63,,,,,,,,,,,chapters,,WS-ENTERTAINMENT
0006600,- Synth Song Challenge: From Zero to Hero!,source_290,source_290,False,Company_A,content_editor_02,Entertainment,English,special_report,,,,False,,26.46,,,,,,,,,,,my_key_moments,,WS-ENTERTAINMENT
0022881,- Song Deconstructed: From Original to Remix in Minutes!,source_292,source_292,False,Company_A,content_editor_02,Entertainment,English,interview,,,,False,,60.1,,,,,,,,,,,chapters,,WS-ENTERTAINMENT
YT0008312,- MicroLED: The Display Tech That Will Blow You Away?,source_293,source_293,False,Company_A,content_editor_03,Tech_Analysis,English,speech,,,,False,2025-03-19 00:00:00.000000,36.21,,,,,,,,,,,key_moments,2025-03-19 08:45:26.935866,WS-TECH-ANALYSIS
YT0002762,- MicroLED vs. OLED: The ULTIMATE Display Showdown!,source_293,source_293,True,Company_A,content_editor_03,Lifestyle,English,interview,shorts,Youtube,,True,2025-03-19 00:00:00.000000,26.16,13.7,55.56,14.0,Notifications,11.27,1446375.0,81750.0,4330.0,2140.0,2490.9791666666665,chapters,2025-03-19 02:00:50.934289,WS-LIFESTYLE
YT0009954,- Unboxing the Future: My MicroLED Experiment!,source_293,source_293,False,Company_A,content_editor_03,Tech_Analysis,English,special_report,,,,False,2025-03-19 00:00:00.000000,56.91,,,,,,,,,,,chapters,2025-03-19 02:31:12.476389,WS-TECH-ANALYSIS
IG0008312,- MicroLED: The Display Tech That Will Blow You Away?,source_293,source_293,True,Company_A,content_editor_03,Tech_Analysis,English,interview,reels,Instagram,,True,2025-03-19 00:00:00.000000,36.21,17.066666666666666,42.0,130.0,Playlist,25.41,264300.0,51059.0,4450.0,1174.0,294.99,chapters,2025-03-19 13:52:23.070569,WS-TECH-ANALYSIS
IG0009954,- Unboxing the Future: My MicroLED Experiment!,source_293,source_293,True,Company_A,content_editor_03,Tech_Analysis,English,speech,reels,Instagram,,True,2025-03-19 00:00:00.000000,56.91,12.6,12.0,67.0,Channel Page,6.93,710241.0,46794.0,1706.0,607.0,120.74,my_key_moments,2025-03-19 03:30:24.400834,WS-TECH-ANALYSIS
IG0002762,- MicroLED vs. OLED: The ULTIMATE Display Showdown!,source_293,source_293,True,Company_A,content_editor_03,Lifestyle,English,special_report,reels,Instagram,,True,2025-03-19 00:00:00.000000,26.16,13.7,71.0,19.0,Notifications,11.27,2721563.0,202173.0,7424.0,6128.0,3327.87,full_package,2025-03-19 04:05:51.326781,WS-LIFESTYLE
YT0017780,- MicroLED: The Next Big Thing... or Just Hype?,source_293,source_293,True,Company_A,content_editor_03,Tech_Analysis,English,special_report,shorts,Youtube,,True,2025-03-20 00:00:00.000000,74.47999999999999,47.583333333333336,67.39,642.0,Suggested,29.11,859657.0,61970.0,4425.0,1760.0,9571.643833333334,chapters,2025-03-20 03:28:37.719862,WS-TECH-ANALYSIS
IG0017780,- MicroLED: The Next Big Thing... or Just Hype?,source_293,source_293,True,Company_A,content_editor_03,Tech_Analysis,English,news_bulletin,reels,Instagram,,True,2025-03-20 00:00:00.000000,74.47999999999999,47.583333333333336,64.0,326.0,Suggested,29.11,470924.0,37596.0,3450.0,1537.0,3355.77,key_moments,2025-03-20 09:54:06.567594,WS-TECH-ANALYSIS
YT0025228,- Goodbye OLED? Hello MicroLED!,source_293,source_293,True,Company_A,content_editor_03,Tech_Analysis,English,special_report,shorts,Youtube,,True,2025-03-21 00:00:00.000000,67.75,17.55,19.05,180.0,Notifications,19.9,1954483.0,74054.0,3318.0,939.0,5456.265,summary,2025-03-21 10:12:49.737310,WS-TECH-ANALYSIS
YT0016331,"- MicroLED: Brightness, Colors & Beyond!",source_293,source_293,True,Company_A,content_editor_03,Tech_Analysis,English,interview,shorts,Youtube,,True,2025-03-21 00:00:00.000000,34.29,9.166666666666666,8.64,26.0,Suggested,2.92,910865.0,70841.0,1210.0,1397.0,421.69683333333336,key_moments,2025-03-21 09:44:45.736735,WS-TECH-ANALYSIS
IG0025228,- Goodbye OLED? Hello MicroLED!,source_293,source_293,True,Company_A,content_editor_03,Tech_Analysis,English,news_bulletin,reels,Instagram,,True,2025-03-21 00:00:00.000000,67.75,17.55,18.0,97.0,Notifications,19.9,1201278.0,44361.0,2239.0,694.0,603.64,chapters,2025-03-21 04:05:09.334550,WS-TECH-ANALYSIS
IG0016331,"- MicroLED: Brightness, Colors & Beyond!",source_293,source_293,True,Company_A,content_editor_03,Tech_Analysis,English,interview,reels,Instagram,,True,2025-03-21 00:00:00.000000,34.29,9.166666666666666,8.0,19.0,Suggested,2.92,446555.0,41139.0,731.0,860.0,16.54,key_moments,2025-03-21 01:59:25.511336,WS-TECH-ANALYSIS
YT0004198,- Apple Vision Pro: The Future... or Just a Gimmick?,source_294,source_294,False,Company_A,content_editor_03,Tech_Analysis,English,interview,,,,False,2025-03-22 00:00:00.000000,25.1,,,,,,,,,,,full_package,2025-03-22 18:39:41.550842,WS-TECH-ANALYSIS
IG0004198,- Apple Vision Pro: The Future... or Just a Gimmick?,source_294,source_294,False,Company_A,content_editor_03,Tech_Analysis,English,special_report,,,,False,2025-03-22 00:00:00.000000,25.1,,,,,,,,,,,full_package,2025-03-22 07:56:07.662267,WS-TECH-ANALYSIS
YT0002475,- ARM vs. x86: The PC Battle of the Decade!,source_295,source_295,True,Company_A,content_editor_03,Tech_Analysis,English,interview,shorts,Youtube,,True,2025-03-23 00:00:00.000000,67.28,45.766666666666666,73.2,106.0,Search,24.29,386249.0,86821.0,7452.0,1115.0,4105.6838333333335,key_moments,2025-03-23 02:46:33.161624,WS-TECH-ANALYSIS
YT0018770,- M1 vs. Snapdragon X Elite: The END of Intel & AMD?,source_295,source_295,False,Company_A,content_editor_03,Tech_Analysis,English,interview,,,,False,2025-03-23 00:00:00.000000,58.49,,,,,,,,,,,key_moments,2025-03-23 12:29:42.938982,WS-TECH-ANALYSIS
IG0002475,- ARM vs. x86: The PC Battle of the Decade!,source_295,source_295,True,Company_A,content_editor_03,Tech_Analysis,English,speech,reels,Instagram,,True,2025-03-23 00:00:00.000000,67.28,45.766666666666666,65.0,79.0,Search,24.29,241711.0,43267.0,4746.0,949.0,1670.04,chapters,2025-03-23 02:36:21.513223,WS-TECH-ANALYSIS
IG0018770,- M1 vs. Snapdragon X Elite: The END of Intel & AMD?,source_295,source_295,True,Company_A,content_editor_03,Tech_Analysis,English,interview,reels,Instagram,,True,2025-03-23 00:00:00.000000,58.49,33.18333333333334,51.0,347.0,Suggested,8.33,639062.0,42475.0,476.0,1716.0,2325.21,key_moments,2025-03-23 12:21:53.429454,WS-TECH-ANALYSIS
YT0021722,- ARM PCs are HERE! But are they BETTER?,source_295,source_295,True,Company_A,content_editor_03,Lifestyle,English,speech,shorts,Youtube,,True,2025-03-24 00:00:00.000000,32.1,21.8,83.63,533.0,Playlist,21.71,1606091.0,17038.0,2161.0,237.0,6379.750333333333,summary,2025-03-24 13:03:06.290990,WS-LIFESTYLE
YT0021530,- Snapdragon X Elite SHOCKS the PC World!,source_295,source_295,True,Company_A,content_editor_03,Tech_Analysis,English,news_bulletin,shorts,Youtube,,True,2025-03-24 00:00:00.000000,54.22,31.466666666666665,61.11,251.0,Search,6.03,783834.0,92259.0,7759.0,2014.0,5218.302333333334,full_package,2025-03-24 01:54:49.799533,WS-TECH-ANALYSIS
IG0021530,- Snapdragon X Elite SHOCKS the PC World!,source_295,source_295,True,Company_A,content_editor_03,Tech_Analysis,English,special_report,reels,Instagram,,True,2025-03-24 00:00:00.000000,54.22,31.466666666666665,61.0,155.0,Search,6.03,508771.0,45628.0,4878.0,1537.0,2066.13,chapters,2025-03-24 06:22:14.328495,WS-TECH-ANALYSIS
IG0021722,- ARM PCs are HERE! But are they BETTER?,source_295,source_295,True,Company_A,content_editor_03,Lifestyle,English,speech,reels,Instagram,,True,2025-03-24 00:00:00.000000,32.1,21.8,100.0,600.0,Playlist,21.71,2486594.0,42911.0,3577.0,715.0,9976.08,key_moments,2025-03-24 07:28:42.995420,WS-LIFESTYLE
YT0008276,- Apple Vision Pro: The TRUTH After 7 Days,source_296,source_296,True,Company_A,content_editor_03,Tech_Analysis,English,speech,shorts,Youtube,,True,2025-03-27 00:00:00.000000,43.620000000000005,15.166666666666668,26.79,274.0,Playlist,19.45,1194562.0,65089.0,1819.0,750.0,2543.974666666667,summary,2025-03-28 08:24:07.383311,WS-TECH-ANALYSIS
YT0016382,- $3500 Apple Vision Pro: Worth It or Nah? 🤔,source_296,source_296,True,Company_A,content_editor_03,Tech_Analysis,English,news_bulletin,shorts,Youtube,,True,2025-03-27 00:00:00.000000,29.2,10.033333333333331,17.84,677.0,External,13.86,714193.0,64867.0,4152.0,2415.0,502.5803333333333,full_package,2025-03-27 02:12:31.712486,WS-TECH-ANALYSIS
IG0008276,- Apple Vision Pro: The TRUTH After 7 Days,source_296,source_296,False,Company_A,content_editor_03,Tech_Analysis,English,interview,,,,False,2025-03-27 00:00:00.000000,43.620000000000005,,,,,,,,,,,summary,2025-03-27 12:34:57.997589,WS-TECH-ANALYSIS
IG0016382,- $3500 Apple Vision Pro: Worth It or Nah? 🤔,source_296,source_296,True,Company_A,content_editor_03,Tech_Analysis,English,interview,reels,Instagram,,True,2025-03-27 00:00:00.000000,29.2,10.033333333333331,17.0,400.0,External,13.86,344332.0,42024.0,2880.0,1243.0,41.19,key_moments,2025-03-27 04:03:21.219038,WS-TECH-ANALYSIS
YT0024735,- S24 Ultra vs S23 Ultra: Is the Upgrade WORTH It?!,source_297,source_297,False,Company_A,content_editor_03,Tech_Analysis,English,special_report,,,,False,2025-03-28 00:00:00.000000,28.33,,,,,,,,,,,chapters,2025-03-28 01:28:54.189008,WS-TECH-ANALYSIS
IG0024735,- S24 Ultra vs S23 Ultra: Is the Upgrade WORTH It?!,source_297,source_297,False,Company_A,content_editor_03,Tech_Analysis,English,special_report,,,,False,2025-03-28 00:00:00.000000,28.33,,,,,,,,,,,full_package,2025-03-28 03:38:02.016106,WS-TECH-ANALYSIS
YT0021038,- Galaxy S24 Ultra: Two Weeks Later... (Honest Review),source_297,source_297,True,Company_A,content_editor_03,Lifestyle,English,interview,shorts,Youtube,,True,2025-03-29 00:00:00.000000,36.620000000000005,28.35,96.44,616.0,Search,3.38,1666116.0,93354.0,1831.0,1039.0,9649.588500000002,summary,2025-03-29 04:00:28.422060,WS-LIFESTYLE
IG0021038,- Galaxy S24 Ultra: Two Weeks Later... (Honest Review),source_297,source_297,True,Company_A,content_editor_03,Lifestyle,English,special_report,reels,Instagram,,True,2025-03-29 00:00:00.000000,36.620000000000005,28.35,100.0,742.0,Search,3.38,4127692.0,240264.0,2774.0,2725.0,26535.9,chapters,2025-03-29 01:42:52.574749,WS-LIFESTYLE
YT0009441,- S24 Ultra Camera: They LIED To Us! (vs S23 Ultra),source_297,source_297,True,Company_A,content_editor_03,Tech_Analysis,English,interview,shorts,Youtube,,True,2025-03-30 00:00:00.000000,67.99000000000001,30.716666666666665,43.81,524.0,External,3.98,1186836.0,98453.0,4319.0,2833.0,7653.993333333333,full_package,2025-03-30 05:08:05.138809,WS-TECH-ANALYSIS
YT0016986,- S24 Ultra Battery Test: SHOCKING Results!,source_297,source_297,True,Company_A,content_editor_03,Tech_Analysis,English,news_bulletin,shorts,Youtube,,True,2025-03-30 00:00:00.000000,62.47,30.53333333333333,48.52,116.0,Suggested,16.01,1439622.0,73574.0,5114.0,884.0,9210.914833333334,key_moments,2025-03-30 08:36:24.144657,WS-TECH-ANALYSIS
IG0009441,- S24 Ultra Camera: They LIED To Us! (vs S23 Ultra),source_297,source_297,True,Company_A,content_editor_03,Tech_Analysis,English,interview,reels,Instagram,,True,2025-03-30 00:00:00.000000,67.99000000000001,30.716666666666665,43.0,323.0,External,3.98,575905.0,61203.0,2442.0,1596.0,1597.04,key_moments,2025-03-30 04:50:22.957442,WS-TECH-ANALYSIS
IG0016986,- S24 Ultra Battery Test: SHOCKING Results!,source_297,source_297,True,Company_A,content_editor_03,Tech_Analysis,English,interview,reels,Instagram,,True,2025-03-30 00:00:00.000000,62.47,30.53333333333333,40.0,62.0,Suggested,16.01,846722.0,46480.0,3471.0,793.0,2166.98,summary,2025-03-30 02:35:34.833447,WS-TECH-ANALYSIS
YT0004534,- 2 Weeks With Vision Pro: The TRUTH!,source_298,source_298,True,Company_A,content_editor_03,Tech_Analysis,English,interview,shorts,Youtube,,True,2025-03-31 00:00:00.000000,35.78,21.333333333333336,66.57,656.0,Browse,12.12,1727757.0,65401.0,251.0,2331.0,6639.066333333333,summary,2025-03-31 03:33:07.275205,WS-TECH-ANALYSIS
YT0028474,- Vision Pro Honest Review: Hype or Reality?,source_298,source_298,True,Company_A,content_editor_03,Tech_Analysis,English,interview,shorts,Youtube,,True,2025-03-31 00:00:00.000000,39.19,15.516666666666667,33.14,44.0,Notifications,18.64,1946060.0,98079.0,687.0,1000.0,4333.587333333333,chapters,2025-03-31 03:59:07.755533,WS-TECH-ANALYSIS
YT0020651,- Galaxy AI is HERE! But is it USEFUL?! (S24 Ultra Review),source_297,source_297,True,Company_A,content_editor_03,Tech_Analysis,English,interview,shorts,Youtube,,True,2025-03-31 00:00:00.000000,59.03,45.35,85.96,531.0,Notifications,26.63,1484484.0,72200.0,4398.0,60.0,15607.699833333334,key_moments,2025-03-31 04:45:34.354935,WS-TECH-ANALYSIS
YT0003197,- S24 Ultra: Don't Buy It Until You See THIS!,source_297,source_297,False,Company_A,content_editor_03,Lifestyle,English,interview,,,,False,2025-03-31 00:00:00.000000,18.83,,,,,,,,,,,key_moments,2025-03-31 09:43:11.067561,WS-LIFESTYLE
YT0027507,- S24 Ultra Hidden Features & Settings!,source_297,source_297,True,Company_A,content_editor_03,Tech_Analysis,English,interview,shorts,Youtube,,True,2025-03-31 00:00:00.000000,35.42,27.35,97.21,303.0,Playlist,29.51,68708.0,60861.0,1305.0,1288.0,378.84833333333336,key_moments,2025-03-31 04:58:19.629410,WS-TECH-ANALYSIS
IG0004534,- 2 Weeks With Vision Pro: The TRUTH!,source_298,source_298,True,Company_A,content_editor_03,Tech_Analysis,English,interview,reels,Instagram,,True,2025-03-31 00:00:00.000000,35.78,21.333333333333336,63.0,382.0,Browse,12.12,1157992.0,39326.0,173.0,1423.0,2803.31,summary,2025-03-31 01:18:08.304033,WS-TECH-ANALYSIS
IG0028474,- Vision Pro Honest Review: Hype or Reality?,source_298,source_298,True,Company_A,content_editor_03,Tech_Analysis,English,special_report,reels,Instagram,,True,2025-03-31 00:00:00.000000,39.19,15.516666666666667,31.0,28.0,Notifications,18.64,902442.0,44269.0,344.0,655.0,622.98,full_package,2025-03-31 02:33:03.159789,WS-TECH-ANALYSIS
IG0020651,- Galaxy AI is HERE! But is it USEFUL?! (S24 Ultra Review),source_297,source_297,True,Company_A,content_editor_03,Tech_Analysis,English,special_report,reels,Instagram,,True,2025-03-31 00:00:00.000000,59.03,45.35,72.0,346.0,Notifications,26.63,676452.0,42744.0,3059.0,40.0,5120.74,chapters,2025-03-31 04:34:05.387575,WS-TECH-ANALYSIS
IG0027507,- S24 Ultra Hidden Features & Settings!,source_297,source_297,True,Company_A,content_editor_03,Tech_Analysis,English,interview,reels,Instagram,,True,2025-03-31 00:00:00.000000,35.42,27.35,88.0,156.0,Playlist,29.51,28173.0,37397.0,675.0,1093.0,136.7,key_moments,2025-03-31 09:49:53.486093,WS-TECH-ANALYSIS
IG0003197,- S24 Ultra: Don't Buy It Until You See THIS!,source_297,source_297,True,Company_A,content_editor_03,Lifestyle,English,interview,reels,Instagram,,True,2025-03-31 00:00:00.000000,18.83,10.583333333333332,94.0,889.0,External,2.45,1062392.0,23247.0,4589.0,384.0,855.32,key_moments,2025-03-31 11:17:50.595409,WS-LIFESTYLE
YT0018017,- Apple Vision Pro: My Life Now! (Worth it?),source_298,source_298,True,Company_A,content_editor_03,Tech_Analysis,English,interview,shorts,Youtube,,True,2025-04-01 00:00:00.000000,66.74000000000001,58.63333333333333,98.83,651.0,External,0.29,1987892.0,94992.0,1184.0,505.0,28235.429,key_moments,2025-04-01 16:32:39.539724,WS-TECH-ANALYSIS
YT0010605,- MicroLED: The Display Tech That Will Blow Your Mind?,source_299,source_299,True,Company_A,content_editor_03,Tech_Analysis,English,interview,shorts,Youtube,,True,2025-04-01 00:00:00.000000,74.92,28.566666666666663,35.16,25.0,Notifications,20.7,1217384.0,95722.0,540.0,1110.0,7123.950833333333,full_package,2025-04-01 04:26:26.102078,WS-TECH-ANALYSIS
YT0003620,- MicroLED vs. OLED: The Future of Screens is Here!,source_299,source_299,True,Company_A,content_editor_03,Tech_Analysis,English,interview,shorts,Youtube,,True,2025-04-01 00:00:00.000000,31.7,15.75,49.4,579.0,External,4.37,1246932.0,67426.0,6779.0,1576.0,2857.5525,chapters,2025-04-01 07:21:59.373649,WS-TECH-ANALYSIS
YT0017699,- Is MicroLED Worth the Hype? (Deep Dive),source_299,source_299,True,Company_A,content_editor_03,Lifestyle,English,speech,shorts,Youtube,,True,2025-04-01 00:00:00.000000,21.78,14.166666666666668,98.33,135.0,Notifications,17.51,436317.0,93214.0,7774.0,2987.0,807.9945,summary,2025-04-01 01:14:58.117514,WS-LIFESTYLE
YT0001896,- iPhone 16 Pro Max: Worth the Hype?! (1 Week Later),source_301,source_301,True,Company_A,content_editor_03,Tech_Analysis,English,news_bulletin,shorts,Youtube,,True,2025-04-01 00:00:00.000000,41.29,31.566666666666663,91.54,676.0,Browse,2.66,1578336.0,96639.0,3303.0,2233.0,10551.4685,full_package,2025-04-01 05:38:30.408022,WS-TECH-ANALYSIS
IG0018017,- Apple Vision Pro: My Life Now! (Worth it?),source_298,source_298,False,Company_A,content_editor_03,Tech_Analysis,English,news_bulletin,,,,False,2025-04-01 00:00:00.000000,66.74000000000001,,,,,,,,,,,my_key_moments,2025-04-01 01:41:32.246672,WS-TECH-ANALYSIS
IG0010605,- MicroLED: The Display Tech That Will Blow Your Mind?,source_299,source_299,True,Company_A,content_editor_03,Tech_Analysis,English,special_report,reels,Instagram,,True,2025-04-01 00:00:00.000000,74.92,28.566666666666663,32.0,18.0,Notifications,20.7,557927.0,61153.0,271.0,710.0,1044.77,key_moments,2025-04-01 03:48:17.274206,WS-TECH-ANALYSIS
IG0003620,- MicroLED vs. OLED: The Future of Screens is Here!,source_299,source_299,False,Company_A,content_editor_03,Tech_Analysis,English,special_report,,,,False,2025-04-01 00:00:00.000000,31.7,,,,,,,,,,,chapters,2025-04-02 21:09:28.413232,WS-TECH-ANALYSIS
IG0001896,- iPhone 16 Pro Max: Worth the Hype?! (1 Week Later),source_301,source_301,True,Company_A,content_editor_03,Tech_Analysis,English,interview,reels,Instagram,,True,2025-04-01 00:00:00.000000,41.29,31.566666666666663,80.0,395.0,Browse,2.66,1084321.0,64053.0,2112.0,1866.0,5799.11,key_moments,2025-04-01 05:05:58.112879,WS-TECH-ANALYSIS
IG0017699,- Is MicroLED Worth the Hype? (Deep Dive),source_299,source_299,False,Company_A,content_editor_03,Lifestyle,English,speech,,,,False,2025-04-01 00:00:00.000000,21.78,,,,,,,,,,,summary,2025-04-01 02:00:15.111393,WS-LIFESTYLE
YT0020844,- Apple Vision Pro: One Week Later... Hype or Reality?,source_302,source_302,False,Company_A,content_editor_03,Tech_Analysis,English,speech,,,,False,2025-04-02 00:00:00.000000,51.36,,,,,,,,,,,key_moments,2025-04-02 05:32:34.594376,WS-TECH-ANALYSIS
YT0000874,- iPhone 16 Pro Max vs. 14 Pro: HUGE Upgrade or Nah?,source_301,source_301,False,Company_A,content_editor_03,Lifestyle,English,speech,,,,False,2025-04-02 00:00:00.000000,30.75,,,,,,,,,,,key_moments,2025-04-02 02:38:41.649088,WS-LIFESTYLE
YT0013821,- Apple Vision Pro: The TRUTH After One Week!,source_302,source_302,True,Company_A,content_editor_03,Lifestyle,English,news_bulletin,shorts,Youtube,,True,2025-04-02 00:00:00.000000,31.93,21.15,80.63,588.0,Search,8.19,1483425.0,1550.0,5886.0,2716.0,5624.653166666667,key_moments,2025-04-02 01:51:16.760508,WS-LIFESTYLE
IG0020844,- Apple Vision Pro: One Week Later... Hype or Reality?,source_302,source_302,True,Company_A,content_editor_03,Tech_Analysis,English,special_report,reels,Instagram,,True,2025-04-02 00:00:00.000000,51.36,17.2,23.0,189.0,Notifications,12.63,481603.0,46270.0,1514.0,84.0,298.46,key_moments,2025-04-02 21:30:58.308231,WS-TECH-ANALYSIS
IG0000874,- iPhone 16 Pro Max vs. 14 Pro: HUGE Upgrade or Nah?,source_301,source_301,True,Company_A,content_editor_03,Lifestyle,English,speech,reels,Instagram,,True,2025-04-02 00:00:00.000000,30.75,14.883333333333333,57.0,382.0,Search,25.34,3264839.0,239430.0,14297.0,3697.0,3816.69,full_package,2025-04-02 09:23:27.336245,WS-LIFESTYLE
IG0013821,- Apple Vision Pro: The TRUTH After One Week!,source_302,source_302,True,Company_A,content_editor_03,Lifestyle,English,speech,reels,Instagram,,True,2025-04-02 00:00:00.000000,31.93,21.15,97.0,637.0,Search,8.19,2809519.0,3192.0,8462.0,9438.0,10333.18,summary,2025-04-02 05:16:25.157821,WS-LIFESTYLE
YT0025219,- Vision Pro: Is This the FUTURE or a $3500 Mistake?,source_302,source_302,True,Company_A,content_editor_03,Tech_Analysis,English,interview,shorts,Youtube,,True,2025-04-03 00:00:00.000000,63.17,27.23333333333333,40.97,24.0,Browse,2.91,1466291.0,87575.0,3302.0,2931.0,8037.447,chapters,2025-04-03 02:55:25.170452,WS-TECH-ANALYSIS
YT0001481,"- Apple Vision Pro: The Good, The Bad, and The Ugly!",source_302,source_302,True,Company_A,content_editor_03,Tech_Analysis,English,news_bulletin,shorts,Youtube,,True,2025-04-03 00:00:00.000000,41.65,10.433333333333334,11.01,673.0,Suggested,10.67,901995.0,81064.0,6413.0,2900.0,734.9588333333334,full_package,2025-04-03 03:07:10.088172,WS-TECH-ANALYSIS
IG0025219,- Vision Pro: Is This the FUTURE or a $3500 Mistake?,source_302,source_302,True,Company_A,content_editor_03,Tech_Analysis,English,interview,reels,Instagram,,True,2025-04-03 00:00:00.000000,63.17,27.23333333333333,35.0,13.0,Browse,2.91,926351.0,55629.0,2516.0,2241.0,1777.22,full_package,2025-04-03 13:44:22.445262,WS-TECH-ANALYSIS
IG0001481,"- Apple Vision Pro: The Good, The Bad, and The Ugly!",source_302,source_302,True,Company_A,content_editor_03,Tech_Analysis,English,news_bulletin,reels,Instagram,,True,2025-04-03 00:00:00.000000,41.65,10.433333333333334,11.0,415.0,Suggested,10.67,477659.0,47528.0,4737.0,2558.0,42.81,chapters,2025-04-03 05:06:42.568306,WS-TECH-ANALYSIS
YT0027457,- My Day Went Completely OFF THE RAILS! 😱,source_303,source_303,False,Company_A,content_editor_03,Lifestyle,English,speech,,,,False,2025-04-04 00:00:00.000000,16.01,,,,,,,,,,,chapters,2025-04-04 00:20:22.605323,WS-LIFESTYLE
YT0019800,- iPhone 16: Worth the Hype? (1 Month Later),source_304,source_304,True,Company_A,content_editor_03,Tech_Analysis,English,interview,shorts,Youtube,,True,2025-04-04 00:00:00.000000,42.21,8.3,2.94,278.0,Channel Page,27.11,1681874.0,74788.0,4457.0,1501.0,373.74983333333336,chapters,2025-04-05 03:44:40.954228,WS-TECH-ANALYSIS
IG0019800,- iPhone 16: Worth the Hype? (1 Month Later),source_304,source_304,True,Company_A,content_editor_03,Tech_Analysis,English,speech,reels,Instagram,,True,2025-04-04 00:00:00.000000,42.21,8.3,3.0,142.0,Channel Page,27.11,945330.0,33022.0,2482.0,751.0,6.3,key_moments,2025-04-04 04:37:51.123519,WS-TECH-ANALYSIS
IG0027457,- My Day Went Completely OFF THE RAILS! 😱,source_303,source_303,False,Company_A,content_editor_03,Lifestyle,English,interview,,,,False,2025-04-04 00:00:00.000000,16.01,,,,,,,,,,,key_moments,2025-04-04 05:15:52.264274,WS-LIFESTYLE
YT0012185,- iPhone 16 Battery Drain Test: You Won't Believe the Results!,source_304,source_304,False,Company_A,content_editor_03,Tech_Analysis,English,speech,,,,False,2025-04-05 00:00:00.000000,31.05,,,,,,,,,,,summary,2025-04-05 09:32:29.383034,WS-TECH-ANALYSIS
IG0012185,- iPhone 16 Battery Drain Test: You Won't Believe the Results!,source_304,source_304,True,Company_A,content_editor_03,Tech_Analysis,English,speech,reels,Instagram,,True,2025-04-05 00:00:00.000000,31.05,13.016666666666666,32.0,288.0,Shorts Feed,6.64,168292.0,60740.0,2135.0,176.0,82.53,key_moments,2025-04-05 05:48:15.847780,WS-TECH-ANALYSIS
YT0008248,- iOS 18: Game Changer or Just Gimmicks?,source_304,source_304,True,Company_A,content_editor_03,Tech_Analysis,English,special_report,shorts,Youtube,,True,2025-04-06 00:00:00.000000,37.120000000000005,14.95,33.68,354.0,Browse,6.12,218177.0,85615.0,3507.0,254.0,451.5051666666667,key_moments,2025-04-06 07:16:13.700286,WS-TECH-ANALYSIS
IG0008248,- iOS 18: Game Changer or Just Gimmicks?,source_304,source_304,True,Company_A,content_editor_03,Tech_Analysis,English,news_bulletin,reels,Instagram,,True,2025-04-06 00:00:00.000000,37.120000000000005,14.95,29.0,267.0,Browse,6.12,108918.0,56300.0,1959.0,158.0,65.37,full_package,2025-04-06 02:50:59.965044,WS-TECH-ANALYSIS
YT0016689,- iPhone 16: Who Should ACTUALLY Upgrade?,source_304,source_304,False,Company_A,content_editor_03,Tech_Analysis,English,interview,,,,False,2025-04-07 00:00:00.000000,64.09,,,,,,,,,,,key_moments,2025-04-07 01:29:43.786556,WS-TECH-ANALYSIS
IG0016689,- iPhone 16: Who Should ACTUALLY Upgrade?,source_304,source_304,True,Company_A,content_editor_03,Tech_Analysis,English,interview,reels,Instagram,,True,2025-04-07 00:00:00.000000,64.09,54.18333333333333,78.0,187.0,External,19.75,616851.0,30285.0,1335.0,336.0,6239.28,key_moments,2025-04-07 05:00:18.777917,WS-TECH-ANALYSIS
YT0002604,"- iPhone 16: Real-World Performance (Gaming, AI & More!)",source_304,source_304,False,Company_A,content_editor_03,Tech_Analysis,English,special_report,,,,False,2025-04-08 00:00:00.000000,24.21,,,,,,,,,,,key_moments,2025-04-08 12:34:24.358214,WS-TECH-ANALYSIS
IG0002604,"- iPhone 16: Real-World Performance (Gaming, AI & More!)",source_304,source_304,False,Company_A,content_editor_03,Tech_Analysis,English,interview,,,,False,2025-04-08 00:00:00.000000,24.21,,,,,,,,,,,full_package,2025-04-08 02:22:56.159134,WS-TECH-ANALYSIS
YT0006152,- Apple Vision Pro: Hype or the FUTURE?! (Honest Review),source_305,source_305,True,Company_A,content_editor_03,Tech_Analysis,English,special_report,shorts,Youtube,,True,2025-04-09 00:00:00.000000,40.95,21.0,52.02,18.0,Search,26.11,502632.0,92579.0,5228.0,374.0,1884.87,chapters,2025-04-09 02:14:03.055198,WS-TECH-ANALYSIS
YT0003183,- iPhone 16: The Design Change They DON'T Want You To See,source_304,source_304,True,Company_A,content_editor_03,Lifestyle,English,interview,shorts,Youtube,,True,2025-04-09 00:00:00.000000,20.59,7.833333333333333,5.96,285.0,Browse,14.95,1059932.0,11790.0,67.0,146.0,98.14183333333334,full_package,2025-04-09 10:37:26.177280,WS-LIFESTYLE
IG0006152,- Apple Vision Pro: Hype or the FUTURE?! (Honest Review),source_305,source_305,True,Company_A,content_editor_03,Tech_Analysis,English,special_report,reels,Instagram,,True,2025-04-09 00:00:00.000000,40.95,21.0,43.0,14.0,Search,26.11,292134.0,50456.0,2922.0,189.0,471.07,chapters,2025-04-09 02:46:28.476140,WS-TECH-ANALYSIS
IG0003183,- iPhone 16: The Design Change They DON'T Want You To See,source_304,source_304,True,Company_A,content_editor_03,Lifestyle,English,special_report,reels,Instagram,,True,2025-04-09 00:00:00.000000,20.59,7.833333333333333,7.0,377.0,Browse,14.95,2226614.0,32563.0,91.0,455.0,14.43,summary,2025-04-09 02:52:48.582033,WS-LIFESTYLE
YT0025588,- Apple Vision Pro: Return or Keep?! My Shocking Verdict,source_305,source_305,True,Company_A,content_editor_03,Lifestyle,English,news_bulletin,shorts,Youtube,,True,2025-04-11 00:00:00.000000,16.87,7.583333333333333,4.46,627.0,External,20.57,1600250.0,86391.0,1407.0,2972.0,37.04283333333333,chapters,2025-04-11 02:58:03.631333,WS-LIFESTYLE
YT0024620,- Is Vision Pro Worth It? My Deep Dive After 7 Days,source_305,source_305,True,Company_A,content_editor_03,Lifestyle,English,interview,shorts,Youtube,,True,2025-04-11 00:00:00.000000,17.72,8.716666666666667,44.73,494.0,Channel Page,1.96,1911199.0,13506.0,527.0,995.0,645.9145000000001,key_moments,2025-04-11 03:47:50.543681,WS-LIFESTYLE
YT0010160,- iPhone 16 Pro: Worth the Hype? (1 Month Later),source_306,source_306,True,Company_A,content_editor_03,Tech_Analysis,English,news_bulletin,shorts,Youtube,,True,2025-04-11 00:00:00.000000,39.98,28.8,85.27,15.0,Notifications,19.47,1176022.0,64479.0,7242.0,1271.0,6958.130166666667,my_key_moments,2025-04-11 01:08:09.070693,WS-TECH-ANALYSIS
YT0006379,- iPhone 16 Pro Review: Don't Buy It Until You See THIS!,source_306,source_306,True,Company_A,content_editor_03,Tech_Analysis,English,special_report,shorts,Youtube,,True,2025-04-11 00:00:00.000000,40.3,16.833333333333336,36.89,66.0,Notifications,27.91,271081.0,62827.0,3481.0,1885.0,702.8026666666667,key_moments,2025-04-11 02:35:53.551554,WS-TECH-ANALYSIS
IG0010160,- iPhone 16 Pro: Worth the Hype? (1 Month Later),source_306,source_306,True,Company_A,content_editor_03,Tech_Analysis,English,interview,reels,Instagram,,True,2025-04-11 00:00:00.000000,39.98,28.8,74.0,8.0,Notifications,19.47,659655.0,37165.0,4848.0,659.0,2888.19,chapters,2025-04-11 04:48:34.124646,WS-TECH-ANALYSIS
IG0006379,- iPhone 16 Pro Review: Don't Buy It Until You See THIS!,source_306,source_306,True,Company_A,content_editor_03,Tech_Analysis,English,special_report,reels,Instagram,,True,2025-04-11 00:00:00.000000,40.3,16.833333333333336,34.0,46.0,Notifications,27.91,149566.0,25229.0,2245.0,1426.0,131.84,full_package,2025-04-11 04:46:55.644864,WS-TECH-ANALYSIS
IG0025588,- Apple Vision Pro: Return or Keep?! My Shocking Verdict,source_305,source_305,True,Company_A,content_editor_03,Lifestyle,English,special_report,reels,Instagram,,True,2025-04-11 00:00:00.000000,16.87,7.583333333333333,6.0,821.0,External,20.57,2516306.0,243259.0,1870.0,6380.0,3.49,key_moments,2025-04-11 10:06:05.577300,WS-LIFESTYLE
IG0024620,- Is Vision Pro Worth It? My Deep Dive After 7 Days,source_305,source_305,True,Company_A,content_editor_03,Lifestyle,English,interview,reels,Instagram,,True,2025-04-11 00:00:00.000000,17.72,8.716666666666667,52.0,629.0,Channel Page,1.96,4603164.0,40482.0,877.0,2983.0,808.96,chapters,2025-04-11 17:25:23.864191,WS-LIFESTYLE
YT0023573,"- My Week Was a MESS! (Coffee, Avocados & Epic Fails)",source_307,source_307,True,Company_A,content_editor_03,Lifestyle,English,special_report,shorts,Youtube,,True,2025-04-12 00:00:00.000000,28.21,18.46666666666667,83.02,386.0,Browse,16.38,681022.0,90194.0,7846.0,1085.0,2074.5948333333336,chapters,2025-04-12 13:24:49.539510,WS-LIFESTYLE
YT0000223,- I Survived Another Week (Barely),source_307,source_307,True,Company_A,content_editor_03,Tech_Analysis,English,interview,shorts,Youtube,,True,2025-04-12 00:00:00.000000,38.89,20.85,55.88,293.0,Channel Page,7.62,275606.0,70740.0,4943.0,2728.0,1022.039,key_moments,2025-04-12 08:18:52.657662,WS-TECH-ANALYSIS
IG0000223,- I Survived Another Week (Barely),source_307,source_307,False,Company_A,content_editor_03,Tech_Analysis,English,special_report,,,,False,2025-04-12 00:00:00.000000,38.89,,,,,,,,,,,key_moments,2025-04-12 03:33:04.589931,WS-TECH-ANALYSIS
IG0023573,"- My Week Was a MESS! (Coffee, Avocados & Epic Fails)",source_307,source_307,True,Company_A,content_editor_03,Lifestyle,English,special_report,reels,Instagram,,True,2025-04-12 00:00:00.000000,28.21,18.46666666666667,95.0,534.0,Browse,16.38,1277031.0,165725.0,11267.0,3205.0,3695.7,key_moments,2025-04-12 02:25:47.543784,WS-LIFESTYLE
YT0009509,- From Burnt Pizza to Squirrel Escapades: My Life is a Comedy,source_307,source_307,True,Company_A,content_editor_03,Tech_Analysis,English,special_report,shorts,Youtube,,True,2025-04-13 00:00:00.000000,40.86,13.166666666666668,21.91,669.0,Suggested,21.76,1050607.0,74368.0,5445.0,2760.0,1653.7331666666666,key_moments,2025-04-13 04:03:27.439483,WS-TECH-ANALYSIS
IG0009509,- From Burnt Pizza to Squirrel Escapades: My Life is a Comedy,source_307,source_307,True,Company_A,content_editor_03,Tech_Analysis,English,speech,reels,Instagram,,True,2025-04-13 00:00:00.000000,40.86,13.166666666666668,19.0,518.0,Suggested,21.76,675964.0,30935.0,2805.0,1976.0,202.16,key_moments,2025-04-13 06:23:24.531595,WS-TECH-ANALYSIS
YT0027905,- From Desk to Dinner: A Week of Wins & (Delicious) Fails!,source_308,source_308,True,Company_A,content_editor_03,Tech_Analysis,English,interview,shorts,Youtube,,True,2025-04-15 00:00:00.000000,17.77,8.766666666666666,45.73,54.0,Channel Page,8.47,1598364.0,78652.0,5360.0,943.0,562.3873333333333,chapters,2025-04-15 07:43:12.840323,WS-TECH-ANALYSIS
IG0027905,- From Desk to Dinner: A Week of Wins & (Delicious) Fails!,source_308,source_308,True,Company_A,content_editor_03,Tech_Analysis,English,news_bulletin,reels,Instagram,,True,2025-04-15 00:00:00.000000,17.77,8.766666666666666,43.0,40.0,Channel Page,8.47,734210.0,38992.0,3976.0,687.0,111.08,full_package,2025-04-15 06:35:05.255945,WS-TECH-ANALYSIS
YT0016152,"- Unpredictable Life: Unboxing, Yoga, & Farmers Market Finds!",source_308,source_308,True,Company_A,content_editor_03,Tech_Analysis,English,speech,shorts,Youtube,,True,2025-04-16 00:00:00.000000,65.47,30.35,45.27,303.0,Search,6.79,1590008.0,73278.0,1253.0,1889.0,10092.134166666669,key_moments,2025-04-16 03:37:49.585712,WS-TECH-ANALYSIS
YT0016248,"- My Week, Your Laughs: Epic Fails & Everyday Adventures!",source_308,source_308,True,Company_A,content_editor_03,Tech_Analysis,English,news_bulletin,shorts,Youtube,,True,2025-04-16 00:00:00.000000,70.89,45.13333333333333,67.33,393.0,Search,1.59,1419329.0,82253.0,2380.0,2297.0,14837.244833333332,key_moments,2025-04-16 07:30:23.801061,WS-TECH-ANALYSIS
IG0016152,"- Unpredictable Life: Unboxing, Yoga, & Farmers Market Finds!",source_308,source_308,True,Company_A,content_editor_03,Tech_Analysis,English,speech,reels,Instagram,,True,2025-04-16 00:00:00.000000,65.47,30.35,40.0,176.0,Search,6.79,922450.0,47322.0,720.0,1149.0,2342.0,summary,2025-04-16 10:58:05.211549,WS-TECH-ANALYSIS
IG0016248,"- My Week, Your Laughs: Epic Fails & Everyday Adventures!",source_308,source_308,True,Company_A,content_editor_03,Tech_Analysis,English,interview,reels,Instagram,,True,2025-04-16 00:00:00.000000,70.89,45.13333333333333,67.0,204.0,Search,1.59,857280.0,37933.0,1552.0,1552.0,6004.37,full_package,2025-04-16 08:05:17.999248,WS-TECH-ANALYSIS
YT0015578,- Apple Vision Pro: Worth $3500?! My 1-Week Reality Check,source_309,source_309,False,Company_A,content_editor_03,Tech_Analysis,English,special_report,,,,False,2025-04-17 00:00:00.000000,28.97,,,,,,,,,,,summary,2025-04-17 03:53:55.891990,WS-TECH-ANALYSIS
IG0015578,- Apple Vision Pro: Worth $3500?! My 1-Week Reality Check,source_309,source_309,True,Company_A,content_editor_03,Tech_Analysis,English,interview,reels,Instagram,,True,2025-04-17 00:00:00.000000,28.97,15.283333333333331,55.0,323.0,Channel Page,15.89,417273.0,37888.0,741.0,1096.0,496.19,key_moments,2025-04-17 02:03:10.159017,WS-TECH-ANALYSIS
YT0005230,- Apple Vision Pro Review: Hype vs. Reality - The Ultimate Test,source_309,source_309,True,Company_A,content_editor_03,Tech_Analysis,English,speech,shorts,Youtube,,True,2025-04-20 00:00:00.000000,61.01,40.88333333333333,72.56,367.0,Browse,20.98,945356.0,90213.0,4226.0,1819.0,8766.426166666666,summary,2025-04-20 02:00:51.252866,WS-TECH-ANALYSIS
IG0005230,- Apple Vision Pro Review: Hype vs. Reality - The Ultimate Test,source_309,source_309,True,Company_A,content_editor_03,Tech_Analysis,English,special_report,reels,Instagram,,True,2025-04-20 00:00:00.000000,61.01,40.88333333333333,66.0,204.0,Browse,20.98,484745.0,56074.0,3171.0,1422.0,2966.77,full_package,2025-04-20 02:19:09.937950,WS-TECH-ANALYSIS
YT0003832,- Building My DREAM PC in 2024! (Budget-Friendly & Beginner-Friendly),source_310,source_310,True,Company_A,content_editor_03,Tech_Analysis,English,interview,shorts,Youtube,,True,2025-04-21 00:00:00.000000,69.75999999999999,9.866666666666667,4.32,456.0,Browse,5.8,1470697.0,71447.0,2792.0,2320.0,966.8471666666668,summary,2025-04-21 04:54:48.033996,WS-TECH-ANALYSIS
IG0003832,- Building My DREAM PC in 2024! (Budget-Friendly & Beginner-Friendly),source_310,source_310,True,Company_A,content_editor_03,Tech_Analysis,English,news_bulletin,reels,Instagram,,True,2025-04-21 00:00:00.000000,69.75999999999999,9.866666666666667,4.0,347.0,Browse,5.8,970945.0,37901.0,2090.0,1950.0,25.53,full_package,2025-04-21 06:03:45.329728,WS-TECH-ANALYSIS
YT0011575,- DALL-E 3: AI Art Just Leveled UP! 🤯,source_311,source_311,True,Company_A,content_editor_03,Tech_Analysis,English,interview,shorts,Youtube,,True,2025-04-23 00:00:00.000000,34.17,23.916666666666668,85.64,298.0,Channel Page,4.95,165035.0,67878.0,6482.0,601.0,752.5901666666667,key_moments,2025-04-23 01:17:24.122085,WS-TECH-ANALYSIS
IG0011575,- DALL-E 3: AI Art Just Leveled UP! 🤯,source_311,source_311,True,Company_A,content_editor_03,Tech_Analysis,English,special_report,reels,Instagram,,True,2025-04-23 00:00:00.000000,34.17,23.916666666666668,79.0,157.0,Channel Page,4.95,76122.0,38364.0,3568.0,454.0,274.23,key_moments,2025-04-23 02:40:21.807337,WS-TECH-ANALYSIS
YT0016325,- DALL-E 3: The AI Art Revolution is HERE! 🔥,source_311,source_311,True,Company_A,content_editor_03,Tech_Analysis,English,speech,shorts,Youtube,,True,2025-04-24 00:00:00.000000,57.96,37.43333333333334,69.68,696.0,Browse,0.94,829420.0,95511.0,3870.0,463.0,6896.473666666667,key_moments,2025-04-24 04:51:33.975750,WS-TECH-ANALYSIS
YT0003259,- Stop Prompting! DALL-E 3 Reads Your Mind! 🧠,source_311,source_311,True,Company_A,content_editor_03,Lifestyle,English,interview,shorts,Youtube,,True,2025-04-24 00:00:00.000000,26.94,14.75,60.72,128.0,Notifications,5.7,697508.0,98792.0,3192.0,1659.0,1404.7036666666668,summary,2025-04-24 01:56:51.027583,WS-LIFESTYLE
IG0016325,- DALL-E 3: The AI Art Revolution is HERE! 🔥,source_311,source_311,True,Company_A,content_editor_03,Tech_Analysis,English,special_report,reels,Instagram,,True,2025-04-24 00:00:00.000000,57.96,37.43333333333334,59.0,349.0,Browse,0.94,475932.0,46144.0,2733.0,335.0,2334.8,full_package,2025-04-24 05:39:35.873493,WS-TECH-ANALYSIS
IG0003259,- Stop Prompting! DALL-E 3 Reads Your Mind! 🧠,source_311,source_311,False,Company_A,content_editor_03,Lifestyle,English,speech,,,,False,2025-04-24 00:00:00.000000,26.94,,,,,,,,,,,summary,2025-04-24 03:07:40.325995,WS-LIFESTYLE
YT0029573,- DALL-E 3 vs. Reality: Can You Tell the Difference? 🤔,source_311,source_311,False,Company_A,content_editor_03,Tech_Analysis,English,interview,,,,False,2025-04-25 00:00:00.000000,24.1,,,,,,,,,,,chapters,2025-04-25 02:14:32.732214,WS-TECH-ANALYSIS
YT0025133,- DALL-E 3: The End of AI Art as We Know It? 😳,source_311,source_311,True,Company_A,content_editor_03,Tech_Analysis,English,special_report,shorts,Youtube,,True,2025-04-25 00:00:00.000000,63.53,35.85,58.42,281.0,Search,2.86,1873003.0,69413.0,3252.0,1486.0,14749.898666666668,full_package,2025-04-25 04:10:26.158053,WS-TECH-ANALYSIS
IG0029573,- DALL-E 3 vs. Reality: Can You Tell the Difference? 🤔,source_311,source_311,True,Company_A,content_editor_03,Tech_Analysis,English,interview,reels,Instagram,,True,2025-04-25 00:00:00.000000,24.1,9.9,22.0,443.0,Search,21.87,1012587.0,34164.0,300.0,57.0,148.51,key_moments,2025-04-25 05:28:28.548394,WS-TECH-ANALYSIS
IG0025133,- DALL-E 3: The End of AI Art as We Know It? 😳,source_311,source_311,True,Company_A,content_editor_03,Tech_Analysis,English,speech,reels,Instagram,,True,2025-04-25 00:00:00.000000,63.53,35.85,58.0,211.0,Search,2.86,1291586.0,34707.0,2383.0,1308.0,5899.32,chapters,2025-04-25 02:01:43.875335,WS-TECH-ANALYSIS
YT0018858,- iPhone 15 Pro Max: The TRUTH After 1 Week!,source_312,source_312,True,Company_A,content_editor_03,Tech_Analysis,English,interview,shorts,Youtube,,True,2025-04-26 00:00:00.000000,27.96,8.35,6.56,278.0,Playlist,0.95,1302151.0,74656.0,2236.0,902.0,307.45233333333334,key_moments,2025-04-26 03:17:39.607549,WS-TECH-ANALYSIS
YT0014264,- iPhone 15 Pro Max Review: Is This the BEST iPhone Ever?,source_312,source_312,True,Company_A,content_editor_03,Tech_Analysis,English,news_bulletin,shorts,Youtube,,True,2025-04-26 00:00:00.000000,41.55,26.25,70.62,5.0,Browse,21.7,898891.0,87729.0,2517.0,1513.0,4681.724,key_moments,2025-04-26 05:48:53.922063,WS-TECH-ANALYSIS
YT0020614,- iPhone 15 Pro Max: My *Real* Opinion (No BS),source_312,source_312,False,Company_A,content_editor_03,Lifestyle,English,news_bulletin,,,,False,2025-04-26 00:00:00.000000,38.95,,,,,,,,,,,full_package,2025-04-26 02:10:26.818143,WS-LIFESTYLE
IG0018858,- iPhone 15 Pro Max: The TRUTH After 1 Week!,source_312,source_312,True,Company_A,content_editor_03,Tech_Analysis,English,interview,reels,Instagram,,True,2025-04-26 00:00:00.000000,27.96,8.35,6.0,150.0,Playlist,0.95,694970.0,44674.0,1326.0,786.0,9.85,key_moments,2025-04-26 01:03:42.951370,WS-TECH-ANALYSIS
IG0014264,- iPhone 15 Pro Max Review: Is This the BEST iPhone Ever?,source_312,source_312,True,Company_A,content_editor_03,Tech_Analysis,English,interview,reels,Instagram,,True,2025-04-26 00:00:00.000000,41.55,26.25,63.0,3.0,Browse,21.7,564093.0,35527.0,1934.0,1190.0,1850.93,my_key_moments,2025-04-26 01:10:12.132831,WS-TECH-ANALYSIS
IG0020614,- iPhone 15 Pro Max: My *Real* Opinion (No BS),source_312,source_312,True,Company_A,content_editor_03,Lifestyle,English,special_report,reels,Instagram,,True,2025-04-26 00:00:00.000000,38.95,18.316666666666663,53.0,891.0,Search,14.82,1663779.0,44486.0,11642.0,6851.0,2649.49,chapters,2025-04-26 02:51:46.631421,WS-LIFESTYLE
YT0006848,- iPhone 15 Pro Max: The Upgrade You'll Regret (Maybe),source_312,source_312,True,Company_A,content_editor_03,Tech_Analysis,English,speech,shorts,Youtube,,True,2025-04-27 00:00:00.000000,60.43,40.75,73.19,384.0,Browse,17.39,1782157.0,81605.0,4124.0,1514.0,16460.2,summary,2025-04-27 01:23:35.301732,WS-TECH-ANALYSIS
YT0022236,- iPhone 16: Worth the Hype? (1 Month Later),source_314,source_314,True,Company_A,content_editor_03,Tech_Analysis,English,special_report,shorts,Youtube,,True,2025-04-27 00:00:00.000000,66.7,29.85,43.23,264.0,Suggested,28.01,1665088.0,71953.0,176.0,2729.0,10337.421333333334,chapters,2025-04-27 03:01:43.138575,WS-TECH-ANALYSIS
YT0023478,- iPhone 16 Camera Test: You Won't Believe This!,source_314,source_314,True,Company_A,content_editor_03,Lifestyle,English,interview,shorts,Youtube,,True,2025-04-27 00:00:00.000000,39.07,14.616666666666667,29.57,461.0,Shorts Feed,14.19,952076.0,91395.0,5537.0,1051.0,1882.1131666666663,chapters,2025-04-27 15:09:13.533604,WS-LIFESTYLE
IG0006848,- iPhone 15 Pro Max: The Upgrade You'll Regret (Maybe),source_312,source_312,True,Company_A,content_editor_03,Tech_Analysis,English,interview,reels,Instagram,,True,2025-04-27 00:00:00.000000,60.43,40.75,61.0,272.0,Browse,17.39,1081387.0,46159.0,2379.0,1059.0,6092.56,key_moments,2025-04-27 01:19:39.564800,WS-TECH-ANALYSIS
IG0022236,- iPhone 16: Worth the Hype? (1 Month Later),source_314,source_314,True,Company_A,content_editor_03,Tech_Analysis,English,news_bulletin,reels,Instagram,,True,2025-04-27 00:00:00.000000,66.7,29.85,36.0,153.0,Suggested,28.01,713687.0,38945.0,96.0,2060.0,1595.09,chapters,2025-04-27 03:11:26.177149,WS-TECH-ANALYSIS
IG0023478,- iPhone 16 Camera Test: You Won't Believe This!,source_314,source_314,False,Company_A,content_editor_03,Lifestyle,English,special_report,,,,False,2025-04-27 00:00:00.000000,39.07,,,,,,,,,,,chapters,2025-04-27 22:01:26.815200,WS-LIFESTYLE
YT0017135,- Don't Buy iPhone 16 Until You See This!,source_314,source_314,True,Company_A,content_editor_03,Tech_Analysis,English,news_bulletin,shorts,Youtube,,True,2025-04-28 00:00:00.000000,57.92,30.383333333333333,53.32,418.0,Shorts Feed,10.27,310556.0,96157.0,6490.0,275.0,1974.0435,key_moments,2025-04-28 05:32:40.039962,WS-TECH-ANALYSIS
YT0009061,- S24 Ultra: Worth the Hype or Just Hype? (Honest 1-Month Review),source_315,source_315,True,Company_A,content_editor_03,Tech_Analysis,English,special_report,shorts,Youtube,,True,2025-04-28 00:00:00.000000,63.23,37.58333333333333,62.37,134.0,Search,7.42,1814529.0,69638.0,3725.0,2026.0,15163.078,chapters,2025-04-28 02:58:50.064594,WS-TECH-ANALYSIS
IG0017135,- Don't Buy iPhone 16 Until You See This!,source_314,source_314,False,Company_A,content_editor_03,Tech_Analysis,English,news_bulletin,,,,False,2025-04-28 00:00:00.000000,57.92,,,,,,,,,,,key_moments,2025-04-28 03:31:41.525431,WS-TECH-ANALYSIS
IG0009061,- S24 Ultra: Worth the Hype or Just Hype? (Honest 1-Month Review),source_315,source_315,True,Company_A,content_editor_03,Tech_Analysis,English,interview,reels,Instagram,,True,2025-04-28 00:00:00.000000,63.23,37.58333333333333,61.0,93.0,Search,7.42,895459.0,39766.0,2775.0,1336.0,4564.56,chapters,2025-04-28 05:38:21.975839,WS-TECH-ANALYSIS
YT0003173,- S24 Ultra vs. EVERYTHING! (iPhone Killer or Epic Fail?),source_315,source_315,True,Company_A,content_editor_03,Tech_Analysis,English,interview,shorts,Youtube,,True,2025-04-29 00:00:00.000000,36.57,16.416666666666664,41.34,58.0,Search,7.65,1533685.0,90363.0,1524.0,617.0,3798.7105,chapters,2025-04-29 15:31:55.730848,WS-TECH-ANALYSIS
IG0003173,- S24 Ultra vs. EVERYTHING! (iPhone Killer or Epic Fail?),source_315,source_315,True,Company_A,content_editor_03,Tech_Analysis,English,news_bulletin,reels,Instagram,,True,2025-04-29 00:00:00.000000,36.57,16.416666666666664,38.0,31.0,Search,7.65,994329.0,36419.0,1168.0,550.0,935.87,full_package,2025-04-29 02:36:57.270781,WS-TECH-ANALYSIS
YT0003390,- From Office Shenanigans to PR Unboxing: A Day in My Life!,source_316,source_316,False,Company_A,content_editor_03,Tech_Analysis,English,news_bulletin,,,,False,2025-04-30 00:00:00.000000,31.74,,,,,,,,,,,chapters,2025-04-30 02:10:54.919161,WS-TECH-ANALYSIS
YT0025065,- Lunch Spot Reviews & Questionable Dance Moves: My Day Unfiltered!,source_316,source_316,True,Company_A,content_editor_03,Tech_Analysis,English,interview,shorts,Youtube,,True,2025-04-30 00:00:00.000000,46.66,30.3,72.02,531.0,Shorts Feed,26.25,347255.0,62384.0,7443.0,398.0,2199.2816666666668,full_package,2025-04-30 01:19:38.760582,WS-TECH-ANALYSIS
YT0004869,"- Skincare, Secrets & Deep Thoughts: Come Spend the Day With Me!",source_316,source_316,False,Company_A,content_editor_03,Lifestyle,English,interview,,,,False,2025-04-30 00:00:00.000000,21.21,,,,,,,,,,,full_package,2025-04-30 04:20:38.018498,WS-LIFESTYLE
YT0002822,- Apple Vision Pro: Hype vs. Reality - My Honest Week With It,source_317,source_317,True,Company_A,content_editor_03,Tech_Analysis,English,special_report,shorts,Youtube,,True,2025-04-30 00:00:00.000000,63.88,41.06666666666667,68.67,412.0,Shorts Feed,22.78,590141.0,76940.0,3779.0,2299.0,5502.5183333333325,chapters,2025-04-30 01:17:57.100238,WS-TECH-ANALYSIS
YT0008254,"- My Totally Relatable Week: Coffee, Chaos & a Little Bit of Drama!",source_316,source_316,True,Company_A,content_editor_03,Tech_Analysis,English,special_report,shorts,Youtube,,True,2025-04-30 00:00:00.000000,43.3,30.85,82.51,505.0,Notifications,21.15,385302.0,70615.0,2385.0,410.0,2499.1116666666667,key_moments,2025-04-30 02:45:36.373417,WS-TECH-ANALYSIS
YT0009859,- Adulting: 0/10 Would Not Recommend (A Week in My Life),source_316,source_316,True,Company_A,content_editor_03,Lifestyle,English,interview,shorts,Youtube,,True,2025-04-30 00:00:00.000000,34.22,21.166666666666664,71.11,120.0,Shorts Feed,26.17,16575.0,14290.0,5605.0,2212.0,62.92366666666667,full_package,2025-04-30 01:56:00.709812,WS-LIFESTYLE
IG0003390,- From Office Shenanigans to PR Unboxing: A Day in My Life!,source_316,source_316,True,Company_A,content_editor_03,Tech_Analysis,English,news_bulletin,reels,Instagram,,True,2025-04-30 00:00:00.000000,31.74,17.166666666666664,49.0,535.0,Shorts Feed,27.11,244062.0,30541.0,3971.0,259.0,321.12,full_package,2025-04-30 09:26:45.661136,WS-TECH-ANALYSIS
IG0025065,- Lunch Spot Reviews & Questionable Dance Moves: My Day Unfiltered!,source_316,source_316,True,Company_A,content_editor_03,Tech_Analysis,English,interview,reels,Instagram,,True,2025-04-30 00:00:00.000000,46.66,30.3,65.0,302.0,Shorts Feed,26.25,193505.0,39324.0,5563.0,221.0,796.6,chapters,2025-04-30 02:39:47.988304,WS-TECH-ANALYSIS
IG0002822,- Apple Vision Pro: Hype vs. Reality - My Honest Week With It,source_317,source_317,True,Company_A,content_editor_03,Tech_Analysis,English,speech,reels,Instagram,,True,2025-04-30 00:00:00.000000,63.88,41.06666666666667,65.0,314.0,Shorts Feed,22.78,295992.0,40820.0,3017.0,1847.0,1793.9,key_moments,2025-04-30 05:29:42.000706,WS-TECH-ANALYSIS
IG0008254,"- My Totally Relatable Week: Coffee, Chaos & a Little Bit of Drama!",source_316,source_316,True,Company_A,content_editor_03,Tech_Analysis,English,interview,reels,Instagram,,True,2025-04-30 00:00:00.000000,43.3,30.85,69.0,387.0,Notifications,21.15,222797.0,45709.0,1351.0,258.0,997.11,full_package,2025-04-30 01:06:30.651917,WS-TECH-ANALYSIS
IG0004869,"- Skincare, Secrets & Deep Thoughts: Come Spend the Day With Me!",source_316,source_316,True,Company_A,content_editor_03,Lifestyle,English,interview,reels,Instagram,,True,2025-04-30 00:00:00.000000,21.21,8.883333333333333,29.0,214.0,Channel Page,16.21,1709598.0,168107.0,3330.0,3092.0,190.51,key_moments,2025-04-30 04:26:37.520959,WS-LIFESTYLE
IG0009859,- Adulting: 0/10 Would Not Recommend (A Week in My Life),source_316,source_316,True,Company_A,content_editor_03,Lifestyle,English,speech,reels,Instagram,,True,2025-04-30 00:00:00.000000,34.22,21.166666666666664,90.0,142.0,Shorts Feed,26.17,37298.0,37995.0,8697.0,6239.0,127.43,key_moments,2025-04-30 01:31:39.735289,WS-LIFESTYLE
YT0021990,- Vision Pro: $3500 Gimmick or the FUTURE? (I Spent a Week Finding Out),source_317,source_317,True,Company_A,content_editor_03,Lifestyle,English,interview,shorts,Youtube,,True,2025-05-01 00:00:00.000000,25.64,9.6,19.74,90.0,Notifications,28.08,357278.0,89208.0,4056.0,1749.0,208.41216666666665,key_moments,2025-05-01 02:50:44.176591,WS-LIFESTYLE
IG0021990,- Vision Pro: $3500 Gimmick or the FUTURE? (I Spent a Week Finding Out),source_317,source_317,False,Company_A,content_editor_03,Lifestyle,English,speech,,,,False,2025-05-01 00:00:00.000000,25.64,,,,,,,,,,,key_moments,2025-05-01 23:27:32.586129,WS-LIFESTYLE
YT0022646,"- Apple Vision Pro Review: The Good, The Bad, and The Motion Sickness",source_317,source_317,True,Company_A,content_editor_03,Lifestyle,English,interview,shorts,Youtube,,True,2025-05-02 00:00:00.000000,31.79,15.5,47.65,34.0,Browse,11.1,121094.0,97107.0,1364.0,2543.0,269.09783333333337,chapters,2025-05-02 08:25:55.196088,WS-LIFESTYLE
YT0012751,- Don't Buy the Vision Pro Until You See THIS! (Honest Review),source_317,source_317,True,Company_A,content_editor_03,Lifestyle,English,news_bulletin,shorts,Youtube,,True,2025-05-02 00:00:00.000000,18.74,8.55,28.07,617.0,Search,27.11,1086031.0,20440.0,3464.0,122.0,316.759,full_package,2025-05-02 03:36:34.135500,WS-LIFESTYLE
IG0022646,"- Apple Vision Pro Review: The Good, The Bad, and The Motion Sickness",source_317,source_317,True,Company_A,content_editor_03,Lifestyle,English,speech,reels,Instagram,,True,2025-05-02 00:00:00.000000,31.79,15.5,61.0,35.0,Browse,11.1,248369.0,245910.0,2656.0,6505.0,336.68,summary,2025-05-04 03:41:58.158804,WS-LIFESTYLE
IG0012751,- Don't Buy the Vision Pro Until You See THIS! (Honest Review),source_317,source_317,True,Company_A,content_editor_03,Lifestyle,English,news_bulletin,reels,Instagram,,True,2025-05-02 00:00:00.000000,18.74,8.55,35.0,862.0,Search,27.11,1632603.0,39400.0,4631.0,256.0,166.66,summary,2025-05-02 01:55:24.656544,WS-LIFESTYLE
YT0004027,- Apple Vision Pro: One Week Later... Hype or Reality?,source_318,source_318,True,Company_A,content_editor_03,Tech_Analysis,English,interview,shorts,Youtube,,True,2025-05-03 00:00:00.000000,34.17,10.366666666666667,14.95,433.0,Suggested,25.56,1476359.0,82061.0,1886.0,2290.0,1175.6191666666666,full_package,2025-05-03 10:09:36.330086,WS-TECH-ANALYSIS
YT0002281,- Apple Vision Pro: Is It REALLY Worth $3500? (Brutally Honest),source_317,source_317,True,Company_A,content_editor_03,Tech_Analysis,English,interview,shorts,Youtube,,True,2025-05-03 00:00:00.000000,49.73,32.91666666666667,73.18,55.0,Notifications,10.11,1759656.0,74848.0,174.0,1482.0,12423.497166666666,chapters,2025-05-03 01:10:25.293142,WS-TECH-ANALYSIS
YT0000908,- $3500 Apple Vision Pro: Regret or Revolution?,source_318,source_318,True,Company_A,content_editor_03,Tech_Analysis,English,special_report,shorts,Youtube,,True,2025-05-03 00:00:00.000000,61.41,50.5,92.65,520.0,Notifications,22.36,1235318.0,60786.0,3474.0,126.0,14755.187166666668,my_key_moments,2025-05-03 03:17:27.181610,WS-TECH-ANALYSIS
IG0004027,- Apple Vision Pro: One Week Later... Hype or Reality?,source_318,source_318,True,Company_A,content_editor_03,Tech_Analysis,English,special_report,reels,Instagram,,True,2025-05-03 00:00:00.000000,34.17,10.366666666666667,13.0,335.0,Suggested,25.56,708885.0,46183.0,1277.0,1338.0,73.38,chapters,2025-05-03 01:21:38.830026,WS-TECH-ANALYSIS
IG0002281,- Apple Vision Pro: Is It REALLY Worth $3500? (Brutally Honest),source_317,source_317,True,Company_A,content_editor_03,Tech_Analysis,English,interview,reels,Instagram,,True,2025-05-03 00:00:00.000000,49.73,32.91666666666667,63.0,29.0,Notifications,10.11,1097902.0,50761.0,138.0,1213.0,4883.38,full_package,2025-05-03 04:54:50.874447,WS-TECH-ANALYSIS
IG0000908,- $3500 Apple Vision Pro: Regret or Revolution?,source_318,source_318,True,Company_A,content_editor_03,Tech_Analysis,English,interview,reels,Instagram,,True,2025-05-03 00:00:00.000000,61.41,50.5,76.0,319.0,Notifications,22.36,813727.0,25401.0,1964.0,92.0,7386.83,key_moments,2025-05-03 04:10:59.430548,WS-TECH-ANALYSIS
YT0022885,"- Apple Vision Pro Honest Review: The Good, The Bad, The Glitchy.",source_318,source_318,True,Company_A,content_editor_03,Tech_Analysis,English,special_report,shorts,Youtube,,True,2025-05-05 00:00:00.000000,29.03,20.633333333333333,93.61,620.0,Suggested,4.54,580630.0,68834.0,7333.0,2717.0,2118.2243333333336,key_moments,2025-05-05 03:07:38.195668,WS-TECH-ANALYSIS
YT0008731,- I Lived in Apple Vision Pro for a Week: Here's What I Found.,source_318,source_318,True,Company_A,content_editor_03,Tech_Analysis,English,interview,shorts,Youtube,,True,2025-05-05 00:00:00.000000,23.380000000000003,14.216666666666669,80.15,359.0,Browse,19.36,276237.0,91910.0,7445.0,459.0,515.3866666666667,key_moments,2025-05-05 09:34:57.050467,WS-TECH-ANALYSIS
YT0018064,"- Vision Pro: The Future is Here, But Should You Buy It?",source_318,source_318,True,Company_A,content_editor_03,Tech_Analysis,English,special_report,shorts,Youtube,,True,2025-05-05 00:00:00.000000,51.2,22.433333333333334,41.25,52.0,Notifications,9.23,869097.0,73960.0,497.0,2004.0,3605.143166666666,key_moments,2025-05-05 02:32:28.125804,WS-TECH-ANALYSIS
YT0024924,- Apple Vision Pro: Is This the End of Reality?,source_318,source_318,True,Company_A,content_editor_03,Tech_Analysis,English,interview,shorts,Youtube,,True,2025-05-05 00:00:00.000000,59.68,28.716666666666665,47.49,78.0,Search,17.17,213391.0,78567.0,2082.0,1097.0,1257.623833333333,chapters,2025-05-05 05:11:43.480038,WS-TECH-ANALYSIS
IG0022885,"- Apple Vision Pro Honest Review: The Good, The Bad, The Glitchy.",source_318,source_318,True,Company_A,content_editor_03,Tech_Analysis,English,interview,reels,Instagram,,True,2025-05-05 00:00:00.000000,29.03,20.633333333333333,85.0,323.0,Suggested,4.54,337948.0,46991.0,4399.0,1660.0,1047.95,key_moments,2025-05-05 07:42:42.110483,WS-TECH-ANALYSIS
IG0008731,- I Lived in Apple Vision Pro for a Week: Here's What I Found.,source_318,source_318,True,Company_A,content_editor_03,Tech_Analysis,English,special_report,reels,Instagram,,True,2025-05-05 00:00:00.000000,23.380000000000003,14.216666666666669,66.0,227.0,Browse,19.36,158232.0,55617.0,4573.0,336.0,194.85,chapters,2025-05-05 01:13:15.807472,WS-TECH-ANALYSIS
IG0018064,"- Vision Pro: The Future is Here, But Should You Buy It?",source_318,source_318,True,Company_A,content_editor_03,Tech_Analysis,English,special_report,reels,Instagram,,True,2025-05-05 00:00:00.000000,51.2,22.433333333333334,40.0,39.0,Notifications,9.23,357275.0,32824.0,253.0,1184.0,592.81,key_moments,2025-05-05 02:11:52.918945,WS-TECH-ANALYSIS
IG0024924,- Apple Vision Pro: Is This the End of Reality?,source_318,source_318,True,Company_A,content_editor_03,Tech_Analysis,English,interview,reels,Instagram,,True,2025-05-05 00:00:00.000000,59.68,28.716666666666665,44.0,43.0,Search,17.17,104116.0,36148.0,1116.0,927.0,269.99,key_moments,2025-05-05 04:10:34.040256,WS-TECH-ANALYSIS
YT0007000,- First Time in Tokyo: Culture Shock & Capsule Hotels!,source_319,source_319,False,Company_A,content_editor_03,Tech_Analysis,English,special_report,,,,False,2025-05-06 00:00:00.000000,18.06,,,,,,,,,,,my_key_moments,2025-05-06 06:37:19.668625,WS-TECH-ANALYSIS
IG0007000,- First Time in Tokyo: Culture Shock & Capsule Hotels!,source_319,source_319,True,Company_A,content_editor_03,Tech_Analysis,English,speech,reels,Instagram,,True,2025-05-06 00:00:00.000000,18.06,9.3,58.0,6.0,Channel Page,19.81,698587.0,35529.0,3898.0,98.0,202.59,key_moments,2025-05-06 12:28:10.151124,WS-TECH-ANALYSIS
YT0019958,- Shibuya Crossing Survivor: My Solo Tokyo Adventure,source_319,source_319,True,Company_A,content_editor_03,Tech_Analysis,English,special_report,shorts,Youtube,,True,2025-05-07 00:00:00.000000,65.35,51.63333333333333,87.65,224.0,Search,15.59,1048321.0,80829.0,4625.0,2021.0,12851.639,summary,2025-05-07 03:21:55.969400,WS-TECH-ANALYSIS
YT0011483,- Karaoke Fail in Tokyo: Solo Trip Gone Hilariously Wrong,source_319,source_319,True,Company_A,content_editor_03,Tech_Analysis,English,special_report,shorts,Youtube,,True,2025-05-07 00:00:00.000000,22.75,11.583333333333332,52.69,255.0,Playlist,10.9,1791113.0,92369.0,3759.0,496.0,2031.5865,chapters,2025-05-07 03:06:19.160466,WS-TECH-ANALYSIS
YT0012510,"- Tiny Hotel, Huge City: My Tokyo Solo Trip Diaries",source_319,source_319,True,Company_A,content_editor_03,Tech_Analysis,English,news_bulletin,shorts,Youtube,,True,2025-05-07 00:00:00.000000,61.82,35.08333333333333,58.91,517.0,Suggested,14.12,971851.0,78157.0,5737.0,1323.0,7446.358333333334,key_moments,2025-05-07 01:59:24.593907,WS-TECH-ANALYSIS
IG0019958,- Shibuya Crossing Survivor: My Solo Tokyo Adventure,source_319,source_319,True,Company_A,content_editor_03,Tech_Analysis,English,special_report,reels,Instagram,,True,2025-05-07 00:00:00.000000,65.35,51.63333333333333,79.0,141.0,Search,15.59,584677.0,54923.0,3330.0,1426.0,5662.49,chapters,2025-05-07 05:12:30.407403,WS-TECH-ANALYSIS
IG0011483,- Karaoke Fail in Tokyo: Solo Trip Gone Hilariously Wrong,source_319,source_319,True,Company_A,content_editor_03,Tech_Analysis,English,news_bulletin,reels,Instagram,,True,2025-05-07 00:00:00.000000,22.75,11.583333333333332,53.0,201.0,Playlist,10.9,1130625.0,56345.0,2401.0,437.0,679.68,full_package,2025-05-07 03:09:13.591750,WS-TECH-ANALYSIS
IG0012510,"- Tiny Hotel, Huge City: My Tokyo Solo Trip Diaries",source_319,source_319,True,Company_A,content_editor_03,Tech_Analysis,English,speech,reels,Instagram,,True,2025-05-07 00:00:00.000000,61.82,35.08333333333333,55.0,314.0,Suggested,14.12,629096.0,47326.0,3183.0,1146.0,2651.09,summary,2025-05-07 03:12:45.220901,WS-TECH-ANALYSIS
YT0018514,- From Narita to Harajuku: A Solo Traveler's Tokyo,source_319,source_319,True,Company_A,content_editor_03,Lifestyle,English,interview,shorts,Youtube,,True,2025-05-08 00:00:00.000000,22.06,9.316666666666666,25.73,2.0,Browse,9.04,834130.0,81417.0,6227.0,556.0,420.9266666666666,summary,2025-05-08 03:42:38.025989,WS-LIFESTYLE
IG0018514,- From Narita to Harajuku: A Solo Traveler's Tokyo,source_319,source_319,True,Company_A,content_editor_03,Lifestyle,English,special_report,reels,Instagram,,True,2025-05-08 00:00:00.000000,22.06,9.316666666666666,30.0,3.0,Browse,9.04,1506606.0,242188.0,12296.0,1898.0,228.08,chapters,2025-05-08 06:13:08.124371,WS-LIFESTYLE
YT0017485,- Lost in Tokyo: Train Troubles & Tea Ceremonies,source_319,source_319,True,Company_A,content_editor_03,Tech_Analysis,English,speech,shorts,Youtube,,True,2025-05-09 00:00:00.000000,26.67,18.9,97.69,582.0,External,17.02,1065007.0,75498.0,798.0,657.0,3372.522166666666,chapters,2025-05-09 02:32:52.810832,WS-TECH-ANALYSIS
IG0017485,- Lost in Tokyo: Train Troubles & Tea Ceremonies,source_319,source_319,False,Company_A,content_editor_03,Tech_Analysis,English,news_bulletin,,,,False,2025-05-09 00:00:00.000000,26.67,,,,,,,,,,,full_package,2025-05-09 02:09:24.031601,WS-TECH-ANALYSIS
YT0005882,- My First Solo Trip: Tokyo's Sensory Overload!,source_319,source_319,True,Company_A,content_editor_03,Tech_Analysis,English,special_report,shorts,Youtube,,True,2025-05-10 00:00:00.000000,48.01,28.15,62.56,593.0,Search,0.59,952268.0,99332.0,1761.0,633.0,5462.3150000000005,chapters,2025-05-10 05:39:00.369477,WS-TECH-ANALYSIS
YT0018513,- M3 MacBook Air: Worth the Hype? (1 Week Later!),source_320,source_320,True,Company_A,content_editor_03,Tech_Analysis,English,interview,shorts,Youtube,,True,2025-05-10 00:00:00.000000,60.87,10.783333333333331,7.16,238.0,Shorts Feed,17.98,1654865.0,80432.0,4870.0,325.0,1509.2981666666667,key_moments,2025-05-10 00:21:19.728934,WS-TECH-ANALYSIS
IG0005882,- My First Solo Trip: Tokyo's Sensory Overload!,source_319,source_319,True,Company_A,content_editor_03,Tech_Analysis,English,special_report,reels,Instagram,,True,2025-05-10 00:00:00.000000,48.01,28.15,53.0,426.0,Search,0.59,608945.0,63021.0,1181.0,367.0,1851.28,my_key_moments,2025-05-10 02:28:04.299943,WS-TECH-ANALYSIS
IG0018513,- M3 MacBook Air: Worth the Hype? (1 Week Later!),source_320,source_320,True,Company_A,content_editor_03,Tech_Analysis,English,interview,reels,Instagram,,True,2025-05-10 00:00:00.000000,60.87,10.783333333333331,6.0,125.0,Shorts Feed,17.98,804045.0,55007.0,3264.0,265.0,44.0,key_moments,2025-05-10 01:35:32.665507,WS-TECH-ANALYSIS
YT0004852,- M3 MacBook Air: Is This the ULTIMATE Laptop?,source_320,source_320,True,Company_A,content_editor_03,Tech_Analysis,English,speech,shorts,Youtube,,True,2025-05-11 00:00:00.000000,41.13,10.983333333333334,13.33,168.0,Channel Page,12.39,748719.0,74786.0,1077.0,1541.0,724.455,summary,2025-05-11 10:28:26.586409,WS-TECH-ANALYSIS
YT0000297,- M3 MacBook Air vs. M2: HUGE Difference?!,source_320,source_320,True,Company_A,content_editor_03,Tech_Analysis,English,special_report,shorts,Youtube,,True,2025-05-11 00:00:00.000000,18.42,8.266666666666667,22.42,598.0,Playlist,17.15,318211.0,75153.0,513.0,777.0,67.76716666666667,key_moments,2025-05-11 02:48:39.679532,WS-TECH-ANALYSIS
IG0004852,- M3 MacBook Air: Is This the ULTIMATE Laptop?,source_320,source_320,True,Company_A,content_editor_03,Tech_Analysis,English,speech,reels,Instagram,,True,2025-05-11 00:00:00.000000,41.13,10.983333333333334,11.0,132.0,Channel Page,12.39,356559.0,34270.0,610.0,983.0,37.95,key_moments,2025-05-11 02:33:14.958221,WS-TECH-ANALYSIS
IG0000297,- M3 MacBook Air vs. M2: HUGE Difference?!,source_320,source_320,True,Company_A,content_editor_03,Tech_Analysis,English,news_bulletin,reels,Instagram,,True,2025-05-11 00:00:00.000000,18.42,8.266666666666667,21.0,445.0,Playlist,17.15,176479.0,31894.0,275.0,646.0,7.89,my_key_moments,2025-05-11 03:50:50.623067,WS-TECH-ANALYSIS
YT0007837,- M3 MacBook Air: The Perfect Laptop... For WHO?,source_320,source_320,True,Company_A,content_editor_03,Tech_Analysis,English,special_report,shorts,Youtube,,True,2025-05-12 00:00:00.000000,50.15,30.933333333333334,66.67,506.0,Notifications,13.74,111723.0,63001.0,1948.0,2171.0,727.234,summary,2025-05-12 02:29:03.529088,WS-TECH-ANALYSIS
YT0019435,- Don't Buy the M3 MacBook Air Until You See This!,source_320,source_320,False,Company_A,content_editor_03,Lifestyle,English,special_report,,,,False,2025-05-12 00:00:00.000000,37.66,,,,,,,,,,,full_package,2025-05-12 02:53:54.417112,WS-LIFESTYLE
IG0007837,- M3 MacBook Air: The Perfect Laptop... For WHO?,source_320,source_320,False,Company_A,content_editor_03,Tech_Analysis,English,speech,,,,False,2025-05-12 00:00:00.000000,50.15,,,,,,,,,,,my_key_moments,2025-05-12 04:19:23.314885,WS-TECH-ANALYSIS
IG0019435,- Don't Buy the M3 MacBook Air Until You See This!,source_320,source_320,True,Company_A,content_editor_03,Lifestyle,English,speech,reels,Instagram,,True,2025-05-12 00:00:00.000000,37.66,25.73333333333333,96.0,26.0,Playlist,13.96,227452.0,55980.0,6545.0,596.0,1105.92,chapters,2025-05-12 02:51:13.788634,WS-LIFESTYLE
YT0011556,- iPhone 16 Pro Max: Worth the Upgrade? (Weeks Early!),source_321,source_321,False,Company_A,content_editor_03,Tech_Analysis,English,news_bulletin,,,,False,2025-05-13 00:00:00.000000,42.620000000000005,,,,,,,,,,,key_moments,2025-05-13 02:50:14.969524,WS-TECH-ANALYSIS
YT0004347,- iPhone 16 Pro Max: The TRUTH After Weeks of Use!,source_321,source_321,True,Company_A,content_editor_03,Tech_Analysis,English,interview,shorts,Youtube,,True,2025-05-13 00:00:00.000000,66.50999999999999,22.1,28.34,33.0,Browse,8.36,1215314.0,92149.0,730.0,1909.0,4928.773499999999,chapters,2025-05-13 01:46:57.971279,WS-TECH-ANALYSIS
IG0011556,- iPhone 16 Pro Max: Worth the Upgrade? (Weeks Early!),source_321,source_321,True,Company_A,content_editor_03,Tech_Analysis,English,special_report,reels,Instagram,,True,2025-05-13 00:00:00.000000,42.620000000000005,12.383333333333333,16.0,221.0,External,0.69,473912.0,42413.0,3084.0,2468.0,102.86,key_moments,2025-05-13 01:35:21.329533,WS-TECH-ANALYSIS
IG0004347,- iPhone 16 Pro Max: The TRUTH After Weeks of Use!,source_321,source_321,True,Company_A,content_editor_03,Tech_Analysis,English,interview,reels,Instagram,,True,2025-05-13 00:00:00.000000,66.50999999999999,22.1,26.0,21.0,Browse,8.36,504498.0,38276.0,387.0,1586.0,531.97,key_moments,2025-05-13 04:11:55.757226,WS-TECH-ANALYSIS
YT0022952,- iPhone 16 Pro Max DESTROYS the Competition?! (Full Review),source_321,source_321,False,Company_A,content_editor_03,Tech_Analysis,English,news_bulletin,,,,False,2025-05-14 00:00:00.000000,24.09,,,,,,,,,,,full_package,2025-05-14 05:06:42.906506,WS-TECH-ANALYSIS
YT0028374,- Build Your DREAM Keyboard: Beginner to Pro Guide!,source_322,source_322,True,Company_A,content_editor_03,Tech_Analysis,English,speech,shorts,Youtube,,True,2025-05-14 00:00:00.000000,34.239999999999995,10.55,15.85,1.0,Search,22.6,1507218.0,92857.0,4093.0,687.0,1276.9485,summary,2025-05-14 01:16:33.778516,WS-TECH-ANALYSIS
IG0022952,- iPhone 16 Pro Max DESTROYS the Competition?! (Full Review),source_321,source_321,True,Company_A,content_editor_03,Tech_Analysis,English,special_report,reels,Instagram,,True,2025-05-14 00:00:00.000000,24.09,10.466666666666669,31.0,408.0,Suggested,18.94,230618.0,64341.0,3389.0,332.0,58.91,my_key_moments,2025-05-14 07:20:48.021100,WS-TECH-ANALYSIS
IG0028374,- Build Your DREAM Keyboard: Beginner to Pro Guide!,source_322,source_322,False,Company_A,content_editor_03,Tech_Analysis,English,interview,,,,False,2025-05-14 00:00:00.000000,34.239999999999995,,,,,,,,,,,my_key_moments,2025-05-14 07:22:15.045167,WS-TECH-ANALYSIS
YT0001518,- My Day Was a MESS (but I Laughed Through It!),source_323,source_323,False,Company_A,content_editor_03,Lifestyle,English,interview,,,,False,2025-05-15 00:00:00.000000,35.11,,,,,,,,,,,key_moments,2025-05-15 08:43:25.389465,WS-LIFESTYLE
IG0001518,- My Day Was a MESS (but I Laughed Through It!),source_323,source_323,True,Company_A,content_editor_03,Lifestyle,English,speech,reels,Instagram,,True,2025-05-15 00:00:00.000000,35.11,24.416666666666668,100.0,458.0,Channel Page,6.01,605987.0,19863.0,17.0,9708.0,3046.91,chapters,2025-05-15 05:05:04.363506,WS-LIFESTYLE
YT0009884,- Spilled Soup & Epic Fails: Just Another Tuesday,source_323,source_323,True,Company_A,content_editor_03,Lifestyle,English,interview,shorts,Youtube,,True,2025-05-16 00:00:00.000000,19.65,10.05,54.84,391.0,Notifications,2.77,1366229.0,19516.0,78.0,1210.0,967.7455,key_moments,2025-05-16 06:39:32.177495,WS-LIFESTYLE
YT0028496,- iPhone 16: Worth the Hype?! (1-Month Honest Review),source_324,source_324,True,Company_A,content_editor_03,Tech_Analysis,English,interview,shorts,Youtube,,True,2025-05-16 00:00:00.000000,53.99,35.36666666666667,71.47,55.0,Search,15.17,744233.0,87612.0,2071.0,2015.0,5760.914666666667,key_moments,2025-05-16 22:58:22.421509,WS-TECH-ANALYSIS
YT0002778,- iPhone 16 vs iPhone 15 Pro: HUGE Camera Upgrade?!,source_324,source_324,True,Company_A,content_editor_03,Lifestyle,English,news_bulletin,shorts,Youtube,,True,2025-05-16 00:00:00.000000,20.59,8.933333333333334,25.64,282.0,Search,29.25,835753.0,84235.0,4753.0,2680.0,332.7535,key_moments,2025-05-16 03:08:33.660913,WS-LIFESTYLE
IG0028496,- iPhone 16: Worth the Hype?! (1-Month Honest Review),source_324,source_324,True,Company_A,content_editor_03,Tech_Analysis,English,speech,reels,Instagram,,True,2025-05-16 00:00:00.000000,53.99,35.36666666666667,66.0,37.0,Search,15.17,357073.0,55710.0,1412.0,1449.0,1824.25,summary,2025-05-16 01:43:58.095989,WS-TECH-ANALYSIS
IG0009884,- Spilled Soup & Epic Fails: Just Another Tuesday,source_323,source_323,False,Company_A,content_editor_03,Lifestyle,English,interview,,,,False,2025-05-16 00:00:00.000000,19.65,,,,,,,,,,,key_moments,2025-05-16 01:10:20.612670,WS-LIFESTYLE
IG0002778,- iPhone 16 vs iPhone 15 Pro: HUGE Camera Upgrade?!,source_324,source_324,True,Company_A,content_editor_03,Lifestyle,English,interview,reels,Instagram,,True,2025-05-16 00:00:00.000000,20.59,8.933333333333334,28.0,375.0,Search,29.25,2029012.0,229156.0,6694.0,9293.0,226.2,key_moments,2025-05-16 16:17:40.544791,WS-LIFESTYLE
YT0029814,- iPhone 16 Battery Test: Did Apple FINALLY Fix It?,source_324,source_324,True,Company_A,content_editor_03,Tech_Analysis,English,news_bulletin,shorts,Youtube,,True,2025-05-17 00:00:00.000000,41.09,25.08333333333333,67.39,304.0,Suggested,17.12,687097.0,99053.0,7772.0,2745.0,3355.9598333333333,key_moments,2025-05-17 16:27:59.172016,WS-TECH-ANALYSIS
YT0028456,- iPhone 16: The TRUTH After 30 Days!,source_324,source_324,True,Company_A,content_editor_03,Tech_Analysis,English,speech,shorts,Youtube,,True,2025-05-17 00:00:00.000000,42.49,20.066666666666663,45.71,476.0,Notifications,26.09,1069452.0,85501.0,4786.0,1258.0,3733.1796666666655,summary,2025-05-17 01:54:32.640695,WS-TECH-ANALYSIS
YT0018419,- iPhone 16: Don't Buy It Until You See THIS!,source_324,source_324,True,Company_A,content_editor_03,Tech_Analysis,English,special_report,shorts,Youtube,,True,2025-05-17 00:00:00.000000,54.53,27.28333333333333,50.05,382.0,Channel Page,18.7,861056.0,99402.0,5763.0,2327.0,4731.821666666667,summary,2025-05-17 02:14:07.581057,WS-TECH-ANALYSIS
YT0016357,- iPhone 16: The Ultimate Gaming Test! (A18 Chip EXPOSED),source_324,source_324,False,Company_A,content_editor_03,Lifestyle,English,interview,,,,False,2025-05-17 00:00:00.000000,17.39,,,,,,,,,,,key_moments,2025-05-17 03:05:12.108577,WS-LIFESTYLE
YT0022391,- iPhone 16: Is THIS the Best Smartphone of 2024?,source_324,source_324,True,Company_A,content_editor_03,Lifestyle,English,interview,shorts,Youtube,,True,2025-05-17 00:00:00.000000,20.72,9.866666666666667,41.38,637.0,Browse,1.49,1170314.0,81934.0,2598.0,798.0,769.3731666666666,key_moments,2025-05-17 10:39:05.366698,WS-LIFESTYLE
IG0029814,- iPhone 16 Battery Test: Did Apple FINALLY Fix It?,source_324,source_324,True,Company_A,content_editor_03,Tech_Analysis,English,interview,reels,Instagram,,True,2025-05-17 00:00:00.000000,41.09,25.08333333333333,59.0,238.0,Suggested,17.12,364989.0,41498.0,6098.0,2017.0,1051.79,chapters,2025-05-17 01:25:41.713799,WS-TECH-ANALYSIS
IG0028456,- iPhone 16: The TRUTH After 30 Days!,source_324,source_324,True,Company_A,content_editor_03,Tech_Analysis,English,speech,reels,Instagram,,True,2025-05-17 00:00:00.000000,42.49,20.066666666666663,45.0,256.0,Notifications,26.09,654684.0,41781.0,3788.0,970.0,1028.4,summary,2025-05-17 00:49:45.993692,WS-TECH-ANALYSIS
IG0018419,- iPhone 16: Don't Buy It Until You See THIS!,source_324,source_324,True,Company_A,content_editor_03,Tech_Analysis,English,interview,reels,Instagram,,True,2025-05-17 00:00:00.000000,54.53,27.28333333333333,47.0,304.0,Channel Page,18.7,449327.0,65652.0,4453.0,1196.0,1160.53,chapters,2025-05-17 22:39:11.913085,WS-TECH-ANALYSIS
IG0016357,- iPhone 16: The Ultimate Gaming Test! (A18 Chip EXPOSED),source_324,source_324,False,Company_A,content_editor_03,Lifestyle,English,interview,,,,False,2025-05-17 00:00:00.000000,17.39,,,,,,,,,,,key_moments,2025-05-17 05:08:08.091759,WS-LIFESTYLE
IG0022391,- iPhone 16: Is THIS the Best Smartphone of 2024?,source_324,source_324,False,Company_A,content_editor_03,Lifestyle,English,speech,,,,False,2025-05-17 00:00:00.000000,20.72,,,,,,,,,,,key_moments,2025-05-17 05:45:12.944672,WS-LIFESTYLE
YT0024930,- iPhone 16: The Complete Review You NEED to See!,source_324,source_324,True,Company_A,content_editor_03,Tech_Analysis,English,news_bulletin,shorts,Youtube,,True,2025-05-18 00:00:00.000000,46.98,35.53333333333333,87.66,218.0,External,3.91,277743.0,85694.0,5397.0,216.0,2162.795,full_package,2025-05-18 03:23:40.848692,WS-TECH-ANALYSIS
YT0017101,- Coffee Catastrophe & Kitchen Chaos! ☕🔥,source_325,source_325,False,Company_A,content_editor_03,Lifestyle,English,speech,,,,False,2025-05-18 00:00:00.000000,27.07,,,,,,,,,,,key_moments,2025-05-18 05:48:22.236139,WS-LIFESTYLE
YT0014248,- My Life is a Mess (But I Love It!) ✨,source_325,source_325,True,Company_A,content_editor_03,Tech_Analysis,English,special_report,shorts,Youtube,,True,2025-05-18 00:00:00.000000,56.09,15.95,20.56,359.0,Search,11.96,1181479.0,85868.0,7803.0,1095.0,2773.1938333333333,chapters,2025-05-18 01:11:28.184714,WS-TECH-ANALYSIS
YT0024031,- Adulting Fails & Furry Friends 🐾,source_325,source_325,False,Company_A,content_editor_03,Tech_Analysis,English,special_report,,,,False,2025-05-18 00:00:00.000000,36.43,,,,,,,,,,,chapters,2025-05-18 02:02:28.467243,WS-TECH-ANALYSIS
IG0024930,- iPhone 16: The Complete Review You NEED to See!,source_324,source_324,True,Company_A,content_editor_03,Tech_Analysis,English,special_report,reels,Instagram,,True,2025-05-18 00:00:00.000000,46.98,35.53333333333333,87.0,135.0,External,3.91,160476.0,41223.0,3674.0,108.0,1087.18,chapters,2025-05-18 04:21:03.834408,WS-TECH-ANALYSIS
IG0014248,- My Life is a Mess (But I Love It!) ✨,source_325,source_325,False,Company_A,content_editor_03,Tech_Analysis,English,interview,,,,False,2025-05-18 00:00:00.000000,56.09,,,,,,,,,,,key_moments,2025-05-18 00:39:00.853233,WS-TECH-ANALYSIS
IG0024031,- Adulting Fails & Furry Friends 🐾,source_325,source_325,True,Company_A,content_editor_03,Tech_Analysis,English,special_report,reels,Instagram,,True,2025-05-18 00:00:00.000000,36.43,26.866666666666667,73.0,168.0,Browse,25.19,826933.0,40920.0,4949.0,1961.0,3247.47,chapters,2025-05-18 03:08:24.649661,WS-TECH-ANALYSIS
IG0017101,- Coffee Catastrophe & Kitchen Chaos! ☕🔥,source_325,source_325,True,Company_A,content_editor_03,Lifestyle,English,special_report,reels,Instagram,,True,2025-05-18 00:00:00.000000,27.07,11.116666666666667,34.0,608.0,Playlist,5.66,3791.0,271893.0,3696.0,1817.0,1.29,key_moments,2025-05-18 02:59:20.658054,WS-LIFESTYLE
YT0002399,- From Zero to Chaos in 30 Minutes! 🤪,source_325,source_325,True,Company_A,content_editor_03,Tech_Analysis,English,special_report,shorts,Youtube,,True,2025-05-19 00:00:00.000000,21.62,9.533333333333331,30.72,194.0,Notifications,22.77,541060.0,77059.0,7473.0,2596.0,305.59866666666665,key_moments,2025-05-19 03:08:23.088659,WS-TECH-ANALYSIS
YT0021755,- Grocery Hauls & Questionable Meals 🛒,source_325,source_325,False,Company_A,content_editor_03,Lifestyle,English,news_bulletin,,,,False,2025-05-19 00:00:00.000000,32.79,,,,,,,,,,,full_package,2025-05-19 02:34:26.101679,WS-LIFESTYLE
IG0002399,- From Zero to Chaos in 30 Minutes! 🤪,source_325,source_325,True,Company_A,content_editor_03,Tech_Analysis,English,news_bulletin,reels,Instagram,,True,2025-05-19 00:00:00.000000,21.62,9.533333333333331,26.0,126.0,Notifications,22.77,277377.0,31870.0,5451.0,2268.0,40.73,key_moments,2025-05-19 01:48:11.636564,WS-TECH-ANALYSIS
IG0021755,- Grocery Hauls & Questionable Meals 🛒,source_325,source_325,True,Company_A,content_editor_03,Lifestyle,English,interview,reels,Instagram,,True,2025-05-19 00:00:00.000000,32.79,23.633333333333333,100.0,17.0,Playlist,3.35,258880.0,42296.0,9287.0,3497.0,1206.57,key_moments,2025-05-19 00:55:52.152666,WS-LIFESTYLE
YT0029462,- Just Another Day in My Perfectly Imperfect Life 💖,source_325,source_325,False,Company_A,content_editor_03,Tech_Analysis,English,special_report,,,,False,2025-05-20 00:00:00.000000,31.64,,,,,,,,,,,full_package,2025-05-20 04:29:27.868461,WS-TECH-ANALYSIS
YT0023005,- TikTok Fails & Chill Vibes Only 🧘‍♀️,source_325,source_325,True,Company_A,content_editor_03,Tech_Analysis,English,interview,shorts,Youtube,,True,2025-05-20 00:00:00.000000,32.9,19.73333333333333,68.34,137.0,Channel Page,4.89,185711.0,68579.0,7066.0,1157.0,631.0735000000001,key_moments,2025-05-20 03:08:46.317693,WS-TECH-ANALYSIS
YT0026846,- My Daily Dose of Organized Chaos ☕,source_325,source_325,True,Company_A,content_editor_03,Lifestyle,English,interview,shorts,Youtube,,True,2025-05-20 00:00:00.000000,22.16,13.6,85.2,3.0,Shorts Feed,25.71,1532772.0,11920.0,2722.0,1006.0,2597.197,full_package,2025-05-20 01:19:52.264087,WS-LIFESTYLE
IG0029462,- Just Another Day in My Perfectly Imperfect Life 💖,source_325,source_325,True,Company_A,content_editor_03,Tech_Analysis,English,interview,reels,Instagram,,True,2025-05-20 00:00:00.000000,31.64,14.833333333333332,36.0,477.0,Search,5.1,599269.0,35917.0,5261.0,1480.0,439.46,summary,2025-05-20 04:12:18.708444,WS-TECH-ANALYSIS
IG0023005,- TikTok Fails & Chill Vibes Only 🧘‍♀️,source_325,source_325,True,Company_A,content_editor_03,Tech_Analysis,English,interview,reels,Instagram,,True,2025-05-20 00:00:00.000000,32.9,19.73333333333333,66.0,80.0,Channel Page,4.89,129330.0,30151.0,3620.0,960.0,290.06,my_key_moments,2025-05-20 03:09:33.294853,WS-TECH-ANALYSIS
IG0026846,- My Daily Dose of Organized Chaos ☕,source_325,source_325,False,Company_A,content_editor_03,Lifestyle,English,speech,,,,False,2025-05-20 00:00:00.000000,22.16,,,,,,,,,,,key_moments,2025-05-20 02:45:58.326598,WS-LIFESTYLE
YT0009651,- Vision Pro: Hype or Reality? A Developer's Honest Take,source_327,source_327,True,Company_A,content_editor_03,Tech_Analysis,English,special_report,shorts,Youtube,,True,2025-05-22 00:00:00.000000,48.88,29.73333333333333,65.62,478.0,Search,12.4,1482959.0,66595.0,4911.0,2290.0,9158.645,key_moments,2025-05-22 00:42:44.368622,WS-TECH-ANALYSIS
YT0005844,- Apple Vision Pro: One Week Later... Hype or Reality?,source_326,source_326,True,Company_A,content_editor_03,Tech_Analysis,English,news_bulletin,shorts,Youtube,,True,2025-05-22 00:00:00.000000,34.07,9.45,10.23,75.0,Notifications,10.8,1596289.0,76418.0,5162.0,937.0,864.6564999999999,full_package,2025-05-22 06:54:24.528173,WS-TECH-ANALYSIS
YT0002377,- $3500 Apple Vision Pro: Don't Buy It Until You See This!,source_326,source_326,True,Company_A,content_editor_03,Tech_Analysis,English,interview,shorts,Youtube,,True,2025-05-22 00:00:00.000000,58.99,38.83333333333333,71.23,117.0,Browse,26.8,431168.0,86393.0,7760.0,1059.0,3752.7585,chapters,2025-05-22 01:29:29.782337,WS-TECH-ANALYSIS
IG0009651,- Vision Pro: Hype or Reality? A Developer's Honest Take,source_327,source_327,True,Company_A,content_editor_03,Tech_Analysis,English,interview,reels,Instagram,,True,2025-05-22 00:00:00.000000,48.88,29.73333333333333,55.0,365.0,Search,12.4,906025.0,35072.0,2772.0,1744.0,3077.55,chapters,2025-05-22 04:12:27.634944,WS-TECH-ANALYSIS
IG0005844,- Apple Vision Pro: One Week Later... Hype or Reality?,source_326,source_326,True,Company_A,content_editor_03,Tech_Analysis,English,special_report,reels,Instagram,,True,2025-05-22 00:00:00.000000,34.07,9.45,10.0,53.0,Notifications,10.8,662101.0,52485.0,3410.0,792.0,35.86,key_moments,2025-05-22 02:05:42.950752,WS-TECH-ANALYSIS
IG0002377,- $3500 Apple Vision Pro: Don't Buy It Until You See This!,source_326,source_326,True,Company_A,content_editor_03,Tech_Analysis,English,interview,reels,Instagram,,True,2025-05-22 00:00:00.000000,58.99,38.83333333333333,69.0,77.0,Browse,26.8,244043.0,44075.0,4139.0,754.0,1465.61,key_moments,2025-05-22 02:55:51.278027,WS-TECH-ANALYSIS
YT0005102,"- Apple Vision Pro: Is it Worth $3,500? (Developer's Review)",source_327,source_327,True,Company_A,content_editor_03,Tech_Analysis,English,interview,shorts,Youtube,,True,2025-05-23 00:00:00.000000,63.67,47.266666666666666,81.71,366.0,External,22.66,329822.0,64500.0,5448.0,2619.0,3643.3115,key_moments,2025-05-23 10:03:20.111538,WS-TECH-ANALYSIS
YT0000051,"- My Day in a Nutshell: Coffee, Chaos & Hidden Gems!",source_328,source_328,True,Company_A,content_editor_03,Lifestyle,English,news_bulletin,shorts,Youtube,,True,2025-05-23 00:00:00.000000,32.21,8.05,3.2,142.0,Channel Page,25.43,612784.0,10770.0,86.0,2785.0,93.61983333333332,key_moments,2025-05-23 06:07:12.591022,WS-LIFESTYLE
YT0029029,- iPhone 16: Worth the Hype?! (1 Month Honest Review),source_329,source_329,True,Company_A,content_editor_03,Tech_Analysis,English,interview,shorts,Youtube,,True,2025-05-23 00:00:00.000000,47.72,10.466666666666669,9.07,488.0,Shorts Feed,9.29,1836134.0,73205.0,3345.0,2363.0,1513.1105,key_moments,2025-05-23 09:52:41.378082,WS-TECH-ANALYSIS
IG0005102,"- Apple Vision Pro: Is it Worth $3,500? (Developer's Review)",source_327,source_327,True,Company_A,content_editor_03,Tech_Analysis,English,interview,reels,Instagram,,True,2025-05-23 00:00:00.000000,63.67,47.266666666666666,81.0,207.0,External,22.66,132939.0,29618.0,2835.0,1970.0,1189.47,summary,2025-05-23 05:12:36.429537,WS-TECH-ANALYSIS
IG0029029,- iPhone 16: Worth the Hype?! (1 Month Honest Review),source_329,source_329,True,Company_A,content_editor_03,Tech_Analysis,English,special_report,reels,Instagram,,True,2025-05-23 00:00:00.000000,47.72,10.466666666666669,8.0,322.0,Shorts Feed,9.29,1068593.0,40077.0,2624.0,1524.0,70.45,key_moments,2025-05-23 05:29:29.553932,WS-TECH-ANALYSIS
IG0000051,"- My Day in a Nutshell: Coffee, Chaos & Hidden Gems!",source_328,source_328,False,Company_A,content_editor_03,Lifestyle,English,special_report,,,,False,2025-05-23 00:00:00.000000,32.21,,,,,,,,,,,chapters,2025-05-23 00:57:43.629426,WS-LIFESTYLE
YT0012963,- My Day Went Totally Off the Rails! 🤪,source_330,source_330,False,Company_A,content_editor_03,Lifestyle,English,special_report,,,,False,2025-05-24 00:00:00.000000,19.02,,,,,,,,,,,summary,2025-05-24 03:06:09.738607,WS-LIFESTYLE
IG0012963,- My Day Went Totally Off the Rails! 🤪,source_330,source_330,True,Company_A,content_editor_03,Lifestyle,English,interview,reels,Instagram,,True,2025-05-24 00:00:00.000000,19.02,10.783333333333331,100.0,641.0,Suggested,16.37,2730832.0,8120.0,3795.0,4830.0,2615.15,key_moments,2025-05-24 03:20:28.767362,WS-LIFESTYLE
YT0010407,- Day in My Life: Expect the Unexpected!,source_330,source_330,True,Company_A,content_editor_03,Tech_Analysis,English,speech,shorts,Youtube,,True,2025-05-25 00:00:00.000000,23.54,13.65,72.01,526.0,Browse,16.55,149484.0,72644.0,1612.0,2853.0,255.3685,key_moments,2025-05-25 10:38:47.209044,WS-TECH-ANALYSIS
YT0026205,- Chaos & Coffee: My Hilariously Unhinged Day,source_330,source_330,True,Company_A,content_editor_03,Tech_Analysis,English,interview,shorts,Youtube,,True,2025-05-25 00:00:00.000000,57.04,38.46666666666667,73.66,152.0,External,0.95,1602540.0,69826.0,7042.0,487.0,13784.811666666666,chapters,2025-05-25 02:40:04.624913,WS-TECH-ANALYSIS
IG0010407,- Day in My Life: Expect the Unexpected!,source_330,source_330,False,Company_A,content_editor_03,Tech_Analysis,English,special_report,,,,False,2025-05-25 00:00:00.000000,23.54,,,,,,,,,,,key_moments,2025-05-25 04:56:38.529007,WS-TECH-ANALYSIS
IG0026205,- Chaos & Coffee: My Hilariously Unhinged Day,source_330,source_330,True,Company_A,content_editor_03,Tech_Analysis,English,speech,reels,Instagram,,True,2025-05-25 00:00:00.000000,57.04,38.46666666666667,60.0,86.0,External,0.95,789467.0,41810.0,3957.0,246.0,4074.53,key_moments,2025-05-25 04:47:30.378427,WS-TECH-ANALYSIS
YT0019279,- From Green Smoothies to Vintage Finds: A Day of Surprises!,source_330,source_330,True,Company_A,content_editor_03,Tech_Analysis,English,news_bulletin,shorts,Youtube,,True,2025-05-26 00:00:00.000000,25.93,8.233333333333333,6.71,331.0,Notifications,20.78,816465.0,78159.0,5640.0,1807.0,166.317,chapters,2025-05-26 10:05:56.330207,WS-TECH-ANALYSIS
IG0019279,- From Green Smoothies to Vintage Finds: A Day of Surprises!,source_330,source_330,True,Company_A,content_editor_03,Tech_Analysis,English,special_report,reels,Instagram,,True,2025-05-26 00:00:00.000000,25.93,8.233333333333333,6.0,229.0,Notifications,20.78,457140.0,36808.0,3771.0,1236.0,5.59,full_package,2025-05-26 03:35:38.830945,WS-TECH-ANALYSIS
YT0011968,- iPhone 16 Upgrade: Don't Waste Your Money Until You See THIS!,source_331,source_331,True,Company_A,content_editor_03,Tech_Analysis,English,special_report,shorts,Youtube,,True,2025-05-27 00:00:00.000000,25.61,9.816666666666666,21.83,231.0,Notifications,13.73,1914202.0,68845.0,1397.0,1105.0,1231.8245,full_package,2025-05-27 07:45:23.196678,WS-TECH-ANALYSIS
YT0026511,- iPhone 16 Camera Test: SHOCKING Results!,source_331,source_331,True,Company_A,content_editor_03,Tech_Analysis,English,interview,shorts,Youtube,,True,2025-05-27 00:00:00.000000,57.03,13.383333333333333,14.0,80.0,Shorts Feed,27.46,648615.0,75479.0,2262.0,2496.0,1060.005,my_key_moments,2025-05-27 01:01:21.558247,WS-TECH-ANALYSIS
YT0003744,- iPhone 16 vs. iPhone 14 Pro: The ULTIMATE Comparison,source_331,source_331,False,Company_A,content_editor_03,Tech_Analysis,English,interview,,,,False,2025-05-27 00:00:00.000000,24.92,,,,,,,,,,,key_moments,2025-05-27 01:05:59.083900,WS-TECH-ANALYSIS
YT0011175,- iOS 18 is HERE! (iPhone 16 Review),source_331,source_331,True,Company_A,content_editor_03,Tech_Analysis,English,interview,shorts,Youtube,,True,2025-05-27 00:00:00.000000,49.62,22.166666666666664,42.36,623.0,Suggested,23.47,481327.0,88532.0,2929.0,1062.0,1960.9618333333333,full_package,2025-05-27 00:38:37.647658,WS-TECH-ANALYSIS
IG0011968,- iPhone 16 Upgrade: Don't Waste Your Money Until You See THIS!,source_331,source_331,True,Company_A,content_editor_03,Tech_Analysis,English,speech,reels,Instagram,,True,2025-05-27 00:00:00.000000,25.61,9.816666666666666,20.0,177.0,Notifications,13.73,823219.0,43293.0,1015.0,800.0,105.95,key_moments,2025-05-27 07:30:04.842093,WS-TECH-ANALYSIS
IG0026511,- iPhone 16 Camera Test: SHOCKING Results!,source_331,source_331,True,Company_A,content_editor_03,Tech_Analysis,English,interview,reels,Instagram,,True,2025-05-27 00:00:00.000000,57.03,13.383333333333333,14.0,45.0,Shorts Feed,27.46,353880.0,48216.0,1174.0,2146.0,80.97,chapters,2025-05-27 06:51:24.160357,WS-TECH-ANALYSIS
IG0003744,- iPhone 16 vs. iPhone 14 Pro: The ULTIMATE Comparison,source_331,source_331,False,Company_A,content_editor_03,Tech_Analysis,English,speech,,,,False,2025-05-27 00:00:00.000000,24.92,,,,,,,,,,,chapters,2025-05-27 08:11:48.851397,WS-TECH-ANALYSIS
IG0011175,- iOS 18 is HERE! (iPhone 16 Review),source_331,source_331,True,Company_A,content_editor_03,Tech_Analysis,English,interview,reels,Instagram,,True,2025-05-27 00:00:00.000000,49.62,22.166666666666664,36.0,461.0,Suggested,23.47,301116.0,58878.0,1562.0,838.0,441.64,full_package,2025-05-27 02:19:35.734187,WS-TECH-ANALYSIS
YT0002979,- iPhone 16 Pro Max: Worth the Hype?! (1 Week Later),source_332,source_332,True,Company_A,content_editor_03,Tech_Analysis,English,news_bulletin,shorts,Youtube,,True,2025-05-28 00:00:00.000000,47.52,14.366666666666667,21.12,191.0,Notifications,9.14,1341966.0,89489.0,7377.0,2168.0,2559.675833333333,summary,2025-05-28 02:32:54.153064,WS-TECH-ANALYSIS
YT0018491,- Apple Vision Pro: Reality Check! 😬,source_333,source_333,True,Company_A,content_editor_03,Tech_Analysis,English,speech,shorts,Youtube,,True,2025-05-28 00:00:00.000000,62.47,27.55,42.24,227.0,Suggested,17.04,1931083.0,93414.0,4253.0,1668.0,10755.0595,summary,2025-05-28 03:37:50.922315,WS-TECH-ANALYSIS
YT0021322,- iPhone 16 Pro Max Review: Don't Buy It Until You See This!,source_332,source_332,True,Company_A,content_editor_03,Tech_Analysis,English,interview,shorts,Youtube,,True,2025-05-28 00:00:00.000000,72.16,41.5,59.48,363.0,Suggested,18.6,1155916.0,83074.0,4176.0,1760.0,10916.9845,chapters,2025-05-28 12:41:44.083525,WS-TECH-ANALYSIS
IG0002979,- iPhone 16 Pro Max: Worth the Hype?! (1 Week Later),source_332,source_332,True,Company_A,content_editor_03,Tech_Analysis,English,interview,reels,Instagram,,True,2025-05-28 00:00:00.000000,47.52,14.366666666666667,18.0,144.0,Notifications,9.14,662194.0,54111.0,4001.0,1767.0,227.35,key_moments,2025-05-28 15:30:28.847087,WS-TECH-ANALYSIS
IG0018491,- Apple Vision Pro: Reality Check! 😬,source_333,source_333,True,Company_A,content_editor_03,Tech_Analysis,English,interview,reels,Instagram,,True,2025-05-28 00:00:00.000000,62.47,27.55,42.0,140.0,Suggested,17.04,796963.0,42972.0,2711.0,1240.0,1864.23,chapters,2025-05-28 07:32:54.390348,WS-TECH-ANALYSIS
IG0021322,- iPhone 16 Pro Max Review: Don't Buy It Until You See This!,source_332,source_332,True,Company_A,content_editor_03,Tech_Analysis,English,news_bulletin,reels,Instagram,,True,2025-05-28 00:00:00.000000,72.16,41.5,50.0,230.0,Suggested,18.6,643375.0,48248.0,2888.0,1032.0,3038.16,chapters,2025-05-28 05:12:45.948667,WS-TECH-ANALYSIS
YT0029915,- $3500 Apple Vision Pro: Worth It?! 🤔,source_333,source_333,True,Company_A,content_editor_03,Tech_Analysis,English,interview,shorts,Youtube,,True,2025-05-29 00:00:00.000000,72.81,29.1,37.36,553.0,External,0.9,36493.0,78696.0,3190.0,2977.0,218.958,full_package,2025-05-29 11:38:30.415029,WS-TECH-ANALYSIS
YT0018333,- PS5 Gets a PC Heart Transplant!,source_334,source_334,True,Company_A,content_editor_03,Tech_Analysis,English,special_report,shorts,Youtube,,True,2025-05-29 00:00:00.000000,43.370000000000005,32.18333333333334,87.01,454.0,Notifications,23.46,1197523.0,84426.0,1285.0,1924.0,8210.794333333333,chapters,2025-05-29 03:15:34.746662,WS-TECH-ANALYSIS
IG0029915,- $3500 Apple Vision Pro: Worth It?! 🤔,source_333,source_333,True,Company_A,content_editor_03,Tech_Analysis,English,special_report,reels,Instagram,,True,2025-05-29 00:00:00.000000,72.81,29.1,36.0,374.0,External,0.9,20568.0,47187.0,2109.0,2387.0,44.43,chapters,2025-05-29 02:55:32.597609,WS-TECH-ANALYSIS
IG0018333,- PS5 Gets a PC Heart Transplant!,source_334,source_334,True,Company_A,content_editor_03,Tech_Analysis,English,speech,reels,Instagram,,True,2025-05-29 00:00:00.000000,43.370000000000005,32.18333333333334,78.0,257.0,Notifications,23.46,792180.0,52220.0,848.0,1705.0,4236.62,summary,2025-05-29 03:36:27.800712,WS-TECH-ANALYSIS
YT0011032,- I Put a Gaming PC... Inside a PS5?!,source_334,source_334,True,Company_A,content_editor_03,Tech_Analysis,English,special_report,shorts,Youtube,,True,2025-05-30 00:00:00.000000,74.53999999999999,51.8,74.4,684.0,External,16.0,1376234.0,68202.0,616.0,1352.0,16935.324,key_moments,2025-05-30 01:49:41.460696,WS-TECH-ANALYSIS
IG0011032,- I Put a Gaming PC... Inside a PS5?!,source_334,source_334,False,Company_A,content_editor_03,Tech_Analysis,English,special_report,,,,False,2025-05-30 00:00:00.000000,74.53999999999999,,,,,,,,,,,key_moments,2025-05-30 03:28:38.664806,WS-TECH-ANALYSIS
YT0015066,- This PS5 is Secretly a Gaming Beast!,source_334,source_334,True,Company_A,content_editor_03,Lifestyle,English,news_bulletin,shorts,Youtube,,True,2025-06-02 00:00:00.000000,30.09,21.53333333333333,93.0,272.0,Search,13.28,382524.0,97631.0,5850.0,2874.0,1491.1351666666667,summary,2025-06-02 01:38:10.269614,WS-LIFESTYLE
YT0021688,- Frankenstein PC: PS5 Edition,source_334,source_334,True,Company_A,content_editor_03,Tech_Analysis,English,interview,shorts,Youtube,,True,2025-06-02 00:00:00.000000,18.97,8.083333333333334,14.69,688.0,Suggested,15.02,989941.0,90244.0,5487.0,2025.0,160.40716666666668,key_moments,2025-06-02 09:04:55.402173,WS-TECH-ANALYSIS
YT0004330,- The Craziest PC Build EVER! (Inside a PS5!),source_334,source_334,False,Company_A,content_editor_03,Tech_Analysis,English,speech,,,,False,2025-06-02 00:00:00.000000,59.88,,,,,,,,,,,my_key_moments,2025-06-02 06:10:46.353764,WS-TECH-ANALYSIS
IG0021688,- Frankenstein PC: PS5 Edition,source_334,source_334,True,Company_A,content_editor_03,Tech_Analysis,English,interview,reels,Instagram,,True,2025-06-02 00:00:00.000000,18.97,8.083333333333334,13.0,467.0,Suggested,15.02,613135.0,45141.0,3107.0,1175.0,12.92,key_moments,2025-06-02 12:33:10.103991,WS-TECH-ANALYSIS
IG0004330,- The Craziest PC Build EVER! (Inside a PS5!),source_334,source_334,True,Company_A,content_editor_03,Tech_Analysis,English,special_report,reels,Instagram,,True,2025-06-02 00:00:00.000000,59.88,25.6,33.0,137.0,Suggested,13.41,321611.0,60511.0,4817.0,229.0,533.61,full_package,2025-06-02 01:05:11.034685,WS-TECH-ANALYSIS
IG0015066,- This PS5 is Secretly a Gaming Beast!,source_334,source_334,True,Company_A,content_editor_03,Lifestyle,English,news_bulletin,reels,Instagram,,True,2025-06-02 00:00:00.000000,30.09,21.53333333333333,100.0,297.0,Search,13.28,588117.0,246397.0,7799.0,9674.0,2544.75,full_package,2025-06-02 18:18:49.485154,WS-LIFESTYLE
YT0023122,- iPhone 16 Pro Max: Worth the Hype?! 🤔,source_335,source_335,True,Company_A,content_editor_03,Tech_Analysis,English,speech,shorts,Youtube,,True,2025-06-03 00:00:00.000000,68.25,54.16666666666666,87.64,153.0,Search,21.32,1682493.0,76776.0,808.0,2347.0,21810.0945,key_moments,2025-06-03 01:08:12.875894,WS-TECH-ANALYSIS
IG0023122,- iPhone 16 Pro Max: Worth the Hype?! 🤔,source_335,source_335,True,Company_A,content_editor_03,Tech_Analysis,English,speech,reels,Instagram,,True,2025-06-03 00:00:00.000000,68.25,54.16666666666666,74.0,89.0,Search,21.32,993074.0,50657.0,491.0,1934.0,9526.15,key_moments,2025-06-03 01:32:01.125567,WS-TECH-ANALYSIS
YT0003226,- iPhone 16 Pro Max Review: The TRUTH After 1 Week!,source_335,source_335,False,Company_A,content_editor_03,Tech_Analysis,English,interview,,,,False,2025-06-04 00:00:00.000000,56.87,,,,,,,,,,,full_package,2025-06-04 02:26:03.286178,WS-TECH-ANALYSIS
YT0009828,- iPhone 16 Pro Max vs. 15 Pro Max: Don't Upgrade Until You See THIS!,source_335,source_335,False,Company_A,content_editor_03,Lifestyle,English,special_report,,,,False,2025-06-04 00:00:00.000000,18.76,,,,,,,,,,,summary,2025-06-04 11:23:13.141005,WS-LIFESTYLE
IG0003226,- iPhone 16 Pro Max Review: The TRUTH After 1 Week!,source_335,source_335,True,Company_A,content_editor_03,Tech_Analysis,English,special_report,reels,Instagram,,True,2025-06-04 00:00:00.000000,56.87,12.316666666666666,10.0,435.0,Notifications,28.16,299029.0,42680.0,1655.0,1560.0,40.01,chapters,2025-06-04 04:47:27.841485,WS-TECH-ANALYSIS
IG0009828,- iPhone 16 Pro Max vs. 15 Pro Max: Don't Upgrade Until You See THIS!,source_335,source_335,True,Company_A,content_editor_03,Lifestyle,English,special_report,reels,Instagram,,True,2025-06-04 00:00:00.000000,18.76,9.35,62.0,541.0,Suggested,2.25,1490081.0,220062.0,9089.0,6557.0,474.76,key_moments,2025-06-04 03:17:28.067880,WS-LIFESTYLE
YT0023816,"- iPhone 16 Pro Max: The Good, The Bad & The Pricey! 😬",source_335,source_335,True,Company_A,content_editor_03,Lifestyle,English,special_report,shorts,Youtube,,True,2025-06-05 00:00:00.000000,32.32,23.5,92.38,437.0,Channel Page,17.34,481958.0,5550.0,4599.0,1998.0,2142.0355,key_moments,2025-06-05 02:07:17.927211,WS-LIFESTYLE
YT0018178,- iPhone 16 Pro Max: Worth the Hype?! (1-Month Review),source_336,source_336,True,Company_A,content_editor_03,Tech_Analysis,English,interview,shorts,Youtube,,True,2025-06-05 00:00:00.000000,74.86,62.95,92.63,53.0,Shorts Feed,23.69,1447170.0,79378.0,1016.0,1747.0,22290.437833333333,full_package,2025-06-05 01:19:49.758948,WS-TECH-ANALYSIS
IG0018178,- iPhone 16 Pro Max: Worth the Hype?! (1-Month Review),source_336,source_336,True,Company_A,content_editor_03,Tech_Analysis,English,interview,reels,Instagram,,True,2025-06-05 00:00:00.000000,74.86,62.95,90.0,40.0,Shorts Feed,23.69,642461.0,42066.0,599.0,921.0,8906.12,key_moments,2025-06-05 09:53:55.062881,WS-TECH-ANALYSIS
IG0023816,"- iPhone 16 Pro Max: The Good, The Bad & The Pricey! 😬",source_335,source_335,True,Company_A,content_editor_03,Lifestyle,English,interview,reels,Instagram,,True,2025-06-05 00:00:00.000000,32.32,23.5,100.0,595.0,Channel Page,17.34,1187957.0,14411.0,7935.0,5755.0,5966.18,chapters,2025-06-05 07:34:39.612148,WS-LIFESTYLE
YT0022148,"- iPhone 16 Pro Max vs. the World! (Camera, Battery & More)",source_336,source_336,False,Company_A,content_editor_03,Lifestyle,English,interview,,,,False,2025-06-06 00:00:00.000000,27.87,,,,,,,,,,,chapters,2025-06-06 11:48:06.590490,WS-LIFESTYLE
YT0018452,- Don't Upgrade Yet! iPhone 16 Pro Max Review,source_336,source_336,False,Company_A,content_editor_03,Tech_Analysis,English,interview,,,,False,2025-06-06 00:00:00.000000,39.16,,,,,,,,,,,key_moments,2025-06-06 05:29:40.225137,WS-TECH-ANALYSIS
YT0002364,- iPhone 16 Pro Max: The TRUTH After 30 Days,source_336,source_336,True,Company_A,content_editor_03,Tech_Analysis,English,news_bulletin,shorts,Youtube,,True,2025-06-06 00:00:00.000000,17.490000000000002,7.733333333333333,9.37,564.0,Playlist,10.92,1617886.0,98400.0,1961.0,960.0,104.863,chapters,2025-06-06 00:28:59.410460,WS-TECH-ANALYSIS
YT0024862,- iPhone 16 Pro Max: HUGE Upgrade or Overpriced?!,source_336,source_336,True,Company_A,content_editor_03,Tech_Analysis,English,special_report,shorts,Youtube,,True,2025-06-06 00:00:00.000000,68.16,21.366666666666667,26.08,432.0,Shorts Feed,23.6,1973654.0,92941.0,7462.0,1108.0,7602.222833333333,full_package,2025-06-06 01:28:40.471145,WS-TECH-ANALYSIS
IG0018452,- Don't Upgrade Yet! iPhone 16 Pro Max Review,source_336,source_336,True,Company_A,content_editor_03,Tech_Analysis,English,interview,reels,Instagram,,True,2025-06-06 00:00:00.000000,39.16,10.016666666666666,10.0,383.0,Playlist,26.42,459240.0,36525.0,50.0,88.0,32.1,full_package,2025-06-06 05:48:06.964396,WS-TECH-ANALYSIS
IG0002364,- iPhone 16 Pro Max: The TRUTH After 30 Days,source_336,source_336,True,Company_A,content_editor_03,Tech_Analysis,English,speech,reels,Instagram,,True,2025-06-06 00:00:00.000000,17.490000000000002,7.733333333333333,9.0,284.0,Playlist,10.92,1096973.0,59935.0,986.0,596.0,6.4,chapters,2025-06-06 02:58:32.963888,WS-TECH-ANALYSIS
IG0024862,- iPhone 16 Pro Max: HUGE Upgrade or Overpriced?!,source_336,source_336,True,Company_A,content_editor_03,Tech_Analysis,English,speech,reels,Instagram,,True,2025-06-06 00:00:00.000000,68.16,21.366666666666667,26.0,228.0,Shorts Feed,23.6,1109036.0,39686.0,4187.0,869.0,1110.68,full_package,2025-06-06 02:33:28.754734,WS-TECH-ANALYSIS
IG0022148,"- iPhone 16 Pro Max vs. the World! (Camera, Battery & More)",source_336,source_336,False,Company_A,content_editor_03,Lifestyle,English,interview,,,,False,2025-06-06 00:00:00.000000,27.87,,,,,,,,,,,chapters,2025-06-06 01:39:17.475364,WS-LIFESTYLE
YT0015359,- iPhone 16 Pro Max: Is This the BEST iPhone Ever?,source_336,source_336,True,Company_A,content_editor_03,Tech_Analysis,English,interview,shorts,Youtube,,True,2025-06-07 00:00:00.000000,35.89,20.71666666666667,63.27,304.0,Notifications,22.97,1262686.0,80581.0,2887.0,1661.0,4635.6945,my_key_moments,2025-06-07 08:32:11.858741,WS-TECH-ANALYSIS
YT0007993,- AI Revolution: Future Shock or Awesome Opportunity?,source_337,source_337,False,Company_A,content_editor_03,Tech_Analysis,English,interview,,,,False,2025-06-07 00:00:00.000000,61.96,,,,,,,,,,,key_moments,2025-06-07 05:45:42.449823,WS-TECH-ANALYSIS
YT0011415,- AI is CHANGING Everything! (The Breakthroughs You Need to Know),source_337,source_337,True,Company_A,content_editor_03,Tech_Analysis,English,interview,shorts,Youtube,,True,2025-06-07 00:00:00.000000,26.03,8.15,5.89,96.0,Notifications,15.64,450245.0,84761.0,4607.0,2857.0,81.29416666666665,chapters,2025-06-07 05:58:22.757547,WS-TECH-ANALYSIS
YT0020849,- Robots are Taking Over! (Here's What They'll Do),source_337,source_337,True,Company_A,content_editor_03,Tech_Analysis,English,speech,shorts,Youtube,,True,2025-06-07 00:00:00.000000,39.54,14.516666666666666,28.59,658.0,Search,17.42,604284.0,98783.0,259.0,32.0,1177.7943333333335,chapters,2025-06-07 02:24:34.141926,WS-TECH-ANALYSIS
IG0015359,- iPhone 16 Pro Max: Is This the BEST iPhone Ever?,source_336,source_336,True,Company_A,content_editor_03,Tech_Analysis,English,news_bulletin,reels,Instagram,,True,2025-06-07 00:00:00.000000,35.89,20.71666666666667,51.0,155.0,Notifications,22.97,854272.0,55322.0,2272.0,1092.0,1599.51,full_package,2025-06-07 04:36:21.015788,WS-TECH-ANALYSIS
IG0007993,- AI Revolution: Future Shock or Awesome Opportunity?,source_337,source_337,True,Company_A,content_editor_03,Tech_Analysis,English,interview,reels,Instagram,,True,2025-06-07 00:00:00.000000,61.96,30.28333333333333,47.0,187.0,Shorts Feed,27.85,100886.0,27573.0,2922.0,1437.0,300.08,key_moments,2025-06-07 01:22:18.275917,WS-TECH-ANALYSIS
IG0011415,- AI is CHANGING Everything! (The Breakthroughs You Need to Know),source_337,source_337,True,Company_A,content_editor_03,Tech_Analysis,English,speech,reels,Instagram,,True,2025-06-07 00:00:00.000000,26.03,8.15,5.0,57.0,Notifications,15.64,209755.0,51575.0,3504.0,1446.0,1.89,key_moments,2025-06-07 03:36:19.430328,WS-TECH-ANALYSIS
IG0020849,- Robots are Taking Over! (Here's What They'll Do),source_337,source_337,True,Company_A,content_editor_03,Tech_Analysis,English,interview,reels,Instagram,,True,2025-06-07 00:00:00.000000,39.54,14.516666666666666,24.0,336.0,Search,17.42,294845.0,65297.0,186.0,20.0,137.92,key_moments,2025-06-07 00:31:45.766984,WS-TECH-ANALYSIS
YT0022577,"- Generative AI: Art, Music, and Text Created by MACHINES!",source_337,source_337,True,Company_A,content_editor_03,Tech_Analysis,English,special_report,shorts,Youtube,,True,2025-06-08 00:00:00.000000,17.52,9.583333333333332,82.67,99.0,Browse,23.64,1456616.0,82223.0,2183.0,2254.0,842.9490000000001,summary,2025-06-08 01:08:27.174388,WS-TECH-ANALYSIS
IG0022577,"- Generative AI: Art, Music, and Text Created by MACHINES!",source_337,source_337,True,Company_A,content_editor_03,Tech_Analysis,English,speech,reels,Instagram,,True,2025-06-08 00:00:00.000000,17.52,9.583333333333332,70.0,76.0,Browse,23.64,813156.0,55182.0,1481.0,1413.0,329.4,summary,2025-06-08 03:05:27.046110,WS-TECH-ANALYSIS
YT0007032,- AI Explained: The Ethical Dilemmas We MUST Solve,source_337,source_337,True,Company_A,content_editor_03,Tech_Analysis,English,special_report,shorts,Youtube,,True,2025-06-09 00:00:00.000000,28.51,20.4,95.48,265.0,Playlist,24.66,852043.0,91537.0,1891.0,704.0,3053.154,key_moments,2025-06-10 02:44:45.980203,WS-TECH-ANALYSIS
YT0008721,- My Week in Chaos: Meal Preps & Mountain Tops!,source_338,source_338,False,Company_A,content_editor_03,Lifestyle,English,interview,,,,False,2025-06-09 00:00:00.000000,18.65,,,,,,,,,,,chapters,2025-06-09 00:56:49.732177,WS-LIFESTYLE
YT0009589,"- Surviving My Twenties: Adventures, Treadmills & Retail Therapy",source_338,source_338,False,Company_A,content_editor_03,Tech_Analysis,English,special_report,,,,False,2025-06-09 00:00:00.000000,48.29,,,,,,,,,,,chapters,2025-06-09 01:28:44.739193,WS-TECH-ANALYSIS
YT0004329,- I Lived in Apple Vision Pro for a Week: The TRUTH!,source_339,source_339,True,Company_A,content_editor_03,Tech_Analysis,English,news_bulletin,shorts,Youtube,,True,2025-06-09 00:00:00.000000,31.39,9.2,10.37,590.0,Suggested,25.98,814815.0,68349.0,1872.0,2813.0,384.77366666666666,key_moments,2025-06-09 04:45:26.860900,WS-TECH-ANALYSIS
IG0007032,- AI Explained: The Ethical Dilemmas We MUST Solve,source_337,source_337,True,Company_A,content_editor_03,Tech_Analysis,English,interview,reels,Instagram,,True,2025-06-09 00:00:00.000000,28.51,20.4,90.0,175.0,Playlist,24.66,379862.0,57426.0,1113.0,569.0,1225.05,chapters,2025-06-09 16:28:29.324199,WS-TECH-ANALYSIS
IG0009589,"- Surviving My Twenties: Adventures, Treadmills & Retail Therapy",source_338,source_338,True,Company_A,content_editor_03,Tech_Analysis,English,interview,reels,Instagram,,True,2025-06-09 00:00:00.000000,48.29,29.716666666666665,56.0,314.0,Search,27.82,241835.0,30651.0,1091.0,1238.0,835.76,chapters,2025-06-09 04:42:07.951730,WS-TECH-ANALYSIS
IG0004329,- I Lived in Apple Vision Pro for a Week: The TRUTH!,source_339,source_339,True,Company_A,content_editor_03,Tech_Analysis,English,interview,reels,Instagram,,True,2025-06-09 00:00:00.000000,31.39,9.2,9.0,302.0,Suggested,25.98,520109.0,35741.0,979.0,2159.0,22.1,key_moments,2025-06-09 07:00:52.917369,WS-TECH-ANALYSIS
IG0008721,- My Week in Chaos: Meal Preps & Mountain Tops!,source_338,source_338,False,Company_A,content_editor_03,Lifestyle,English,special_report,,,,False,2025-06-09 00:00:00.000000,18.65,,,,,,,,,,,chapters,2025-06-09 03:03:11.752359,WS-LIFESTYLE
YT0002293,- AI Revolution: Are We Ready?,source_340,source_340,True,Company_A,content_editor_03,Tech_Analysis,English,special_report,shorts,Youtube,,True,2025-06-10 00:00:00.000000,41.5,15.866666666666667,31.57,574.0,Shorts Feed,26.4,583256.0,87004.0,1635.0,1268.0,1355.530166666667,chapters,2025-06-10 02:39:30.935321,WS-TECH-ANALYSIS
IG0002293,- AI Revolution: Are We Ready?,source_340,source_340,True,Company_A,content_editor_03,Tech_Analysis,English,speech,reels,Instagram,,True,2025-06-10 00:00:00.000000,41.5,15.866666666666667,30.0,394.0,Shorts Feed,26.4,367119.0,46866.0,838.0,661.0,255.96,chapters,2025-06-10 04:16:18.580863,WS-TECH-ANALYSIS
YT0018585,- The Future is AI: Hype or Reality?,source_340,source_340,True,Company_A,content_editor_03,Tech_Analysis,English,speech,shorts,Youtube,,True,2025-06-11 00:00:00.000000,37.95,29.166666666666668,94.41,93.0,Suggested,22.35,1090087.0,72092.0,3460.0,1923.0,6560.708833333334,summary,2025-06-11 02:21:44.510706,WS-TECH-ANALYSIS
YT0003524,"- AI Art, Healthcare, Automation: We Explore the Cutting Edge",source_340,source_340,True,Company_A,content_editor_03,Tech_Analysis,English,news_bulletin,shorts,Youtube,,True,2025-06-11 00:00:00.000000,54.34,24.33333333333333,42.79,307.0,Shorts Feed,26.9,834387.0,94663.0,3386.0,409.0,3901.5318333333335,key_moments,2025-06-11 07:08:23.924321,WS-TECH-ANALYSIS
IG0018585,- The Future is AI: Hype or Reality?,source_340,source_340,False,Company_A,content_editor_03,Tech_Analysis,English,speech,,,,False,2025-06-11 00:00:00.000000,37.95,,,,,,,,,,,my_key_moments,2025-06-11 01:06:23.698613,WS-TECH-ANALYSIS
IG0003524,"- AI Art, Healthcare, Automation: We Explore the Cutting Edge",source_340,source_340,False,Company_A,content_editor_03,Tech_Analysis,English,interview,,,,False,2025-06-11 00:00:00.000000,54.34,,,,,,,,,,,chapters,2025-06-11 08:09:07.807237,WS-TECH-ANALYSIS
YT0011938,- Will AI Take Over? Experts Weigh In,source_340,source_340,True,Company_A,content_editor_03,Tech_Analysis,English,special_report,shorts,Youtube,,True,2025-06-12 00:00:00.000000,31.85,16.65,54.3,69.0,Shorts Feed,7.36,1035200.0,81775.0,3608.0,2575.0,2631.133333333333,key_moments,2025-06-12 04:07:40.082876,WS-TECH-ANALYSIS
YT0003424,- AI: Threat or Opportunity? The Unfiltered Truth,source_340,source_340,True,Company_A,content_editor_03,Tech_Analysis,English,interview,shorts,Youtube,,True,2025-06-12 00:00:00.000000,64.52000000000001,12.15,9.39,669.0,External,7.32,1290743.0,88375.0,5783.0,2346.0,1667.2096666666666,full_package,2025-06-12 03:22:07.207859,WS-TECH-ANALYSIS
IG0011938,- Will AI Take Over? Experts Weigh In,source_340,source_340,True,Company_A,content_editor_03,Tech_Analysis,English,interview,reels,Instagram,,True,2025-06-12 00:00:00.000000,31.85,16.65,48.0,47.0,Shorts Feed,7.36,419260.0,53251.0,2099.0,1354.0,511.5,key_moments,2025-06-12 01:04:28.398350,WS-TECH-ANALYSIS
IG0003424,- AI: Threat or Opportunity? The Unfiltered Truth,source_340,source_340,False,Company_A,content_editor_03,Tech_Analysis,English,news_bulletin,,,,False,2025-06-12 00:00:00.000000,64.52000000000001,,,,,,,,,,,chapters,2025-06-12 01:49:35.806742,WS-TECH-ANALYSIS
YT0023121,- Chaos & Coffee: My Wildly Unexpected Tuesday,source_341,source_341,False,Company_A,content_editor_03,Tech_Analysis,English,speech,,,,False,2025-06-13 00:00:00.000000,46.36,,,,,,,,,,,chapters,2025-06-13 10:26:07.878313,WS-TECH-ANALYSIS
IG0023121,- Chaos & Coffee: My Wildly Unexpected Tuesday,source_341,source_341,False,Company_A,content_editor_03,Tech_Analysis,English,news_bulletin,,,,False,2025-06-13 00:00:00.000000,46.36,,,,,,,,,,,my_key_moments,2025-06-13 03:23:06.746492,WS-TECH-ANALYSIS
YT0027763,"- Car Trouble, DIY Disasters & Takeout Therapy 🍕",source_341,source_341,False,Company_A,content_editor_03,Lifestyle,English,special_report,,,,False,2025-06-14 00:00:00.000000,38.35,,,,,,,,,,,my_key_moments,2025-06-14 04:59:52.355609,WS-LIFESTYLE
YT0015301,- Just Another Tuesday? Think Again! 😳,source_341,source_341,True,Company_A,content_editor_03,Tech_Analysis,English,special_report,shorts,Youtube,,True,2025-06-14 00:00:00.000000,38.120000000000005,13.033333333333331,23.93,188.0,Shorts Feed,24.19,550428.0,74098.0,2437.0,18.0,846.0281666666667,key_moments,2025-06-14 01:58:44.949197,WS-TECH-ANALYSIS
IG0015301,- Just Another Tuesday? Think Again! 😳,source_341,source_341,True,Company_A,content_editor_03,Tech_Analysis,English,special_report,reels,Instagram,,True,2025-06-14 00:00:00.000000,38.120000000000005,13.033333333333331,24.0,121.0,Shorts Feed,24.19,333864.0,43704.0,1567.0,16.0,123.16,full_package,2025-06-14 03:54:29.150570,WS-TECH-ANALYSIS
IG0027763,"- Car Trouble, DIY Disasters & Takeout Therapy 🍕",source_341,source_341,True,Company_A,content_editor_03,Lifestyle,English,interview,reels,Instagram,,True,2025-06-14 00:00:00.000000,38.35,17.95,54.0,937.0,Shorts Feed,3.68,585621.0,34007.0,11998.0,3484.0,917.96,key_moments,2025-06-14 01:20:04.277025,WS-LIFESTYLE
YT0028531,- iPhone 16 Pro Max: Worth the HYPE or NAH? 🤔,source_342,source_342,True,Company_A,content_editor_03,Tech_Analysis,English,interview,shorts,Youtube,,True,2025-06-17 00:00:00.000000,25.12,10.05,25.2,102.0,Shorts Feed,12.83,1470731.0,73568.0,2574.0,419.0,1041.767833333333,chapters,2025-06-17 04:19:57.864440,WS-TECH-ANALYSIS
YT0021421,- iPhone 16: Don't Upgrade Until You See THIS! 🤯,source_342,source_342,True,Company_A,content_editor_03,Tech_Analysis,English,special_report,shorts,Youtube,,True,2025-06-17 00:00:00.000000,23.5,15.266666666666666,91.37,273.0,Browse,12.86,1032460.0,64857.0,718.0,452.0,2227.436833333333,chapters,2025-06-17 05:22:50.299210,WS-TECH-ANALYSIS
YT0009187,- My Day in Paradise... NOT! (Vlog),source_343,source_343,False,Company_A,content_editor_03,Lifestyle,English,interview,,,,False,2025-06-17 00:00:00.000000,34.0,,,,,,,,,,,key_moments,2025-06-17 05:10:10.389282,WS-LIFESTYLE
IG0028531,- iPhone 16 Pro Max: Worth the HYPE or NAH? 🤔,source_342,source_342,True,Company_A,content_editor_03,Tech_Analysis,English,news_bulletin,reels,Instagram,,True,2025-06-17 00:00:00.000000,25.12,10.05,21.0,80.0,Shorts Feed,12.83,885828.0,38256.0,1526.0,357.0,131.77,key_moments,2025-06-17 01:56:29.159754,WS-TECH-ANALYSIS
IG0021421,- iPhone 16: Don't Upgrade Until You See THIS! 🤯,source_342,source_342,True,Company_A,content_editor_03,Tech_Analysis,English,interview,reels,Instagram,,True,2025-06-17 00:00:00.000000,23.5,15.266666666666666,78.0,160.0,Browse,12.86,472421.0,45385.0,369.0,374.0,794.98,key_moments,2025-06-17 03:02:32.715532,WS-TECH-ANALYSIS
IG0009187,- My Day in Paradise... NOT! (Vlog),source_343,source_343,False,Company_A,content_editor_03,Lifestyle,English,interview,,,,False,2025-06-17 00:00:00.000000,34.0,,,,,,,,,,,key_moments,2025-06-17 06:08:51.092570,WS-LIFESTYLE
YT0011613,- Yoga Fail & Grocery Store Chaos: My Real Life,source_343,source_343,True,Company_A,content_editor_03,Tech_Analysis,English,speech,shorts,Youtube,,True,2025-06-18 00:00:00.000000,72.56,38.73333333333333,54.26,536.0,Notifications,1.82,1099135.0,92602.0,4448.0,2140.0,9536.013833333333,summary,2025-06-18 03:22:39.103280,WS-TECH-ANALYSIS
IG0011613,- Yoga Fail & Grocery Store Chaos: My Real Life,source_343,source_343,False,Company_A,content_editor_03,Tech_Analysis,English,interview,,,,False,2025-06-18 00:00:00.000000,72.56,,,,,,,,,,,summary,2025-06-18 03:10:43.065355,WS-TECH-ANALYSIS
YT0000257,- Adulting is Hard: Mac & Cheese for the Win!,source_343,source_343,False,Company_A,content_editor_03,Tech_Analysis,English,news_bulletin,,,,False,2025-06-19 00:00:00.000000,63.07,,,,,,,,,,,full_package,2025-06-19 18:20:22.942383,WS-TECH-ANALYSIS
YT0010396,- From Plant Rescue to Couch Potato: A Day in My Life,source_343,source_343,True,Company_A,content_editor_03,Lifestyle,English,speech,shorts,Youtube,,True,2025-06-19 00:00:00.000000,38.84,15.816666666666666,34.89,575.0,Shorts Feed,5.55,1935267.0,99384.0,4046.0,1378.0,4470.8251666666665,chapters,2025-06-19 01:52:09.069762,WS-LIFESTYLE
IG0000257,- Adulting is Hard: Mac & Cheese for the Win!,source_343,source_343,True,Company_A,content_editor_03,Tech_Analysis,English,interview,reels,Instagram,,True,2025-06-19 00:00:00.000000,63.07,37.266666666666666,51.0,46.0,Channel Page,9.39,709171.0,42776.0,1887.0,840.0,2990.53,full_package,2025-06-19 09:29:37.344432,WS-TECH-ANALYSIS
IG0010396,- From Plant Rescue to Couch Potato: A Day in My Life,source_343,source_343,True,Company_A,content_editor_03,Lifestyle,English,speech,reels,Instagram,,True,2025-06-19 00:00:00.000000,38.84,15.816666666666666,44.0,732.0,Shorts Feed,5.55,4286400.0,277522.0,5551.0,3062.0,4357.05,chapters,2025-06-19 01:35:17.225732,WS-LIFESTYLE
YT0022237,- My 2024 PC Build Went WRONG! (So Yours Doesn't),source_344,source_344,False,Company_A,content_editor_03,Lifestyle,English,speech,,,,False,2025-06-20 00:00:00.000000,37.91,,,,,,,,,,,summary,2025-06-20 06:45:14.018456,WS-LIFESTYLE
IG0022237,- My 2024 PC Build Went WRONG! (So Yours Doesn't),source_344,source_344,True,Company_A,content_editor_03,Lifestyle,English,speech,reels,Instagram,,True,2025-06-20 00:00:00.000000,37.91,18.98333333333333,62.0,718.0,Notifications,10.82,1913514.0,224441.0,8642.0,553.0,3784.33,full_package,2025-06-20 07:02:54.640076,WS-LIFESTYLE
YT0020295,- Building a PC in 2024? WATCH THIS FIRST!,source_344,source_344,False,Company_A,content_editor_03,Lifestyle,English,speech,,,,False,2025-06-21 00:00:00.000000,25.27,,,,,,,,,,,chapters,2025-06-21 02:39:32.898973,WS-LIFESTYLE
IG0020295,- Building a PC in 2024? WATCH THIS FIRST!,source_344,source_344,True,Company_A,content_editor_03,Lifestyle,English,speech,reels,Instagram,,True,2025-06-21 00:00:00.000000,25.27,12.316666666666666,59.0,689.0,Shorts Feed,9.15,1394150.0,179364.0,8390.0,4680.0,1100.54,chapters,2025-06-21 01:30:37.104860,WS-LIFESTYLE
YT0017482,- $1500 PC Build DISASTER! (I Fixed It...Eventually),source_344,source_344,True,Company_A,content_editor_03,Tech_Analysis,English,special_report,shorts,Youtube,,True,2025-06-22 00:00:00.000000,34.760000000000005,19.116666666666667,58.79,264.0,Search,26.78,1660414.0,91708.0,3599.0,1192.0,5357.91,summary,2025-06-22 00:49:36.897478,WS-TECH-ANALYSIS
YT0007366,- 2024 PC Build NIGHTMARE: Compatibility Hell!,source_344,source_344,True,Company_A,content_editor_03,Tech_Analysis,English,interview,shorts,Youtube,,True,2025-06-22 00:00:00.000000,73.44,11.283333333333331,6.47,631.0,External,18.02,557037.0,94751.0,7091.0,307.0,585.4046666666667,chapters,2025-06-22 02:26:43.394621,WS-TECH-ANALYSIS
YT0010561,- Galaxy S35 Ultra: 1 Month Later... Worth the Hype?,source_345,source_345,True,Company_A,content_editor_03,Tech_Analysis,English,speech,shorts,Youtube,,True,2025-06-22 00:00:00.000000,56.19,41.98333333333333,83.72,623.0,Search,25.35,1406127.0,63401.0,5208.0,1057.0,13468.873833333337,key_moments,2025-06-22 06:05:37.623371,WS-TECH-ANALYSIS
IG0017482,- $1500 PC Build DISASTER! (I Fixed It...Eventually),source_344,source_344,True,Company_A,content_editor_03,Tech_Analysis,English,news_bulletin,reels,Instagram,,True,2025-06-22 00:00:00.000000,34.760000000000005,19.116666666666667,50.0,185.0,Search,26.78,1114094.0,37145.0,2646.0,727.0,1797.51,summary,2025-06-22 01:41:20.735633,WS-TECH-ANALYSIS
IG0007366,- 2024 PC Build NIGHTMARE: Compatibility Hell!,source_344,source_344,True,Company_A,content_editor_03,Tech_Analysis,English,special_report,reels,Instagram,,True,2025-06-22 00:00:00.000000,73.44,11.283333333333331,6.0,375.0,External,18.02,362785.0,58043.0,4077.0,209.0,22.88,chapters,2025-06-22 04:19:21.300132,WS-TECH-ANALYSIS
IG0010561,- Galaxy S35 Ultra: 1 Month Later... Worth the Hype?,source_345,source_345,True,Company_A,content_editor_03,Tech_Analysis,English,speech,reels,Instagram,,True,2025-06-22 00:00:00.000000,56.19,41.98333333333333,77.0,465.0,Search,25.35,663975.0,30011.0,2646.0,667.0,4897.22,chapters,2025-06-22 01:13:39.755458,WS-TECH-ANALYSIS
YT0024066,- S35 Ultra: The TRUTH After 30 Days!,source_345,source_345,True,Company_A,content_editor_03,Tech_Analysis,English,special_report,shorts,Youtube,,True,2025-06-23 00:00:00.000000,70.03,46.43333333333333,70.75,687.0,Search,17.56,1052125.0,83540.0,817.0,1814.0,11378.537,key_moments,2025-06-23 03:19:02.669425,WS-TECH-ANALYSIS
YT0026580,- Galaxy S35 Ultra: Real-World Review (No BS!),source_345,source_345,True,Company_A,content_editor_03,Tech_Analysis,English,speech,shorts,Youtube,,True,2025-06-23 00:00:00.000000,59.6,21.583333333333336,31.58,614.0,Playlist,1.74,143800.0,65251.0,7971.0,25.0,562.5509999999999,summary,2025-06-23 01:35:52.261508,WS-TECH-ANALYSIS
IG0024066,- S35 Ultra: The TRUTH After 30 Days!,source_345,source_345,False,Company_A,content_editor_03,Tech_Analysis,English,news_bulletin,,,,False,2025-06-23 00:00:00.000000,70.03,,,,,,,,,,,full_package,2025-06-23 03:45:29.111959,WS-TECH-ANALYSIS
IG0026580,- Galaxy S35 Ultra: Real-World Review (No BS!),source_345,source_345,True,Company_A,content_editor_03,Tech_Analysis,English,interview,reels,Instagram,,True,2025-06-23 00:00:00.000000,59.6,21.583333333333336,27.0,407.0,Playlist,1.74,90789.0,29911.0,4867.0,19.0,95.9,key_moments,2025-06-23 02:40:44.276503,WS-TECH-ANALYSIS
YT0018503,- S35 Ultra Camera Test: Did Samsung Nail It?,source_345,source_345,False,Company_A,content_editor_03,Tech_Analysis,English,interview,,,,False,2025-06-24 00:00:00.000000,39.0,,,,,,,,,,,my_key_moments,2025-06-24 01:32:36.315994,WS-TECH-ANALYSIS
YT0018163,- Galaxy S35 Ultra: Overpriced or Underrated?,source_345,source_345,True,Company_A,content_editor_03,Tech_Analysis,English,special_report,shorts,Youtube,,True,2025-06-24 00:00:00.000000,33.510000000000005,10.55,16.48,188.0,Playlist,9.04,1229434.0,69169.0,3987.0,2426.0,1041.6038333333331,key_moments,2025-06-24 02:21:40.537734,WS-TECH-ANALYSIS
IG0018503,- S35 Ultra Camera Test: Did Samsung Nail It?,source_345,source_345,True,Company_A,content_editor_03,Tech_Analysis,English,special_report,reels,Instagram,,True,2025-06-24 00:00:00.000000,39.0,13.6,25.0,243.0,Shorts Feed,14.83,513858.0,52273.0,1205.0,544.0,217.68,full_package,2025-06-24 01:53:40.294937,WS-TECH-ANALYSIS
IG0018163,- Galaxy S35 Ultra: Overpriced or Underrated?,source_345,source_345,False,Company_A,content_editor_03,Tech_Analysis,English,special_report,,,,False,2025-06-24 00:00:00.000000,33.510000000000005,,,,,,,,,,,key_moments,2025-06-24 01:23:53.363489,WS-TECH-ANALYSIS
YT0011884,"- S35 Ultra: The Good, The Bad, and The Ugly!",source_345,source_345,True,Company_A,content_editor_03,Tech_Analysis,English,interview,shorts,Youtube,,True,2025-06-25 00:00:00.000000,38.7,25.05,74.05,547.0,Search,22.25,90866.0,63867.0,2196.0,1927.0,442.9716666666666,my_key_moments,2025-06-25 09:30:41.038020,WS-TECH-ANALYSIS
IG0011884,"- S35 Ultra: The Good, The Bad, and The Ugly!",source_345,source_345,False,Company_A,content_editor_03,Tech_Analysis,English,special_report,,,,False,2025-06-25 00:00:00.000000,38.7,,,,,,,,,,,chapters,2025-06-25 02:59:55.056685,WS-TECH-ANALYSIS
YT0007407,- iPhone 16: Worth the Hype?! (Real-World Review),source_346,source_346,True,Company_A,content_editor_03,Tech_Analysis,English,special_report,shorts,Youtube,,True,2025-06-26 00:00:00.000000,58.58,39.0,72.28,207.0,Shorts Feed,24.96,1778681.0,65169.0,7646.0,2776.0,15563.458666666667,key_moments,2025-06-26 00:41:13.039219,WS-TECH-ANALYSIS
YT0020101,- iPhone 16: Don't Upgrade Until You See THIS!,source_346,source_346,True,Company_A,content_editor_03,Tech_Analysis,English,special_report,shorts,Youtube,,True,2025-06-26 00:00:00.000000,25.33,9.833333333333332,22.59,196.0,Suggested,2.43,666016.0,62522.0,4749.0,57.0,431.677,key_moments,2025-06-26 02:25:46.062163,WS-TECH-ANALYSIS
YT0024797,- iPhone 16 vs. iPhone 15 Pro: The TRUTH!,source_346,source_346,False,Company_A,content_editor_03,Tech_Analysis,English,speech,,,,False,2025-06-26 00:00:00.000000,39.260000000000005,,,,,,,,,,,key_moments,2025-06-26 08:18:54.078413,WS-TECH-ANALYSIS
YT0005705,- ARM vs. x86: The ULTIMATE PC Battle!,source_347,source_347,False,Company_A,content_editor_03,Tech_Analysis,English,speech,,,,False,2025-06-26 00:00:00.000000,43.89,,,,,,,,,,,my_key_moments,2025-06-26 02:10:31.400051,WS-TECH-ANALYSIS
YT0007068,- M1 vs. Snapdragon X Elite: Who Wins the ARM Crown?,source_347,source_347,True,Company_A,content_editor_03,Tech_Analysis,English,speech,shorts,Youtube,,True,2025-06-26 00:00:00.000000,69.64,9.366666666666667,3.42,223.0,Playlist,11.44,1011865.0,92271.0,982.0,2347.0,524.6706666666666,my_key_moments,2025-06-26 13:15:23.469936,WS-TECH-ANALYSIS
IG0007407,- iPhone 16: Worth the Hype?! (Real-World Review),source_346,source_346,True,Company_A,content_editor_03,Tech_Analysis,English,speech,reels,Instagram,,True,2025-06-26 00:00:00.000000,58.58,39.0,68.0,119.0,Shorts Feed,24.96,1016505.0,28653.0,5158.0,2166.0,6048.2,summary,2025-06-26 02:00:56.506848,WS-TECH-ANALYSIS
IG0020101,- iPhone 16: Don't Upgrade Until You See THIS!,source_346,source_346,True,Company_A,content_editor_03,Tech_Analysis,English,special_report,reels,Instagram,,True,2025-06-26 00:00:00.000000,25.33,9.833333333333332,21.0,143.0,Suggested,2.43,284866.0,33889.0,3413.0,36.0,38.77,chapters,2025-06-26 05:59:00.925798,WS-TECH-ANALYSIS
IG0024797,- iPhone 16 vs. iPhone 15 Pro: The TRUTH!,source_346,source_346,True,Company_A,content_editor_03,Tech_Analysis,English,special_report,reels,Instagram,,True,2025-06-26 00:00:00.000000,39.260000000000005,24.48333333333333,66.0,119.0,External,19.23,104755.0,53434.0,6101.0,1206.0,326.17,key_moments,2025-06-26 09:10:01.039938,WS-TECH-ANALYSIS
IG0005705,- ARM vs. x86: The ULTIMATE PC Battle!,source_347,source_347,True,Company_A,content_editor_03,Tech_Analysis,English,special_report,reels,Instagram,,True,2025-06-26 00:00:00.000000,43.89,26.9,62.0,128.0,Notifications,10.89,369205.0,63957.0,3010.0,393.0,1233.55,chapters,2025-06-26 05:44:03.146680,WS-TECH-ANALYSIS
IG0007068,- M1 vs. Snapdragon X Elite: Who Wins the ARM Crown?,source_347,source_347,True,Company_A,content_editor_03,Tech_Analysis,English,interview,reels,Instagram,,True,2025-06-26 00:00:00.000000,69.64,9.366666666666667,3.0,118.0,Playlist,11.44,676953.0,56493.0,504.0,1751.0,10.53,chapters,2025-06-26 01:19:55.284441,WS-TECH-ANALYSIS
YT0014853,- Snapdragon X Elite: The M1 Killer is HERE!,source_347,source_347,True,Company_A,content_editor_03,Tech_Analysis,English,interview,shorts,Youtube,,True,2025-06-27 00:00:00.000000,43.96,8.416666666666666,3.17,3.0,Channel Page,5.05,1352901.0,69525.0,421.0,2977.0,344.4886666666667,key_moments,2025-06-27 01:52:55.094704,WS-TECH-ANALYSIS
YT0003693,- ARM PCs: Goodbye Intel & AMD?,source_347,source_347,False,Company_A,content_editor_03,Tech_Analysis,English,special_report,,,,False,2025-06-27 00:00:00.000000,22.36,,,,,,,,,,,chapters,2025-06-27 10:11:58.657289,WS-TECH-ANALYSIS
IG0014853,- Snapdragon X Elite: The M1 Killer is HERE!,source_347,source_347,True,Company_A,content_editor_03,Tech_Analysis,English,news_bulletin,reels,Instagram,,True,2025-06-27 00:00:00.000000,43.96,8.416666666666666,3.0,2.0,Channel Page,5.05,604830.0,44467.0,319.0,2257.0,4.62,summary,2025-06-27 02:06:05.050642,WS-TECH-ANALYSIS
IG0003693,- ARM PCs: Goodbye Intel & AMD?,source_347,source_347,True,Company_A,content_editor_03,Tech_Analysis,English,speech,reels,Instagram,,True,2025-06-27 00:00:00.000000,22.36,10.65,38.0,357.0,External,15.17,496530.0,58881.0,4017.0,1771.0,165.1,summary,2025-06-27 08:43:50.206398,WS-TECH-ANALYSIS
YT0000692,- M1 vs. Snapdragon: Benchmarks SHOCK You!,source_347,source_347,True,Company_A,content_editor_03,Lifestyle,English,interview,shorts,Youtube,,True,2025-06-28 00:00:00.000000,38.73,17.016666666666666,40.1,264.0,Notifications,29.82,479990.0,97413.0,3778.0,1118.0,1268.8625,key_moments,2025-06-28 02:50:06.251545,WS-LIFESTYLE
YT0004684,- ARM on Windows: Does it ACTUALLY Work?,source_347,source_347,True,Company_A,content_editor_03,Tech_Analysis,English,special_report,shorts,Youtube,,True,2025-06-28 00:00:00.000000,71.38,27.516666666666666,35.5,58.0,External,22.99,188681.0,93154.0,3777.0,476.0,1049.1013333333333,key_moments,2025-06-28 04:28:45.116089,WS-TECH-ANALYSIS
YT0006126,- All-Day Battery Life? The ARM Advantage!,source_347,source_347,True,Company_A,content_editor_03,Tech_Analysis,English,interview,shorts,Youtube,,True,2025-06-28 00:00:00.000000,46.5,12.516666666666666,15.93,214.0,Notifications,1.9,860050.0,75248.0,3921.0,1241.0,1198.4956666666667,key_moments,2025-06-28 01:19:10.939486,WS-TECH-ANALYSIS
IG0004684,- ARM on Windows: Does it ACTUALLY Work?,source_347,source_347,True,Company_A,content_editor_03,Tech_Analysis,English,speech,reels,Instagram,,True,2025-06-28 00:00:00.000000,71.38,27.516666666666666,34.0,36.0,External,22.99,106683.0,53791.0,2548.0,364.0,201.68,summary,2025-06-28 02:27:31.740858,WS-TECH-ANALYSIS
IG0006126,- All-Day Battery Life? The ARM Advantage!,source_347,source_347,True,Company_A,content_editor_03,Tech_Analysis,English,speech,reels,Instagram,,True,2025-06-28 00:00:00.000000,46.5,12.516666666666666,13.0,169.0,Notifications,1.9,528549.0,48564.0,2236.0,999.0,95.75,key_moments,2025-06-28 01:59:09.075890,WS-TECH-ANALYSIS
IG0000692,- M1 vs. Snapdragon: Benchmarks SHOCK You!,source_347,source_347,False,Company_A,content_editor_03,Lifestyle,English,special_report,,,,False,2025-06-28 00:00:00.000000,38.73,,,,,,,,,,,key_moments,2025-06-28 04:47:28.202360,WS-LIFESTYLE
YT0006586,- Apple Vision Pro: Honest Review After 1 Week!,source_348,source_348,True,Company_A,content_editor_03,Tech_Analysis,English,special_report,shorts,Youtube,,True,2025-06-29 00:00:00.000000,21.01,10.85,55.74,48.0,Suggested,12.86,1408962.0,98341.0,3109.0,255.0,1311.1173333333331,full_package,2025-06-29 04:18:34.673761,WS-TECH-ANALYSIS
IG0006586,- Apple Vision Pro: Honest Review After 1 Week!,source_348,source_348,False,Company_A,content_editor_03,Tech_Analysis,English,interview,,,,False,2025-06-29 00:00:00.000000,21.01,,,,,,,,,,,summary,2025-06-29 05:47:29.878556,WS-TECH-ANALYSIS
YT0002209,- Vision Pro vs. Reality: My Brutally Honest Review,source_348,source_348,True,Company_A,content_editor_03,Tech_Analysis,English,special_report,shorts,Youtube,,True,2025-06-30 00:00:00.000000,59.13,36.38333333333333,65.45,603.0,Shorts Feed,5.86,475709.0,66712.0,4226.0,994.0,3816.6838333333335,summary,2025-06-30 02:42:06.072869,WS-TECH-ANALYSIS
IG0002209,- Vision Pro vs. Reality: My Brutally Honest Review,source_348,source_348,True,Company_A,content_editor_03,Tech_Analysis,English,news_bulletin,reels,Instagram,,True,2025-06-30 00:00:00.000000,59.13,36.38333333333333,64.0,456.0,Shorts Feed,5.86,190556.0,44039.0,2413.0,761.0,978.47,full_package,2025-06-30 01:54:01.754123,WS-TECH-ANALYSIS
YT0028478,"- Apple Vision Pro: The Good, The Bad, and The Nauseating!",source_348,source_348,True,Company_A,content_editor_03,Tech_Analysis,English,speech,shorts,Youtube,,True,2025-07-01 00:00:00.000000,38.35,17.183333333333334,41.47,480.0,External,5.67,1466463.0,69327.0,1735.0,591.0,3944.513833333333,summary,2025-07-01 04:37:46.679304,WS-TECH-ANALYSIS
YT0001863,- Is Vision Pro Worth It? My Week With Apple's Headset,source_348,source_348,True,Company_A,content_editor_03,Tech_Analysis,English,special_report,shorts,Youtube,,True,2025-07-01 00:00:00.000000,43.44,10.7,11.25,572.0,External,25.51,364961.0,98933.0,5067.0,804.0,324.4098333333333,key_moments,2025-07-01 01:45:18.975459,WS-TECH-ANALYSIS
YT0002099,- Vision Pro: The Future of Productivity... Or Just a Headache?,source_348,source_348,False,Company_A,content_editor_03,Tech_Analysis,English,special_report,,,,False,2025-07-01 00:00:00.000000,66.92,,,,,,,,,,,key_moments,2025-07-01 09:28:42.815190,WS-TECH-ANALYSIS
IG0028478,"- Apple Vision Pro: The Good, The Bad, and The Nauseating!",source_348,source_348,True,Company_A,content_editor_03,Tech_Analysis,English,interview,reels,Instagram,,True,2025-07-01 00:00:00.000000,38.35,17.183333333333334,35.0,245.0,External,5.67,940714.0,31858.0,1384.0,453.0,885.62,my_key_moments,2025-07-01 03:38:59.333612,WS-TECH-ANALYSIS
IG0001863,- Is Vision Pro Worth It? My Week With Apple's Headset,source_348,source_348,True,Company_A,content_editor_03,Tech_Analysis,English,interview,reels,Instagram,,True,2025-07-01 00:00:00.000000,43.44,10.7,10.0,317.0,External,25.51,157262.0,59368.0,3661.0,617.0,13.98,my_key_moments,2025-07-01 03:04:53.064784,WS-TECH-ANALYSIS
IG0002099,- Vision Pro: The Future of Productivity... Or Just a Headache?,source_348,source_348,False,Company_A,content_editor_03,Tech_Analysis,English,interview,,,,False,2025-07-01 00:00:00.000000,66.92,,,,,,,,,,,key_moments,2025-07-01 05:47:21.969221,WS-TECH-ANALYSIS
YT0006712,- Day in My Life: From Coffee Spills to Kitchen Fails,source_349,source_349,False,Company_A,content_editor_03,Tech_Analysis,English,special_report,,,,False,2025-07-02 00:00:00.000000,40.49,,,,,,,,,,,key_moments,2025-07-02 03:45:46.613732,WS-TECH-ANALYSIS
YT0001292,- Apple Vision Pro: Reality Check After 1 Week!,source_350,source_350,True,Company_A,content_editor_03,Tech_Analysis,English,news_bulletin,shorts,Youtube,,True,2025-07-02 00:00:00.000000,70.85,7.766666666666667,0.48,640.0,External,18.41,4600.0,65817.0,3250.0,1881.0,0.3406666666666667,full_package,2025-07-02 01:03:42.049638,WS-TECH-ANALYSIS
IG0006712,- Day in My Life: From Coffee Spills to Kitchen Fails,source_349,source_349,True,Company_A,content_editor_03,Tech_Analysis,English,special_report,reels,Instagram,,True,2025-07-02 00:00:00.000000,40.49,16.666666666666664,32.0,0.0,Browse,24.87,103245.0,45373.0,2097.0,1491.0,84.13,key_moments,2025-07-02 01:42:40.046259,WS-TECH-ANALYSIS
IG0001292,- Apple Vision Pro: Reality Check After 1 Week!,source_350,source_350,True,Company_A,content_editor_03,Tech_Analysis,English,interview,reels,Instagram,,True,2025-07-02 00:00:00.000000,70.85,7.766666666666667,0.0,350.0,External,18.41,2380.0,28992.0,2132.0,1154.0,0.0,my_key_moments,2025-07-02 09:19:22.023329,WS-TECH-ANALYSIS
YT0017476,- $3500 Apple Vision Pro: Future or Fool's Errand?,source_350,source_350,False,Company_A,content_editor_03,Lifestyle,English,interview,,,,False,2025-07-03 00:00:00.000000,18.51,,,,,,,,,,,key_moments,2025-07-03 04:16:39.509910,WS-LIFESTYLE
IG0017476,- $3500 Apple Vision Pro: Future or Fool's Errand?,source_350,source_350,True,Company_A,content_editor_03,Lifestyle,English,interview,reels,Instagram,,True,2025-07-03 00:00:00.000000,18.51,8.583333333333334,35.0,287.0,Browse,11.79,2827065.0,171315.0,4806.0,374.0,297.76,key_moments,2025-07-03 01:02:30.818057,WS-LIFESTYLE
YT0011516,- iPhone 16 Pro Max: Worth the Hype?! (1 Month Later),source_351,source_351,True,Company_A,content_editor_03,Tech_Analysis,English,speech,shorts,Youtube,,True,2025-07-05 00:00:00.000000,74.24000000000001,30.816666666666663,39.36,213.0,Shorts Feed,17.72,1322370.0,95045.0,6278.0,2223.0,8564.794666666667,key_moments,2025-07-05 05:18:05.289593,WS-TECH-ANALYSIS
YT0003867,- iPhone 16 Pro Max: The TRUTH Apple Doesn't Want You To Know!,source_351,source_351,True,Company_A,content_editor_03,Tech_Analysis,English,special_report,shorts,Youtube,,True,2025-07-05 00:00:00.000000,41.88,33.16666666666667,95.49,681.0,Shorts Feed,4.88,52968.0,68541.0,5376.0,465.0,377.6421666666666,key_moments,2025-07-05 02:33:25.684288,WS-TECH-ANALYSIS
YT0006845,- iPhone 16 Pro Max Camera Test: You Won't Believe This!,source_351,source_351,True,Company_A,content_editor_03,Tech_Analysis,English,speech,shorts,Youtube,,True,2025-07-05 00:00:00.000000,45.83,20.46666666666667,42.06,658.0,Playlist,14.99,21268.0,97313.0,496.0,695.0,76.60416666666667,summary,2025-07-05 01:59:13.689550,WS-TECH-ANALYSIS
YT0004388,- iPhone 16 Pro Max vs. the Competition: SHOCKING Results!,source_351,source_351,True,Company_A,content_editor_03,Tech_Analysis,English,speech,shorts,Youtube,,True,2025-07-05 00:00:00.000000,63.54,44.91666666666666,77.08,273.0,Search,2.11,860782.0,99336.0,5338.0,2518.0,8946.553666666667,full_package,2025-07-05 01:36:02.261540,WS-TECH-ANALYSIS
IG0011516,- iPhone 16 Pro Max: Worth the Hype?! (1 Month Later),source_351,source_351,True,Company_A,content_editor_03,Tech_Analysis,English,interview,reels,Instagram,,True,2025-07-05 00:00:00.000000,74.24000000000001,30.816666666666663,35.0,145.0,Shorts Feed,17.72,722301.0,40929.0,3881.0,1294.0,1637.38,key_moments,2025-07-05 08:54:05.981191,WS-TECH-ANALYSIS
IG0003867,- iPhone 16 Pro Max: The TRUTH Apple Doesn't Want You To Know!,source_351,source_351,False,Company_A,content_editor_03,Tech_Analysis,English,special_report,,,,False,2025-07-05 00:00:00.000000,41.88,,,,,,,,,,,chapters,2025-07-05 00:49:48.673098,WS-TECH-ANALYSIS
IG0006845,- iPhone 16 Pro Max Camera Test: You Won't Believe This!,source_351,source_351,False,Company_A,content_editor_03,Tech_Analysis,English,news_bulletin,,,,False,2025-07-05 00:00:00.000000,45.83,,,,,,,,,,,full_package,2025-07-05 02:02:48.414447,WS-TECH-ANALYSIS
IG0004388,- iPhone 16 Pro Max vs. the Competition: SHOCKING Results!,source_351,source_351,True,Company_A,content_editor_03,Tech_Analysis,English,special_report,reels,Instagram,,True,2025-07-05 00:00:00.000000,63.54,44.91666666666666,65.0,204.0,Search,2.11,434976.0,56186.0,2967.0,1779.0,2938.61,key_moments,2025-07-05 04:24:12.538089,WS-TECH-ANALYSIS
YT0019537,- iPhone 16 Pro Max: Worth the Hype or a Waste of Money?,source_353,source_353,True,Company_A,content_editor_03,Tech_Analysis,English,interview,shorts,Youtube,,True,2025-07-06 00:00:00.000000,74.03,36.48333333333333,49.1,400.0,Notifications,13.07,1871354.0,66043.0,2701.0,2876.0,15066.1325,key_moments,2025-07-06 14:08:22.837151,WS-TECH-ANALYSIS
IG0019537,- iPhone 16 Pro Max: Worth the Hype or a Waste of Money?,source_353,source_353,True,Company_A,content_editor_03,Tech_Analysis,English,news_bulletin,reels,Instagram,,True,2025-07-06 00:00:00.000000,74.03,36.48333333333333,42.0,262.0,Notifications,13.07,938070.0,28559.0,2028.0,1546.0,3171.98,key_moments,2025-07-06 06:13:48.102842,WS-TECH-ANALYSIS
YT0011369,- Don't Buy the iPhone 16 Pro Max Until You See THIS!,source_353,source_353,True,Company_A,content_editor_03,Lifestyle,English,news_bulletin,shorts,Youtube,,True,2025-07-07 00:00:00.000000,36.96,18.583333333333336,50.47,282.0,Suggested,27.46,497664.0,12482.0,6448.0,689.0,1532.16,key_moments,2025-07-07 02:01:58.522872,WS-LIFESTYLE
YT0000960,- $3500 Apple Vision Pro: Is It Worth It?! (Honest Review),source_354,source_354,True,Company_A,content_editor_03,Tech_Analysis,English,special_report,shorts,Youtube,,True,2025-07-07 00:00:00.000000,32.04,19.516666666666666,70.52,374.0,Search,17.82,201375.0,95647.0,955.0,1764.0,672.1823333333334,chapters,2025-07-07 13:35:45.673055,WS-TECH-ANALYSIS
IG0000960,- $3500 Apple Vision Pro: Is It Worth It?! (Honest Review),source_354,source_354,True,Company_A,content_editor_03,Tech_Analysis,English,special_report,reels,Instagram,,True,2025-07-07 00:00:00.000000,32.04,19.516666666666666,61.0,201.0,Search,17.82,81463.0,38775.0,631.0,1025.0,165.87,full_package,2025-07-07 01:21:10.173130,WS-TECH-ANALYSIS
IG0011369,- Don't Buy the iPhone 16 Pro Max Until You See THIS!,source_353,source_353,True,Company_A,content_editor_03,Lifestyle,English,interview,reels,Instagram,,True,2025-07-07 00:00:00.000000,36.96,18.583333333333336,56.0,293.0,Suggested,27.46,1153392.0,32733.0,8963.0,1511.0,1988.53,full_package,2025-07-07 04:56:45.317326,WS-LIFESTYLE
YT0017028,- I Replaced My Computer With Apple Vision Pro... Here's What Happened.,source_354,source_354,True,Company_A,content_editor_03,Tech_Analysis,English,speech,shorts,Youtube,,True,2025-07-09 00:00:00.000000,40.38,14.333333333333332,26.92,242.0,Suggested,6.16,610894.0,78569.0,991.0,2756.0,1159.5673333333332,full_package,2025-07-09 05:54:33.367179,WS-TECH-ANALYSIS
IG0017028,- I Replaced My Computer With Apple Vision Pro... Here's What Happened.,source_354,source_354,True,Company_A,content_editor_03,Tech_Analysis,English,special_report,reels,Instagram,,True,2025-07-09 00:00:00.000000,40.38,14.333333333333332,25.0,166.0,Suggested,6.16,303464.0,41923.0,673.0,1548.0,144.0,chapters,2025-07-09 01:58:35.928628,WS-TECH-ANALYSIS
YT0023374,- PS5 Gets a Gaming PC Upgrade (Secretly!),source_355,source_355,True,Company_A,content_editor_03,Tech_Analysis,English,interview,shorts,Youtube,,True,2025-07-10 00:00:00.000000,28.130000000000003,10.816666666666666,25.26,288.0,Channel Page,8.23,1200671.0,99172.0,1895.0,1257.0,1106.1736666666666,full_package,2025-07-10 06:59:21.187989,WS-TECH-ANALYSIS
IG0023374,- PS5 Gets a Gaming PC Upgrade (Secretly!),source_355,source_355,True,Company_A,content_editor_03,Tech_Analysis,English,speech,reels,Instagram,,True,2025-07-10 00:00:00.000000,28.130000000000003,10.816666666666666,23.0,227.0,Channel Page,8.23,780996.0,47416.0,1081.0,726.0,165.49,key_moments,2025-07-10 02:39:05.941625,WS-TECH-ANALYSIS
YT0000323,- Building a PC...Inside a PlayStation 5?!,source_355,source_355,True,Company_A,content_editor_03,Tech_Analysis,English,news_bulletin,shorts,Youtube,,True,2025-07-11 00:00:00.000000,25.3,14.183333333333334,64.89,627.0,Suggested,5.17,902210.0,69144.0,6659.0,847.0,1674.9361666666666,key_moments,2025-07-11 06:58:31.907815,WS-TECH-ANALYSIS
YT0027932,- They Said It Couldn't Be Done: PS5 PC Build,source_355,source_355,True,Company_A,content_editor_03,Tech_Analysis,English,speech,shorts,Youtube,,True,2025-07-11 00:00:00.000000,38.41,20.78333333333333,56.74,310.0,Channel Page,6.53,719582.0,63987.0,4357.0,896.0,2655.124333333333,summary,2025-07-11 00:55:05.381218,WS-TECH-ANALYSIS
IG0000323,- Building a PC...Inside a PlayStation 5?!,source_355,source_355,True,Company_A,content_editor_03,Tech_Analysis,English,interview,reels,Instagram,,True,2025-07-11 00:00:00.000000,25.3,14.183333333333334,52.0,405.0,Suggested,5.17,499667.0,40755.0,4891.0,736.0,482.36,chapters,2025-07-11 05:13:45.438723,WS-TECH-ANALYSIS
IG0027932,- They Said It Couldn't Be Done: PS5 PC Build,source_355,source_355,False,Company_A,content_editor_03,Tech_Analysis,English,interview,,,,False,2025-07-11 00:00:00.000000,38.41,,,,,,,,,,,full_package,2025-07-11 02:52:35.759811,WS-TECH-ANALYSIS
YT0000179,"- My Week in a Nutshell: Chaos, Coffee, & Questionable Choices",source_356,source_356,True,Company_A,content_editor_03,Lifestyle,English,news_bulletin,shorts,Youtube,,True,2025-07-12 00:00:00.000000,22.31,12.916666666666668,74.1,449.0,Channel Page,0.47,1888245.0,97346.0,7863.0,925.0,2841.1093333333333,full_package,2025-07-12 10:02:05.219876,WS-LIFESTYLE
YT0021092,- Ultimate Sleeper PC: Gaming Rig in a PS5 Shell,source_355,source_355,True,Company_A,content_editor_03,Lifestyle,English,news_bulletin,shorts,Youtube,,True,2025-07-12 00:00:00.000000,18.97,9.366666666666667,47.02,243.0,Channel Page,1.87,50890.0,82260.0,1975.0,2967.0,26.38733333333333,key_moments,2025-07-12 03:51:42.151645,WS-LIFESTYLE
YT0026912,- PS5 Disguised as a Gaming PC! (Crazy Build),source_355,source_355,True,Company_A,content_editor_03,Tech_Analysis,English,special_report,shorts,Youtube,,True,2025-07-12 00:00:00.000000,38.54,25.1,74.77,351.0,Notifications,13.08,604632.0,72516.0,1355.0,2915.0,2955.978666666667,my_key_moments,2025-07-12 10:51:59.138915,WS-TECH-ANALYSIS
YT0025502,- Can You Spot the Gaming PC? (It's in a PS5!),source_355,source_355,False,Company_A,content_editor_03,Tech_Analysis,English,speech,,,,False,2025-07-12 00:00:00.000000,73.38,,,,,,,,,,,summary,2025-07-12 06:00:13.506466,WS-TECH-ANALYSIS
IG0026912,- PS5 Disguised as a Gaming PC! (Crazy Build),source_355,source_355,False,Company_A,content_editor_03,Tech_Analysis,English,special_report,,,,False,2025-07-12 00:00:00.000000,38.54,,,,,,,,,,,my_key_moments,2025-07-12 03:36:43.537546,WS-TECH-ANALYSIS
IG0025502,- Can You Spot the Gaming PC? (It's in a PS5!),source_355,source_355,False,Company_A,content_editor_03,Tech_Analysis,English,special_report,,,,False,2025-07-12 00:00:00.000000,73.38,,,,,,,,,,,full_package,2025-07-12 07:30:41.254769,WS-TECH-ANALYSIS
IG0000179,"- My Week in a Nutshell: Chaos, Coffee, & Questionable Choices",source_356,source_356,False,Company_A,content_editor_03,Lifestyle,English,interview,,,,False,2025-07-12 00:00:00.000000,22.31,,,,,,,,,,,full_package,2025-07-12 07:32:59.825219,WS-LIFESTYLE
IG0021092,- Ultimate Sleeper PC: Gaming Rig in a PS5 Shell,source_355,source_355,True,Company_A,content_editor_03,Lifestyle,English,interview,reels,Instagram,,True,2025-07-12 00:00:00.000000,18.97,9.366666666666667,60.0,257.0,Channel Page,1.87,123075.0,156438.0,2571.0,9394.0,38.29,full_package,2025-07-12 05:50:04.909795,WS-LIFESTYLE
YT0012708,- DIY Disaster & Dance Parties: My Week Unfiltered,source_356,source_356,True,Company_A,content_editor_03,Tech_Analysis,English,interview,shorts,Youtube,,True,2025-07-13 00:00:00.000000,55.58,35.96666666666667,70.15,173.0,External,10.95,239633.0,77206.0,3013.0,130.0,1894.8758333333333,key_moments,2025-07-13 00:38:21.099626,WS-TECH-ANALYSIS
YT0019961,- Green Smoothies & Existential Dread: Just Another Day,source_356,source_356,True,Company_A,content_editor_03,Tech_Analysis,English,speech,shorts,Youtube,,True,2025-07-13 00:00:00.000000,67.6,41.68333333333333,64.99,130.0,External,8.32,243570.0,71886.0,6998.0,2622.0,2312.787333333333,key_moments,2025-07-13 01:49:21.241342,WS-TECH-ANALYSIS
IG0012708,- DIY Disaster & Dance Parties: My Week Unfiltered,source_356,source_356,True,Company_A,content_editor_03,Tech_Analysis,English,interview,reels,Instagram,,True,2025-07-13 00:00:00.000000,55.58,35.96666666666667,64.0,96.0,External,10.95,104159.0,43581.0,2363.0,74.0,527.12,full_package,2025-07-13 12:06:16.276434,WS-TECH-ANALYSIS
IG0019961,- Green Smoothies & Existential Dread: Just Another Day,source_356,source_356,True,Company_A,content_editor_03,Tech_Analysis,English,interview,reels,Instagram,,True,2025-07-13 00:00:00.000000,67.6,41.68333333333333,54.0,78.0,External,8.32,138927.0,43176.0,4791.0,1995.0,712.35,full_package,2025-07-13 01:27:52.325424,WS-TECH-ANALYSIS
YT0017360,- From Instant Noodles to Impromptu Dances: My Weekly Recap,source_356,source_356,True,Company_A,content_editor_03,Lifestyle,English,special_report,shorts,Youtube,,True,2025-07-14 00:00:00.000000,27.01,14.9,61.62,78.0,Playlist,4.46,1628814.0,1459.0,2091.0,2907.0,3348.1176666666665,key_moments,2025-07-14 08:06:11.643564,WS-LIFESTYLE
IG0017360,- From Instant Noodles to Impromptu Dances: My Weekly Recap,source_356,source_356,False,Company_A,content_editor_03,Lifestyle,English,interview,,,,False,2025-07-14 00:00:00.000000,27.01,,,,,,,,,,,key_moments,2025-07-14 07:02:20.156022,WS-LIFESTYLE
YT0000494,- Eccentric Baristas & Evening Strolls: Come Spend a Week With Me,source_356,source_356,True,Company_A,content_editor_03,Lifestyle,English,interview,shorts,Youtube,,True,2025-07-15 00:00:00.000000,20.46,8.183333333333334,12.52,128.0,Notifications,6.68,124389.0,95105.0,5376.0,2810.0,23.610833333333336,key_moments,2025-07-15 02:14:17.685184,WS-LIFESTYLE
IG0000494,- Eccentric Baristas & Evening Strolls: Come Spend a Week With Me,source_356,source_356,True,Company_A,content_editor_03,Lifestyle,English,special_report,reels,Instagram,,True,2025-07-15 00:00:00.000000,20.46,8.183333333333334,16.0,176.0,Notifications,6.68,217669.0,275408.0,7923.0,9030.0,6.61,chapters,2025-07-15 00:48:38.421550,WS-LIFESTYLE
YT0012062,- Apple Vision Pro: Honest Review After 1 Week!,source_358,source_358,True,Company_A,content_editor_03,Tech_Analysis,English,special_report,shorts,Youtube,,True,2025-07-16 00:00:00.000000,44.0,28.45,72.24,541.0,Playlist,20.71,1028746.0,90206.0,7528.0,12.0,5986.730166666666,chapters,2025-07-16 02:32:14.862413,WS-TECH-ANALYSIS
YT0020062,- I Lived in the Apple Vision Pro for a Week... Here's What I Found.,source_358,source_358,False,Company_A,content_editor_03,Tech_Analysis,English,special_report,,,,False,2025-07-16 00:00:00.000000,66.1,,,,,,,,,,,full_package,2025-07-16 21:05:16.969880,WS-TECH-ANALYSIS
YT0008513,- ARM vs. x86: The PC Revolution is HERE!,source_357,source_357,True,Company_A,content_editor_03,Tech_Analysis,English,news_bulletin,shorts,Youtube,,True,2025-07-16 00:00:00.000000,30.26,18.5,72.08,35.0,Suggested,26.35,765186.0,76879.0,1736.0,2725.0,2338.0683333333336,chapters,2025-07-16 02:00:18.205475,WS-TECH-ANALYSIS
YT0023658,- M1 vs. Snapdragon X Elite: Bow Down to the New PC Kings?,source_357,source_357,True,Company_A,content_editor_03,Tech_Analysis,English,interview,shorts,Youtube,,True,2025-07-16 00:00:00.000000,29.94,18.15,71.29,379.0,Browse,11.41,1945058.0,64573.0,762.0,72.0,5754.13,chapters,2025-07-16 02:07:07.974394,WS-TECH-ANALYSIS
YT0028328,- Vision Pro: The Future or Just a Gimmick?,source_358,source_358,True,Company_A,content_editor_03,Lifestyle,English,news_bulletin,shorts,Youtube,,True,2025-07-16 00:00:00.000000,20.58,10.783333333333331,58.84,515.0,Channel Page,27.32,1113644.0,85522.0,1764.0,1653.0,1015.6845,key_moments,2025-07-16 01:48:02.863289,WS-LIFESTYLE
YT0005849,"- This Week Was a Ride: Highs, Lows, & Everything In Between",source_356,source_356,True,Company_A,content_editor_03,Tech_Analysis,English,news_bulletin,shorts,Youtube,,True,2025-07-16 00:00:00.000000,70.39,8.283333333333333,1.41,128.0,Notifications,22.53,1288369.0,76749.0,3911.0,520.0,280.3395,full_package,2025-07-16 10:34:15.886924,WS-TECH-ANALYSIS
IG0012062,- Apple Vision Pro: Honest Review After 1 Week!,source_358,source_358,False,Company_A,content_editor_03,Tech_Analysis,English,speech,,,,False,2025-07-16 00:00:00.000000,44.0,,,,,,,,,,,summary,2025-07-16 03:17:36.729981,WS-TECH-ANALYSIS
IG0020062,- I Lived in the Apple Vision Pro for a Week... Here's What I Found.,source_358,source_358,True,Company_A,content_editor_03,Tech_Analysis,English,speech,reels,Instagram,,True,2025-07-16 00:00:00.000000,66.1,58.13333333333333,95.0,415.0,Browse,26.55,490404.0,40310.0,2028.0,877.0,6552.57,summary,2025-07-16 02:25:27.711762,WS-TECH-ANALYSIS
IG0008513,- ARM vs. x86: The PC Revolution is HERE!,source_357,source_357,True,Company_A,content_editor_03,Tech_Analysis,English,special_report,reels,Instagram,,True,2025-07-16 00:00:00.000000,30.26,18.5,66.0,27.0,Suggested,26.35,319836.0,43716.0,975.0,1564.0,645.0,key_moments,2025-07-16 12:23:32.202504,WS-TECH-ANALYSIS
IG0023658,- M1 vs. Snapdragon X Elite: Bow Down to the New PC Kings?,source_357,source_357,True,Company_A,content_editor_03,Tech_Analysis,English,speech,reels,Instagram,,True,2025-07-16 00:00:00.000000,29.94,18.15,66.0,281.0,Browse,11.41,1214390.0,40199.0,593.0,64.0,2371.1,summary,2025-07-16 06:21:32.823495,WS-TECH-ANALYSIS
IG0005849,"- This Week Was a Ride: Highs, Lows, & Everything In Between",source_356,source_356,True,Company_A,content_editor_03,Tech_Analysis,English,speech,reels,Instagram,,True,2025-07-16 00:00:00.000000,70.39,8.283333333333333,1.0,96.0,Notifications,22.53,826270.0,39066.0,3103.0,446.0,1.8,summary,2025-07-16 01:55:01.895011,WS-TECH-ANALYSIS
IG0028328,- Vision Pro: The Future or Just a Gimmick?,source_358,source_358,False,Company_A,content_editor_03,Lifestyle,English,interview,,,,False,2025-07-16 00:00:00.000000,20.58,,,,,,,,,,,chapters,2025-07-16 01:30:10.605872,WS-LIFESTYLE
YT0020423,"- Apple Vision Pro: The Good, The Bad, & The Ugly.",source_358,source_358,True,Company_A,content_editor_03,Tech_Analysis,English,news_bulletin,shorts,Youtube,,True,2025-07-17 00:00:00.000000,74.88,11.583333333333332,6.82,39.0,Browse,24.61,1937748.0,93015.0,5862.0,1167.0,2197.9086666666667,key_moments,2025-07-17 10:06:10.724479,WS-TECH-ANALYSIS
IG0020423,"- Apple Vision Pro: The Good, The Bad, & The Ugly.",source_358,source_358,True,Company_A,content_editor_03,Tech_Analysis,English,special_report,reels,Instagram,,True,2025-07-17 00:00:00.000000,74.88,11.583333333333332,6.0,20.0,Browse,24.61,1292023.0,40669.0,4139.0,980.0,87.93,key_moments,2025-07-17 04:03:14.704210,WS-TECH-ANALYSIS
YT0024011,- Apple Vision Pro: Is This Spatial Computing's Moment?,source_358,source_358,False,Company_A,content_editor_03,Tech_Analysis,English,speech,,,,False,2025-07-19 00:00:00.000000,57.52,,,,,,,,,,,summary,2025-07-19 01:09:30.254190,WS-TECH-ANALYSIS
IG0024011,- Apple Vision Pro: Is This Spatial Computing's Moment?,source_358,source_358,True,Company_A,content_editor_03,Tech_Analysis,English,special_report,reels,Instagram,,True,2025-07-19 00:00:00.000000,57.52,16.333333333333336,17.0,492.0,Notifications,13.17,727380.0,51278.0,5431.0,709.0,303.41,chapters,2025-07-19 00:57:38.156547,WS-TECH-ANALYSIS
YT0025690,- iPhone 16 Pro Max: Worth the Hype?! (1 Month Later),source_360,source_360,True,Company_A,content_editor_03,Tech_Analysis,English,interview,shorts,Youtube,,True,2025-07-20 00:00:00.000000,42.71,35.18333333333334,99.9,549.0,Shorts Feed,5.07,368499.0,82821.0,2991.0,919.0,2833.689,chapters,2025-07-20 01:38:16.725722,WS-TECH-ANALYSIS
IG0025690,- iPhone 16 Pro Max: Worth the Hype?! (1 Month Later),source_360,source_360,True,Company_A,content_editor_03,Tech_Analysis,English,special_report,reels,Instagram,,True,2025-07-20 00:00:00.000000,42.71,35.18333333333334,98.0,430.0,Shorts Feed,5.07,208201.0,45289.0,2386.0,556.0,1569.01,key_moments,2025-07-20 01:29:02.215936,WS-TECH-ANALYSIS
YT0001499,- iPhone 16 Pro Max: Don't Buy It Until You See This!,source_360,source_360,True,Company_A,content_editor_03,Tech_Analysis,English,special_report,shorts,Youtube,,True,2025-07-21 00:00:00.000000,73.75,33.1,43.57,682.0,Channel Page,25.18,891998.0,72595.0,6018.0,725.0,6343.096833333333,key_moments,2025-07-21 00:46:42.092977,WS-TECH-ANALYSIS
YT0029022,- iPhone 16 Pro Max Camera Test: Blown Away or Let Down?,source_360,source_360,True,Company_A,content_editor_03,Lifestyle,English,special_report,shorts,Youtube,,True,2025-07-21 00:00:00.000000,17.39,9.3,75.31,21.0,Playlist,10.1,245380.0,4187.0,5506.0,2628.0,122.69,my_key_moments,2025-07-21 01:39:35.230158,WS-LIFESTYLE
YT0019868,- iPhone 16 Pro Max vs. iPhone 15 Pro: Is it REALLY worth it?,source_360,source_360,False,Company_A,content_editor_03,Tech_Analysis,English,interview,,,,False,2025-07-21 00:00:00.000000,35.91,,,,,,,,,,,chapters,2025-07-21 01:55:03.052860,WS-TECH-ANALYSIS
IG0001499,- iPhone 16 Pro Max: Don't Buy It Until You See This!,source_360,source_360,True,Company_A,content_editor_03,Tech_Analysis,English,interview,reels,Instagram,,True,2025-07-21 00:00:00.000000,73.75,33.1,41.0,501.0,Channel Page,25.18,556055.0,31352.0,4177.0,439.0,1621.21,chapters,2025-07-21 02:45:45.131907,WS-TECH-ANALYSIS
IG0019868,- iPhone 16 Pro Max vs. iPhone 15 Pro: Is it REALLY worth it?,source_360,source_360,True,Company_A,content_editor_03,Tech_Analysis,English,special_report,reels,Instagram,,True,2025-07-21 00:00:00.000000,35.91,19.4,48.0,5.0,Notifications,25.38,389883.0,44328.0,3670.0,179.0,618.61,chapters,2025-07-21 15:29:47.857751,WS-TECH-ANALYSIS
IG0029022,- iPhone 16 Pro Max Camera Test: Blown Away or Let Down?,source_360,source_360,True,Company_A,content_editor_03,Lifestyle,English,interview,reels,Instagram,,True,2025-07-21 00:00:00.000000,17.39,9.3,84.0,23.0,Playlist,10.1,462109.0,7745.0,9110.0,6564.0,194.09,full_package,2025-07-21 03:13:51.926348,WS-LIFESTYLE
YT0005174,- iPhone 16 Pro Max Battery Test: The TRUTH Revealed!,source_360,source_360,True,Company_A,content_editor_03,Lifestyle,English,news_bulletin,shorts,Youtube,,True,2025-07-22 00:00:00.000000,32.94,17.53333333333333,55.93,204.0,Shorts Feed,8.49,260767.0,86339.0,7643.0,2017.0,726.7673333333333,summary,2025-07-22 03:29:53.342942,WS-LIFESTYLE
IG0005174,- iPhone 16 Pro Max Battery Test: The TRUTH Revealed!,source_360,source_360,False,Company_A,content_editor_03,Lifestyle,English,interview,,,,False,2025-07-22 00:00:00.000000,32.94,,,,,,,,,,,key_moments,2025-07-22 06:00:41.926990,WS-LIFESTYLE
YT0016452,- The REAL Truth About AI (It's Not What You Think),source_361,source_361,True,Company_A,content_editor_03,Tech_Analysis,English,interview,shorts,Youtube,,True,2025-07-24 00:00:00.000000,52.19,41.583333333333336,91.65,185.0,Search,19.45,1753635.0,67091.0,7704.0,588.0,16602.701666666668,chapters,2025-07-24 03:18:29.944813,WS-TECH-ANALYSIS
IG0016452,- The REAL Truth About AI (It's Not What You Think),source_361,source_361,True,Company_A,content_editor_03,Tech_Analysis,English,interview,reels,Instagram,,True,2025-07-24 00:00:00.000000,52.19,41.583333333333336,76.0,123.0,Search,19.45,1051896.0,27215.0,4504.0,477.0,7568.78,key_moments,2025-07-24 05:30:33.066652,WS-TECH-ANALYSIS
YT0028950,- AI is Changing EVERYTHING! (Here's How),source_361,source_361,False,Company_A,content_editor_03,Tech_Analysis,English,special_report,,,,False,2025-07-25 00:00:00.000000,25.15,,,,,,,,,,,full_package,2025-07-25 05:00:24.286674,WS-TECH-ANALYSIS
YT0004096,- Is AI Taking Over? We Asked the Top Minds,source_361,source_361,False,Company_A,content_editor_03,Tech_Analysis,English,special_report,,,,False,2025-07-25 00:00:00.000000,54.38,,,,,,,,,,,chapters,2025-07-25 04:24:43.789472,WS-TECH-ANALYSIS
IG0028950,- AI is Changing EVERYTHING! (Here's How),source_361,source_361,True,Company_A,content_editor_03,Tech_Analysis,English,speech,reels,Instagram,,True,2025-07-25 00:00:00.000000,25.15,9.05,12.0,311.0,Channel Page,17.7,1192240.0,28780.0,1025.0,234.0,61.6,summary,2025-07-26 12:34:43.468127,WS-TECH-ANALYSIS
IG0004096,- Is AI Taking Over? We Asked the Top Minds,source_361,source_361,True,Company_A,content_editor_03,Tech_Analysis,English,news_bulletin,reels,Instagram,,True,2025-07-25 00:00:00.000000,54.38,37.21666666666667,75.0,216.0,Notifications,20.28,489373.0,30141.0,3392.0,1200.0,3029.69,my_key_moments,2025-07-25 08:17:28.329700,WS-TECH-ANALYSIS
YT0006145,- AI: Hype vs. Reality - What's REALLY Going On?,source_361,source_361,True,Company_A,content_editor_03,Tech_Analysis,English,interview,shorts,Youtube,,True,2025-07-26 00:00:00.000000,46.95,37.1,92.64,459.0,Search,15.6,554941.0,98552.0,534.0,2633.0,4562.848166666667,summary,2025-07-26 01:41:00.853422,WS-TECH-ANALYSIS
YT0029165,- The Future is AI... But What Does That Even Mean?,source_361,source_361,True,Company_A,content_editor_03,Tech_Analysis,English,speech,shorts,Youtube,,True,2025-07-26 00:00:00.000000,22.51,7.85,4.66,296.0,Playlist,17.49,589664.0,82755.0,5604.0,1204.0,57.3285,summary,2025-07-26 05:22:43.811850,WS-TECH-ANALYSIS
IG0006145,- AI: Hype vs. Reality - What's REALLY Going On?,source_361,source_361,False,Company_A,content_editor_03,Tech_Analysis,English,interview,,,,False,2025-07-26 00:00:00.000000,46.95,,,,,,,,,,,my_key_moments,2025-07-26 02:07:23.371191,WS-TECH-ANALYSIS
IG0029165,- The Future is AI... But What Does That Even Mean?,source_361,source_361,True,Company_A,content_editor_03,Tech_Analysis,English,interview,reels,Instagram,,True,2025-07-26 00:00:00.000000,22.51,7.85,5.0,224.0,Playlist,17.49,348425.0,40317.0,2845.0,820.0,1.69,key_moments,2025-07-26 05:42:58.129104,WS-TECH-ANALYSIS
YT0023226,- iPhone 16: Worth the Hype or Just Hype? 🤔,source_362,source_362,False,Company_A,content_editor_03,Tech_Analysis,English,special_report,,,,False,2025-07-27 00:00:00.000000,50.19,,,,,,,,,,,chapters,2025-07-27 01:19:52.624975,WS-TECH-ANALYSIS
IG0023226,- iPhone 16: Worth the Hype or Just Hype? 🤔,source_362,source_362,True,Company_A,content_editor_03,Tech_Analysis,English,interview,reels,Instagram,,True,2025-07-27 00:00:00.000000,50.19,39.98333333333333,88.0,292.0,Browse,12.4,139273.0,33653.0,774.0,1559.0,1105.88,summary,2025-07-27 01:38:55.816831,WS-TECH-ANALYSIS
YT0007696,- iPhone 16 Review: The TRUTH After 1 Month! 🤫,source_362,source_362,False,Company_A,content_editor_03,Tech_Analysis,English,special_report,,,,False,2025-07-28 00:00:00.000000,34.56,,,,,,,,,,,key_moments,2025-07-28 05:16:00.431530,WS-TECH-ANALYSIS
YT0027367,- Don't Buy iPhone 16 Until You See THIS! 🛑,source_362,source_362,True,Company_A,content_editor_03,Lifestyle,English,speech,shorts,Youtube,,True,2025-07-28 00:00:00.000000,26.37,10.8,29.02,171.0,Suggested,9.76,1096252.0,87057.0,1457.0,2827.0,1004.8976666666666,key_moments,2025-07-28 08:53:08.085248,WS-LIFESTYLE
YT0000776,- iPhone 16: Camera King or Overhyped? 📸,source_362,source_362,True,Company_A,content_editor_03,Lifestyle,English,speech,shorts,Youtube,,True,2025-07-28 00:00:00.000000,26.68,18.73333333333333,96.18,618.0,Shorts Feed,13.48,637889.0,16358.0,753.0,455.0,1990.45,key_moments,2025-07-28 05:58:47.769052,WS-LIFESTYLE
YT0017662,- iPhone 16 vs. the Competition: SHOCKING Results! 💥,source_362,source_362,False,Company_A,content_editor_03,Tech_Analysis,English,special_report,,,,False,2025-07-28 00:00:00.000000,25.96,,,,,,,,,,,key_moments,2025-07-28 07:55:17.618071,WS-TECH-ANALYSIS
IG0007696,- iPhone 16 Review: The TRUTH After 1 Month! 🤫,source_362,source_362,True,Company_A,content_editor_03,Tech_Analysis,English,special_report,reels,Instagram,,True,2025-07-28 00:00:00.000000,34.56,16.416666666666664,43.0,387.0,Suggested,19.58,964093.0,36979.0,2033.0,623.0,1026.8,chapters,2025-07-28 05:23:39.603656,WS-TECH-ANALYSIS
IG0017662,- iPhone 16 vs. the Competition: SHOCKING Results! 💥,source_362,source_362,False,Company_A,content_editor_03,Tech_Analysis,English,special_report,,,,False,2025-07-28 00:00:00.000000,25.96,,,,,,,,,,,key_moments,2025-07-28 04:35:30.796335,WS-TECH-ANALYSIS
IG0027367,- Don't Buy iPhone 16 Until You See THIS! 🛑,source_362,source_362,True,Company_A,content_editor_03,Lifestyle,English,interview,reels,Instagram,,True,2025-07-28 00:00:00.000000,26.37,10.8,34.0,212.0,Suggested,9.76,2687907.0,207787.0,2391.0,6913.0,837.73,chapters,2025-07-28 02:40:24.130969,WS-LIFESTYLE
IG0000776,- iPhone 16: Camera King or Overhyped? 📸,source_362,source_362,False,Company_A,content_editor_03,Lifestyle,English,interview,,,,False,2025-07-28 00:00:00.000000,26.68,,,,,,,,,,,key_moments,2025-07-28 07:39:54.863589,WS-LIFESTYLE
YT0023021,- Apple Vision Pro: The TRUTH After 1 Week!,source_363,source_363,True,Company_A,content_editor_03,Tech_Analysis,English,speech,shorts,Youtube,,True,2025-07-29 00:00:00.000000,37.15,17.133333333333333,43.49,61.0,External,1.54,917559.0,71792.0,3882.0,314.0,2455.32,summary,2025-07-29 09:04:52.039008,WS-TECH-ANALYSIS
YT0012161,- iPhone 16 Battery Test: Did It Survive? 🔋,source_362,source_362,True,Company_A,content_editor_03,Tech_Analysis,English,news_bulletin,shorts,Youtube,,True,2025-07-29 00:00:00.000000,38.85,21.05,56.81,399.0,Shorts Feed,8.96,1427428.0,97828.0,5361.0,1162.0,5372.680333333334,chapters,2025-07-29 03:48:10.958528,WS-TECH-ANALYSIS
YT0004767,- iPhone 16: Upgrade or Save Your Money? 💰,source_362,source_362,True,Company_A,content_editor_03,Tech_Analysis,English,interview,shorts,Youtube,,True,2025-07-29 00:00:00.000000,22.34,9.45,26.57,585.0,Channel Page,15.66,1189858.0,75120.0,404.0,262.0,644.5063333333333,key_moments,2025-07-29 03:38:34.091947,WS-TECH-ANALYSIS
IG0023021,- Apple Vision Pro: The TRUTH After 1 Week!,source_363,source_363,False,Company_A,content_editor_03,Tech_Analysis,English,special_report,,,,False,2025-07-29 00:00:00.000000,37.15,,,,,,,,,,,chapters,2025-07-29 14:17:16.747862,WS-TECH-ANALYSIS
IG0012161,- iPhone 16 Battery Test: Did It Survive? 🔋,source_362,source_362,True,Company_A,content_editor_03,Tech_Analysis,English,speech,reels,Instagram,,True,2025-07-29 00:00:00.000000,38.85,21.05,53.0,239.0,Shorts Feed,8.96,593478.0,66598.0,3366.0,963.0,1183.91,chapters,2025-07-29 03:56:06.652436,WS-TECH-ANALYSIS
IG0004767,- iPhone 16: Upgrade or Save Your Money? 💰,source_362,source_362,True,Company_A,content_editor_03,Tech_Analysis,English,speech,reels,Instagram,,True,2025-07-29 00:00:00.000000,22.34,9.45,23.0,408.0,Channel Page,15.66,566403.0,45078.0,299.0,140.0,70.56,chapters,2025-07-29 04:14:58.838384,WS-TECH-ANALYSIS
YT0021623,- Vision Pro: Future or $3500 Mistake?!,source_363,source_363,True,Company_A,content_editor_03,Lifestyle,English,special_report,shorts,Youtube,,True,2025-07-30 00:00:00.000000,34.28,12.616666666666667,26.54,696.0,Notifications,5.6,1734170.0,11786.0,3777.0,2777.0,2464.769333333333,key_moments,2025-07-30 05:53:32.888239,WS-LIFESTYLE
IG0021623,- Vision Pro: Future or $3500 Mistake?!,source_363,source_363,True,Company_A,content_editor_03,Lifestyle,English,special_report,reels,Instagram,,True,2025-07-30 00:00:00.000000,34.28,12.616666666666667,30.0,833.0,Notifications,5.6,2907027.0,34923.0,5326.0,8502.0,1239.52,summary,2025-07-30 03:41:56.224804,WS-LIFESTYLE
YT0010196,- My Week Was a Disaster (But Funny!),source_364,source_364,False,Company_A,content_editor_03,Lifestyle,English,speech,,,,False,2025-07-31 00:00:00.000000,17.03,,,,,,,,,,,chapters,2025-07-31 02:04:30.455305,WS-LIFESTYLE
YT0002031,- Hamster Escapes & Baking Fails!,source_364,source_364,False,Company_A,content_editor_03,Tech_Analysis,English,news_bulletin,,,,False,2025-07-31 00:00:00.000000,24.47,,,,,,,,,,,key_moments,2025-07-31 05:24:44.137383,WS-TECH-ANALYSIS
YT0009957,- Chaos Vlog: You Won't Believe What Happened!,source_364,source_364,False,Company_A,content_editor_03,Lifestyle,English,interview,,,,False,2025-07-31 00:00:00.000000,17.72,,,,,,,,,,,full_package,2025-07-31 03:52:40.392299,WS-LIFESTYLE
YT0010580,- Baking Fail + Hammy Drama = My Week,source_364,source_364,False,Company_A,content_editor_03,Tech_Analysis,English,news_bulletin,,,,False,2025-07-31 00:00:00.000000,31.18,,,,,,,,,,,chapters,2025-07-31 17:27:47.416685,WS-TECH-ANALYSIS
IG0002031,- Hamster Escapes & Baking Fails!,source_364,source_364,False,Company_A,content_editor_03,Tech_Analysis,English,interview,,,,False,2025-07-31 00:00:00.000000,24.47,,,,,,,,,,,chapters,2025-07-31 07:30:58.117341,WS-TECH-ANALYSIS
IG0010580,- Baking Fail + Hammy Drama = My Week,source_364,source_364,True,Company_A,content_editor_03,Tech_Analysis,English,speech,reels,Instagram,,True,2025-07-31 00:00:00.000000,31.18,10.7,18.0,6.0,Browse,25.88,65989.0,63228.0,4638.0,109.0,10.56,key_moments,2025-07-31 02:29:02.743108,WS-TECH-ANALYSIS
IG0010196,- My Week Was a Disaster (But Funny!),source_364,source_364,False,Company_A,content_editor_03,Lifestyle,English,interview,,,,False,2025-07-31 00:00:00.000000,17.03,,,,,,,,,,,full_package,2025-07-31 07:10:02.628896,WS-LIFESTYLE
IG0009957,- Chaos Vlog: You Won't Believe What Happened!,source_364,source_364,True,Company_A,content_editor_03,Lifestyle,English,interview,reels,Instagram,,True,2025-07-31 00:00:00.000000,17.72,9.566666666666666,95.0,910.0,Search,17.81,3897281.0,222172.0,7574.0,2139.0,2125.46,my_key_moments,2025-07-31 05:07:01.544463,WS-LIFESTYLE
YT0005689,- Surviving My Chaotic Week (Barely),source_364,source_364,False,Company_A,content_editor_03,Tech_Analysis,English,interview,,,,False,2025-08-01 00:00:00.000000,32.29,,,,,,,,,,,chapters,2025-08-01 11:24:09.113832,WS-TECH-ANALYSIS
YT0007411,- My Hamster's Wild Adventure!,source_364,source_364,True,Company_A,content_editor_03,Tech_Analysis,English,special_report,shorts,Youtube,,True,2025-08-01 00:00:00.000000,23.3,14.95,89.76,646.0,Browse,21.01,648351.0,87794.0,2077.0,2299.0,1341.7263333333333,full_package,2025-08-01 02:37:45.606268,WS-TECH-ANALYSIS
IG0005689,- Surviving My Chaotic Week (Barely),source_364,source_364,False,Company_A,content_editor_03,Tech_Analysis,English,interview,,,,False,2025-08-01 00:00:00.000000,32.29,,,,,,,,,,,full_package,2025-08-01 04:39:06.162462,WS-TECH-ANALYSIS
IG0007411,- My Hamster's Wild Adventure!,source_364,source_364,True,Company_A,content_editor_03,Tech_Analysis,English,interview,reels,Instagram,,True,2025-08-01 00:00:00.000000,23.3,14.95,81.0,404.0,Browse,21.01,282411.0,56484.0,1479.0,1511.0,473.39,summary,2025-08-01 03:41:42.517291,WS-TECH-ANALYSIS
YT0005623,- iPhone 16: Worth the Hype?! (1-Month Review),source_366,source_366,True,Company_A,content_editor_03,Tech_Analysis,English,special_report,shorts,Youtube,,True,2025-08-02 00:00:00.000000,47.46,8.583333333333334,3.34,584.0,Channel Page,14.85,188598.0,87699.0,7332.0,1693.0,56.754,my_key_moments,2025-08-02 04:11:29.690239,WS-TECH-ANALYSIS
YT0021263,- iPhone 16 vs. Your Old iPhone: Is It Time to Upgrade?,source_366,source_366,True,Company_A,content_editor_03,Tech_Analysis,English,special_report,shorts,Youtube,,True,2025-08-02 00:00:00.000000,74.03999999999999,38.15,51.91,502.0,Browse,8.71,1082152.0,83428.0,7571.0,466.0,9213.321833333332,key_moments,2025-08-02 01:58:12.721003,WS-TECH-ANALYSIS
YT0017618,- iPhone 16 Camera Test: Low Light SHOCKER!,source_366,source_366,True,Company_A,content_editor_03,Tech_Analysis,English,speech,shorts,Youtube,,True,2025-08-02 00:00:00.000000,63.63,50.95,89.35,50.0,Channel Page,9.39,478462.0,79212.0,4140.0,2215.0,5774.7705,summary,2025-08-02 06:20:27.308054,WS-TECH-ANALYSIS
YT0001984,- iPhone 16 Battery Drain Test: The TRUTH!,source_366,source_366,True,Company_A,content_editor_03,Tech_Analysis,English,news_bulletin,shorts,Youtube,,True,2025-08-02 00:00:00.000000,31.85,17.083333333333336,56.87,46.0,Search,10.87,1195426.0,81471.0,6496.0,2072.0,3182.268333333333,full_package,2025-08-02 05:35:17.692007,WS-TECH-ANALYSIS
IG0005623,- iPhone 16: Worth the Hype?! (1-Month Review),source_366,source_366,True,Company_A,content_editor_03,Tech_Analysis,English,speech,reels,Instagram,,True,2025-08-02 00:00:00.000000,47.46,8.583333333333334,3.0,415.0,Channel Page,14.85,115884.0,60600.0,5608.0,1202.0,1.05,key_moments,2025-08-02 11:11:01.959901,WS-TECH-ANALYSIS
IG0021263,- iPhone 16 vs. Your Old iPhone: Is It Time to Upgrade?,source_366,source_366,True,Company_A,content_editor_03,Tech_Analysis,English,interview,reels,Instagram,,True,2025-08-02 00:00:00.000000,74.03999999999999,38.15,42.0,309.0,Browse,8.71,519941.0,34306.0,5993.0,282.0,1859.22,chapters,2025-08-02 03:58:04.964135,WS-TECH-ANALYSIS
IG0017618,- iPhone 16 Camera Test: Low Light SHOCKER!,source_366,source_366,True,Company_A,content_editor_03,Tech_Analysis,English,interview,reels,Instagram,,True,2025-08-02 00:00:00.000000,63.63,50.95,82.0,29.0,Channel Page,9.39,250266.0,34584.0,3184.0,1320.0,2476.87,full_package,2025-08-02 02:52:37.973401,WS-TECH-ANALYSIS
IG0001984,- iPhone 16 Battery Drain Test: The TRUTH!,source_366,source_366,True,Company_A,content_editor_03,Tech_Analysis,English,news_bulletin,reels,Instagram,,True,2025-08-02 00:00:00.000000,31.85,17.083333333333336,55.0,30.0,Search,10.87,509076.0,50107.0,4080.0,1345.0,745.35,summary,2025-08-02 07:31:16.432740,WS-TECH-ANALYSIS
YT0006039,- Apple Vision Pro: Hype or Holy Grail? (1 Week Honest Review),source_367,source_367,True,Company_A,content_editor_03,Tech_Analysis,English,interview,shorts,Youtube,,True,2025-08-03 00:00:00.000000,68.65,48.68333333333333,76.76,418.0,Browse,18.75,1319083.0,97961.0,3227.0,1783.0,15090.065166666667,key_moments,2025-08-03 02:07:08.297601,WS-TECH-ANALYSIS
YT0004074,- I Lived in Apple Vision Pro for a Week... Here's What I Regret,source_367,source_367,True,Company_A,content_editor_03,Tech_Analysis,English,special_report,shorts,Youtube,,True,2025-08-03 00:00:00.000000,49.69,30.216666666666665,65.48,264.0,Playlist,12.56,1397782.0,66334.0,3018.0,1689.0,8820.263333333334,full_package,2025-08-03 09:31:42.417566,WS-TECH-ANALYSIS
YT0021354,- Vision Pro Unfiltered: The TRUTH Apple Doesn't Want You to Know,source_367,source_367,False,Company_A,content_editor_03,Lifestyle,English,news_bulletin,,,,False,2025-08-03 00:00:00.000000,19.96,,,,,,,,,,,key_moments,2025-08-03 09:30:43.672548,WS-LIFESTYLE
IG0006039,- Apple Vision Pro: Hype or Holy Grail? (1 Week Honest Review),source_367,source_367,False,Company_A,content_editor_03,Tech_Analysis,English,news_bulletin,,,,False,2025-08-03 00:00:00.000000,68.65,,,,,,,,,,,full_package,2025-08-03 10:56:11.859195,WS-TECH-ANALYSIS
IG0004074,- I Lived in Apple Vision Pro for a Week... Here's What I Regret,source_367,source_367,True,Company_A,content_editor_03,Tech_Analysis,English,special_report,reels,Instagram,,True,2025-08-03 00:00:00.000000,49.69,30.216666666666665,53.0,152.0,Playlist,12.56,660238.0,28585.0,1635.0,1137.0,2208.1,key_moments,2025-08-03 05:24:23.221238,WS-TECH-ANALYSIS
IG0021354,- Vision Pro Unfiltered: The TRUTH Apple Doesn't Want You to Know,source_367,source_367,False,Company_A,content_editor_03,Lifestyle,English,speech,,,,False,2025-08-03 00:00:00.000000,19.96,,,,,,,,,,,key_moments,2025-08-03 02:42:37.450046,WS-LIFESTYLE
YT0020911,- $3500 Apple Vision Pro: My Jaw-Dropping (and Disappointing) Experience,source_367,source_367,True,Company_A,content_editor_03,Tech_Analysis,English,special_report,shorts,Youtube,,True,2025-08-04 00:00:00.000000,54.53,43.86666666666667,92.0,185.0,Notifications,10.91,893345.0,76846.0,2327.0,1451.0,9024.438833333332,chapters,2025-08-04 04:21:54.414114,WS-TECH-ANALYSIS
IG0020911,- $3500 Apple Vision Pro: My Jaw-Dropping (and Disappointing) Experience,source_367,source_367,False,Company_A,content_editor_03,Tech_Analysis,English,speech,,,,False,2025-08-04 00:00:00.000000,54.53,,,,,,,,,,,chapters,2025-08-04 05:25:16.950076,WS-TECH-ANALYSIS
YT0014791,- Liquid Cooled Beast: Building My Dream Gaming PC!,source_370,source_370,True,Company_A,content_editor_03,Tech_Analysis,English,interview,shorts,Youtube,,True,2025-08-05 00:00:00.000000,40.19,24.016666666666666,65.57,568.0,Playlist,12.14,268986.0,74691.0,1581.0,2745.0,1234.0978333333333,chapters,2025-08-05 02:33:19.184975,WS-TECH-ANALYSIS
YT0010336,- Custom PC Build: From Zero to Gaming Hero!,source_370,source_370,True,Company_A,content_editor_03,Tech_Analysis,English,interview,shorts,Youtube,,True,2025-08-05 00:00:00.000000,57.74,39.73333333333333,75.42,315.0,External,23.13,781955.0,84658.0,5288.0,738.0,7001.3933333333325,key_moments,2025-08-05 11:37:14.494970,WS-TECH-ANALYSIS
YT0028676,"- Ultimate Liquid Cooling Guide: No Leaks, Max Performance!",source_370,source_370,True,Company_A,content_editor_03,Lifestyle,English,special_report,shorts,Youtube,,True,2025-08-05 00:00:00.000000,34.19,9.383333333333333,9.81,359.0,Channel Page,28.66,914318.0,94819.0,2961.0,1943.0,478.3238333333333,key_moments,2025-08-05 06:21:43.632917,WS-LIFESTYLE
YT0010158,- From Coffee to Couch: A Realistic Day in My Life ☕️,source_368,source_368,True,Company_A,content_editor_03,Tech_Analysis,English,interview,shorts,Youtube,,True,2025-08-05 00:00:00.000000,62.1,31.716666666666665,51.42,118.0,Notifications,25.5,1981454.0,67340.0,1453.0,1088.0,13328.9475,key_moments,2025-08-05 01:57:32.977318,WS-TECH-ANALYSIS
IG0014791,- Liquid Cooled Beast: Building My Dream Gaming PC!,source_370,source_370,False,Company_A,content_editor_03,Tech_Analysis,English,speech,,,,False,2025-08-05 00:00:00.000000,40.19,,,,,,,,,,,my_key_moments,2025-08-05 18:02:24.116098,WS-TECH-ANALYSIS
IG0010336,- Custom PC Build: From Zero to Gaming Hero!,source_370,source_370,True,Company_A,content_editor_03,Tech_Analysis,English,special_report,reels,Instagram,,True,2025-08-05 00:00:00.000000,57.74,39.73333333333333,61.0,225.0,External,23.13,512697.0,44007.0,3078.0,427.0,2800.23,summary,2025-08-05 04:19:26.787320,WS-TECH-ANALYSIS
IG0010158,- From Coffee to Couch: A Realistic Day in My Life ☕️,source_368,source_368,True,Company_A,content_editor_03,Tech_Analysis,English,news_bulletin,reels,Instagram,,True,2025-08-05 00:00:00.000000,62.1,31.716666666666665,41.0,70.0,Notifications,25.5,1317508.0,34627.0,967.0,869.0,3633.7,key_moments,2025-08-05 01:40:01.117923,WS-TECH-ANALYSIS
IG0028676,"- Ultimate Liquid Cooling Guide: No Leaks, Max Performance!",source_370,source_370,True,Company_A,content_editor_03,Lifestyle,English,speech,reels,Instagram,,True,2025-08-05 00:00:00.000000,34.19,9.383333333333333,12.0,365.0,Channel Page,28.66,2109181.0,204110.0,4256.0,4884.0,132.41,summary,2025-08-05 02:03:31.441156,WS-LIFESTYLE
YT0018492,- PC Building Secrets: Cable Management Like a Pro!,source_370,source_370,False,Company_A,content_editor_03,Lifestyle,English,special_report,,,,False,2025-08-06 00:00:00.000000,19.21,,,,,,,,,,,chapters,2025-08-06 13:09:04.709628,WS-LIFESTYLE
YT0004450,- DIY Liquid Cooled PC: Worth the Hype?,source_370,source_370,False,Company_A,content_editor_03,Lifestyle,English,speech,,,,False,2025-08-06 00:00:00.000000,29.09,,,,,,,,,,,key_moments,2025-08-06 17:13:25.068987,WS-LIFESTYLE
YT0008807,- Level Up Your Setup: Custom PC Build Tutorial!,source_370,source_370,True,Company_A,content_editor_03,Tech_Analysis,English,interview,shorts,Youtube,,True,2025-08-06 00:00:00.000000,18.77,10.083333333333332,68.52,148.0,Notifications,2.06,1208901.0,75527.0,1718.0,21.0,867.4983333333333,key_moments,2025-08-06 08:58:11.894335,WS-TECH-ANALYSIS
IG0008807,- Level Up Your Setup: Custom PC Build Tutorial!,source_370,source_370,True,Company_A,content_editor_03,Tech_Analysis,English,special_report,reels,Instagram,,True,2025-08-06 00:00:00.000000,18.77,10.083333333333332,63.0,80.0,Notifications,2.06,765466.0,44005.0,1028.0,18.0,346.05,key_moments,2025-08-06 11:29:34.929321,WS-TECH-ANALYSIS
IG0018492,- PC Building Secrets: Cable Management Like a Pro!,source_370,source_370,False,Company_A,content_editor_03,Lifestyle,English,interview,,,,False,2025-08-06 00:00:00.000000,19.21,,,,,,,,,,,key_moments,2025-08-06 10:35:11.671493,WS-LIFESTYLE
IG0004450,- DIY Liquid Cooled PC: Worth the Hype?,source_370,source_370,False,Company_A,content_editor_03,Lifestyle,English,news_bulletin,,,,False,2025-08-06 00:00:00.000000,29.09,,,,,,,,,,,key_moments,2025-08-06 06:14:43.037338,WS-LIFESTYLE
YT0017334,- My Week in Chaos: Baking Blunders & Epic Road Trip Fails,source_371,source_371,True,Company_A,content_editor_03,Tech_Analysis,English,speech,shorts,Youtube,,True,2025-08-07 00:00:00.000000,70.05,47.68333333333333,72.99,483.0,Shorts Feed,13.38,951604.0,77846.0,136.0,2104.0,10621.839166666668,summary,2025-08-07 05:12:16.277856,WS-TECH-ANALYSIS
YT0006225,- Apple Vision Pro: Future or $3500 Mistake?,source_372,source_372,True,Company_A,content_editor_03,Tech_Analysis,English,news_bulletin,shorts,Youtube,,True,2025-08-07 00:00:00.000000,55.61,16.866666666666667,23.06,488.0,Browse,16.83,456391.0,94451.0,5701.0,1817.0,1187.4618333333335,key_moments,2025-08-07 06:09:38.398224,WS-TECH-ANALYSIS
IG0017334,- My Week in Chaos: Baking Blunders & Epic Road Trip Fails,source_371,source_371,True,Company_A,content_editor_03,Tech_Analysis,English,news_bulletin,reels,Instagram,,True,2025-08-07 00:00:00.000000,70.05,47.68333333333333,61.0,349.0,Shorts Feed,13.38,510899.0,33850.0,72.0,1318.0,3478.63,full_package,2025-08-07 07:12:26.599514,WS-TECH-ANALYSIS
IG0006225,- Apple Vision Pro: Future or $3500 Mistake?,source_372,source_372,False,Company_A,content_editor_03,Tech_Analysis,English,news_bulletin,,,,False,2025-08-07 00:00:00.000000,55.61,,,,,,,,,,,full_package,2025-08-07 02:12:36.186494,WS-TECH-ANALYSIS
YT0026412,- I Lived in Apple Vision Pro for a Week...Here's What I Regret,source_372,source_372,True,Company_A,content_editor_03,Tech_Analysis,English,interview,shorts,Youtube,,True,2025-08-08 00:00:00.000000,65.4,32.75,50.1,150.0,Shorts Feed,3.86,351862.0,69096.0,3617.0,1461.0,2467.9210000000003,key_moments,2025-08-08 07:11:02.529663,WS-TECH-ANALYSIS
IG0026412,- I Lived in Apple Vision Pro for a Week...Here's What I Regret,source_372,source_372,True,Company_A,content_editor_03,Tech_Analysis,English,news_bulletin,reels,Instagram,,True,2025-08-08 00:00:00.000000,65.4,32.75,42.0,103.0,Shorts Feed,3.86,164185.0,34757.0,2263.0,1299.0,483.66,full_package,2025-08-08 12:50:52.785280,WS-TECH-ANALYSIS
YT0006346,- Vision Pro: The TRUTH Apple Doesn't Want You To Know,source_372,source_372,False,Company_A,content_editor_03,Tech_Analysis,English,special_report,,,,False,2025-08-09 00:00:00.000000,46.2,,,,,,,,,,,chapters,2025-08-09 03:23:28.473550,WS-TECH-ANALYSIS
IG0006346,- Vision Pro: The TRUTH Apple Doesn't Want You To Know,source_372,source_372,True,Company_A,content_editor_03,Tech_Analysis,English,special_report,reels,Instagram,,True,2025-08-09 00:00:00.000000,46.2,18.65,31.0,372.0,Shorts Feed,17.49,326850.0,56982.0,934.0,154.0,313.82,full_package,2025-08-09 03:06:48.024313,WS-TECH-ANALYSIS
YT0015971,"- Apple Vision Pro Review: The Good, The Bad, & The Nauseating",source_372,source_372,True,Company_A,content_editor_03,Tech_Analysis,English,special_report,shorts,Youtube,,True,2025-08-10 00:00:00.000000,41.25,8.166666666666666,2.54,188.0,Playlist,21.72,1580147.0,71667.0,1322.0,273.0,292.6198333333333,my_key_moments,2025-08-10 05:51:22.962587,WS-TECH-ANALYSIS
IG0015971,"- Apple Vision Pro Review: The Good, The Bad, & The Nauseating",source_372,source_372,False,Company_A,content_editor_03,Tech_Analysis,English,interview,,,,False,2025-08-10 00:00:00.000000,41.25,,,,,,,,,,,key_moments,2025-08-10 02:22:43.441607,WS-TECH-ANALYSIS
YT0029420,- Custom Keyboards 101: Beginner's Guide!,source_373,source_373,False,Company_A,content_editor_03,Tech_Analysis,English,interview,,,,False,2025-08-12 00:00:00.000000,40.64,,,,,,,,,,,summary,2025-08-12 01:23:41.724061,WS-TECH-ANALYSIS
YT0016362,- Build Your Dream Keyboard: The Ultimate Guide,source_373,source_373,True,Company_A,content_editor_03,Tech_Analysis,English,interview,shorts,Youtube,,True,2025-08-12 00:00:00.000000,48.39,7.833333333333333,1.0,269.0,Notifications,26.09,389219.0,83255.0,3057.0,2427.0,36.03883333333333,full_package,2025-08-12 10:01:07.905972,WS-TECH-ANALYSIS
YT0020526,- Vision Pro: Is It Worth Selling Your Kidney?,source_372,source_372,True,Company_A,content_editor_03,Lifestyle,English,interview,shorts,Youtube,,True,2025-08-12 00:00:00.000000,27.16,11.083333333333332,29.47,487.0,Notifications,5.1,368135.0,89604.0,1640.0,2617.0,366.4306666666667,chapters,2025-08-12 02:47:18.896507,WS-LIFESTYLE
IG0029420,- Custom Keyboards 101: Beginner's Guide!,source_373,source_373,True,Company_A,content_editor_03,Tech_Analysis,English,special_report,reels,Instagram,,True,2025-08-12 00:00:00.000000,40.64,15.65,31.0,348.0,Browse,12.56,411005.0,40097.0,4874.0,1832.0,288.45,chapters,2025-08-12 04:03:34.103704,WS-TECH-ANALYSIS
IG0016362,- Build Your Dream Keyboard: The Ultimate Guide,source_373,source_373,False,Company_A,content_editor_03,Tech_Analysis,English,news_bulletin,,,,False,2025-08-12 00:00:00.000000,48.39,,,,,,,,,,,key_moments,2025-08-12 02:27:18.597178,WS-TECH-ANALYSIS
IG0020526,- Vision Pro: Is It Worth Selling Your Kidney?,source_372,source_372,True,Company_A,content_editor_03,Lifestyle,English,speech,reels,Instagram,,True,2025-08-12 00:00:00.000000,27.16,11.083333333333332,35.0,534.0,Notifications,5.1,629176.0,253391.0,2649.0,7334.0,219.19,summary,2025-08-12 11:06:30.105400,WS-LIFESTYLE
YT0017496,- Clicky vs. Thock: Keyboard Sounds Compared!,source_373,source_373,True,Company_A,content_editor_03,Tech_Analysis,English,special_report,shorts,Youtube,,True,2025-08-13 00:00:00.000000,42.6,28.866666666666667,77.42,407.0,Shorts Feed,12.15,1701877.0,84847.0,5087.0,913.0,10100.955166666668,my_key_moments,2025-08-13 07:54:56.154069,WS-TECH-ANALYSIS
YT0027580,"- Keyboard sizes, switches and keycaps!",source_373,source_373,True,Company_A,content_editor_03,Tech_Analysis,English,special_report,shorts,Youtube,,True,2025-08-13 00:00:00.000000,51.97,28.08333333333333,55.68,662.0,Suggested,1.45,158700.0,65151.0,2550.0,1125.0,907.382,chapters,2025-08-13 03:17:57.389772,WS-TECH-ANALYSIS
YT0023763,- Build Your DREAM Keyboard! (Beginner's Guide),source_374,source_374,False,Company_A,content_editor_03,Tech_Analysis,English,special_report,,,,False,2025-08-13 00:00:00.000000,29.01,,,,,,,,,,,chapters,2025-08-13 01:33:23.045643,WS-TECH-ANALYSIS
IG0017496,- Clicky vs. Thock: Keyboard Sounds Compared!,source_373,source_373,True,Company_A,content_editor_03,Tech_Analysis,English,interview,reels,Instagram,,True,2025-08-13 00:00:00.000000,42.6,28.866666666666667,72.0,280.0,Shorts Feed,12.15,912075.0,56134.0,2612.0,498.0,3897.6,chapters,2025-08-13 03:01:50.049781,WS-TECH-ANALYSIS
IG0027580,"- Keyboard sizes, switches and keycaps!",source_373,source_373,True,Company_A,content_editor_03,Tech_Analysis,English,speech,reels,Instagram,,True,2025-08-13 00:00:00.000000,51.97,28.08333333333333,45.0,445.0,Suggested,1.45,65681.0,29297.0,1849.0,999.0,168.99,summary,2025-08-13 06:18:42.380560,WS-TECH-ANALYSIS
IG0023763,- Build Your DREAM Keyboard! (Beginner's Guide),source_374,source_374,True,Company_A,content_editor_03,Tech_Analysis,English,interview,reels,Instagram,,True,2025-08-13 00:00:00.000000,29.01,14.833333333333332,49.0,80.0,Browse,19.18,17005.0,36651.0,76.0,293.0,16.97,key_moments,2025-08-13 04:39:05.620641,WS-TECH-ANALYSIS
YT0004175,- Custom Keyboards: Level Up Your Setup! ⌨️,source_374,source_374,True,Company_A,content_editor_03,Tech_Analysis,English,speech,shorts,Youtube,,True,2025-08-14 00:00:00.000000,59.72,10.0,5.59,369.0,Browse,20.27,734953.0,88918.0,5297.0,2976.0,510.384,key_moments,2025-08-14 04:21:53.286717,WS-TECH-ANALYSIS
YT0001916,"- Stop Buying, Start BUILDING: Mechanical Keyboard Guide",source_374,source_374,True,Company_A,content_editor_03,Tech_Analysis,English,speech,shorts,Youtube,,True,2025-08-14 00:00:00.000000,61.44,27.666666666666668,43.43,699.0,Shorts Feed,24.28,454822.0,63821.0,1982.0,654.0,2547.8455000000004,key_moments,2025-08-14 04:44:17.452656,WS-TECH-ANALYSIS
YT0002285,- My Week in Chaos: Leaky Faucets & Questionable Life Choices,source_375,source_375,True,Company_A,content_editor_03,Lifestyle,English,special_report,shorts,Youtube,,True,2025-08-14 00:00:00.000000,33.989999999999995,7.716666666666667,1.14,501.0,Search,17.36,2132.0,90732.0,140.0,1415.0,0.1283333333333333,full_package,2025-08-14 07:20:23.801918,WS-LIFESTYLE
IG0004175,- Custom Keyboards: Level Up Your Setup! ⌨️,source_374,source_374,False,Company_A,content_editor_03,Tech_Analysis,English,news_bulletin,,,,False,2025-08-14 00:00:00.000000,59.72,,,,,,,,,,,full_package,2025-08-14 03:52:05.766697,WS-TECH-ANALYSIS
IG0001916,"- Stop Buying, Start BUILDING: Mechanical Keyboard Guide",source_374,source_374,False,Company_A,content_editor_03,Tech_Analysis,English,interview,,,,False,2025-08-14 00:00:00.000000,61.44,,,,,,,,,,,chapters,2025-08-14 05:44:00.165664,WS-TECH-ANALYSIS
IG0002285,- My Week in Chaos: Leaky Faucets & Questionable Life Choices,source_375,source_375,True,Company_A,content_editor_03,Lifestyle,English,news_bulletin,reels,Instagram,,True,2025-08-14 00:00:00.000000,33.989999999999995,7.716666666666667,1.0,619.0,Search,17.36,3494.0,206804.0,224.0,3786.0,0.0,chapters,2025-08-14 01:48:58.402309,WS-LIFESTYLE
YT0008952,- DIY Disaster & Coffee Shop Ex: My Week Went Sideways,source_375,source_375,True,Company_A,content_editor_03,Tech_Analysis,English,speech,shorts,Youtube,,True,2025-08-16 00:00:00.000000,30.49,17.75,66.17,109.0,Shorts Feed,16.36,1631458.0,85505.0,7366.0,1108.0,4645.1235,summary,2025-08-17 06:51:26.461236,WS-TECH-ANALYSIS
YT0024274,- From Leaky Faucets to Genius Ideas (Maybe?): My Chaotic Week,source_375,source_375,True,Company_A,content_editor_03,Tech_Analysis,English,speech,shorts,Youtube,,True,2025-08-16 00:00:00.000000,65.05,45.88333333333333,76.69,217.0,Channel Page,16.73,160206.0,68106.0,5650.0,1851.0,1708.1223333333332,key_moments,2025-08-16 03:11:14.655700,WS-TECH-ANALYSIS
YT0005009,- My Cat Hates My DIY Skills: A Week of Hilarious Fails,source_375,source_375,True,Company_A,content_editor_03,Tech_Analysis,English,speech,shorts,Youtube,,True,2025-08-16 00:00:00.000000,40.29,18.933333333333334,45.21,279.0,External,26.44,1984052.0,89949.0,2673.0,485.0,6301.202166666667,chapters,2025-08-16 04:42:27.199736,WS-TECH-ANALYSIS
IG0008952,- DIY Disaster & Coffee Shop Ex: My Week Went Sideways,source_375,source_375,True,Company_A,content_editor_03,Tech_Analysis,English,speech,reels,Instagram,,True,2025-08-16 00:00:00.000000,30.49,17.75,64.0,67.0,Shorts Feed,16.36,986486.0,56652.0,3774.0,557.0,1797.6,summary,2025-08-16 06:17:35.454199,WS-TECH-ANALYSIS
IG0024274,- From Leaky Faucets to Genius Ideas (Maybe?): My Chaotic Week,source_375,source_375,True,Company_A,content_editor_03,Tech_Analysis,English,news_bulletin,reels,Instagram,,True,2025-08-16 00:00:00.000000,65.05,45.88333333333333,75.0,153.0,Channel Page,16.73,88361.0,45414.0,4056.0,1374.0,706.58,key_moments,2025-08-16 02:52:46.669426,WS-TECH-ANALYSIS
IG0005009,- My Cat Hates My DIY Skills: A Week of Hilarious Fails,source_375,source_375,True,Company_A,content_editor_03,Tech_Analysis,English,special_report,reels,Instagram,,True,2025-08-16 00:00:00.000000,40.29,18.933333333333334,40.0,164.0,External,26.44,1284810.0,40546.0,1439.0,358.0,1632.18,key_moments,2025-08-16 04:01:30.424355,WS-TECH-ANALYSIS
YT0027001,- Surviving My Week with Coffee & Internet Drama,source_375,source_375,False,Company_A,content_editor_03,Lifestyle,English,speech,,,,False,2025-08-17 00:00:00.000000,18.84,,,,,,,,,,,summary,2025-08-17 03:59:10.265249,WS-LIFESTYLE
IG0027001,- Surviving My Week with Coffee & Internet Drama,source_375,source_375,False,Company_A,content_editor_03,Lifestyle,English,speech,,,,False,2025-08-17 00:00:00.000000,18.84,,,,,,,,,,,key_moments,2025-08-17 01:55:30.955847,WS-LIFESTYLE
YT0001351,- Snack Runs & Self-Care: Finding Balance in the Chaos,source_375,source_375,True,Company_A,content_editor_03,Tech_Analysis,English,special_report,shorts,Youtube,,True,2025-08-20 00:00:00.000000,50.41,20.6,37.0,571.0,Notifications,0.73,153971.0,94923.0,4542.0,1953.0,560.2833333333333,key_moments,2025-08-20 05:40:52.390019,WS-TECH-ANALYSIS
IG0001351,- Snack Runs & Self-Care: Finding Balance in the Chaos,source_375,source_375,True,Company_A,content_editor_03,Tech_Analysis,English,news_bulletin,reels,Instagram,,True,2025-08-20 00:00:00.000000,50.41,20.6,34.0,433.0,Notifications,0.73,92150.0,58228.0,3232.0,1315.0,114.01,full_package,2025-08-20 01:04:09.143808,WS-TECH-ANALYSIS
YT0023254,"- Another Week, Another Disaster: Join My Chaotic Life",source_375,source_375,False,Company_A,content_editor_03,Tech_Analysis,English,special_report,,,,False,2025-08-21 00:00:00.000000,16.4,,,,,,,,,,,key_moments,2025-08-21 16:15:21.544033,WS-TECH-ANALYSIS
YT0027964,- My Week in Chaos: Cake Fails & Existential Squirrels!,source_376,source_376,True,Company_A,content_editor_03,Lifestyle,English,special_report,shorts,Youtube,,True,2025-08-21 00:00:00.000000,35.6,12.083333333333332,22.25,344.0,Suggested,3.68,358972.0,8134.0,4829.0,2965.0,457.0245000000001,key_moments,2025-08-21 07:32:36.187326,WS-LIFESTYLE
YT0010453,- Apple Vision Pro: Worth $3500?! (Honest Review),source_377,source_377,False,Company_A,content_editor_03,Tech_Analysis,English,interview,,,,False,2025-08-21 00:00:00.000000,46.010000000000005,,,,,,,,,,,key_moments,2025-08-21 06:40:11.336973,WS-TECH-ANALYSIS
IG0023254,"- Another Week, Another Disaster: Join My Chaotic Life",source_375,source_375,False,Company_A,content_editor_03,Tech_Analysis,English,interview,,,,False,2025-08-21 00:00:00.000000,16.4,,,,,,,,,,,key_moments,2025-08-21 00:59:49.146809,WS-TECH-ANALYSIS
IG0010453,- Apple Vision Pro: Worth $3500?! (Honest Review),source_377,source_377,True,Company_A,content_editor_03,Tech_Analysis,English,speech,reels,Instagram,,True,2025-08-21 00:00:00.000000,46.010000000000005,15.65,26.0,400.0,Search,14.24,331327.0,33526.0,5012.0,245.0,195.02,my_key_moments,2025-08-21 02:07:18.530700,WS-TECH-ANALYSIS
IG0027964,- My Week in Chaos: Cake Fails & Existential Squirrels!,source_376,source_376,True,Company_A,content_editor_03,Lifestyle,English,special_report,reels,Instagram,,True,2025-08-21 00:00:00.000000,35.6,12.083333333333332,27.0,401.0,Suggested,3.68,800484.0,16525.0,8562.0,8361.0,275.17,key_moments,2025-08-21 12:09:19.306196,WS-LIFESTYLE
YT0001530,- Vision Pro: Hype vs. Reality - One Week Later,source_377,source_377,True,Company_A,content_editor_03,Lifestyle,English,special_report,shorts,Youtube,,True,2025-08-22 00:00:00.000000,23.67,9.55,23.64,175.0,Playlist,20.24,267537.0,91557.0,2741.0,2892.0,152.3475,key_moments,2025-08-25 00:00:00.000000,WS-LIFESTYLE
IG0001530,- Vision Pro: Hype vs. Reality - One Week Later,source_377,source_377,False,Company_A,content_editor_03,Lifestyle,English,interview,,,,False,2025-08-22 00:00:00.000000,23.67,,,,,,,,,,,key_moments,2025-08-22 10:24:09.081313,WS-LIFESTYLE
YT0006634,- Vision Pro: Future or Flop? My Brutally Honest Review,source_377,source_377,False,Company_A,content_editor_03,Tech_Analysis,English,special_report,,,,False,2025-08-23 00:00:00.000000,59.04,,,,,,,,,,,chapters,2025-08-23 09:10:09.088571,WS-TECH-ANALYSIS
IG0006634,- Vision Pro: Future or Flop? My Brutally Honest Review,source_377,source_377,True,Company_A,content_editor_03,Tech_Analysis,English,speech,reels,Instagram,,True,2025-08-23 00:00:00.000000,59.04,41.41666666666666,72.0,383.0,Channel Page,13.78,341567.0,56518.0,4202.0,604.0,2316.96,key_moments,2025-08-23 06:05:15.794547,WS-TECH-ANALYSIS
YT0018670,- Apple Vision Pro: The TRUTH After 7 Days,source_377,source_377,True,Company_A,content_editor_03,Tech_Analysis,English,news_bulletin,shorts,Youtube,,True,2025-08-24 00:00:00.000000,72.72999999999999,45.73333333333333,66.23,167.0,Notifications,1.89,97180.0,95766.0,5138.0,9.0,1032.0876666666668,chapters,2025-08-24 02:01:49.906259,WS-TECH-ANALYSIS
IG0018670,- Apple Vision Pro: The TRUTH After 7 Days,source_377,source_377,True,Company_A,content_editor_03,Tech_Analysis,English,interview,reels,Instagram,,True,2025-08-24 00:00:00.000000,72.72999999999999,45.73333333333333,55.0,101.0,Notifications,1.89,50541.0,40755.0,2807.0,8.0,295.22,key_moments,2025-08-24 08:52:04.299931,WS-TECH-ANALYSIS
YT0017409,- iPhone 16: Worth the Hype?! (Real-World Review),source_378,source_378,True,Company_A,content_editor_03,Tech_Analysis,English,special_report,shorts,Youtube,,True,2025-08-25 00:00:00.000000,69.56,57.86666666666667,92.31,20.0,Channel Page,23.57,176669.0,75765.0,2117.0,449.0,2471.7301666666667,chapters,2025-08-25 01:39:27.107696,WS-TECH-ANALYSIS
YT0028974,- iPhone 16 vs. Android: The Ultimate Camera & Speed Test!,source_378,source_378,True,Company_A,content_editor_03,Tech_Analysis,English,special_report,shorts,Youtube,,True,2025-08-25 00:00:00.000000,72.02000000000001,13.483333333333334,10.49,652.0,Suggested,23.96,672640.0,73231.0,2604.0,1242.0,1117.9526666666668,chapters,2025-08-25 01:31:07.164311,WS-TECH-ANALYSIS
YT0012829,- Don't Buy the iPhone 16 Until You See This!,source_378,source_378,True,Company_A,content_editor_03,Tech_Analysis,English,special_report,shorts,Youtube,,True,2025-08-25 00:00:00.000000,56.57,24.3,40.41,476.0,Browse,8.03,730206.0,92510.0,5045.0,1493.0,3407.628,full_package,2025-08-25 01:26:38.679995,WS-TECH-ANALYSIS
IG0017409,- iPhone 16: Worth the Hype?! (Real-World Review),source_378,source_378,False,Company_A,content_editor_03,Tech_Analysis,English,special_report,,,,False,2025-08-25 00:00:00.000000,69.56,,,,,,,,,,,chapters,2025-08-25 08:43:51.366385,WS-TECH-ANALYSIS
IG0028974,- iPhone 16 vs. Android: The Ultimate Camera & Speed Test!,source_378,source_378,False,Company_A,content_editor_03,Tech_Analysis,English,special_report,,,,False,2025-08-25 00:00:00.000000,72.02000000000001,,,,,,,,,,,key_moments,2025-08-25 03:49:13.549863,WS-TECH-ANALYSIS
IG0012829,- Don't Buy the iPhone 16 Until You See This!,source_378,source_378,True,Company_A,content_editor_03,Tech_Analysis,English,special_report,reels,Instagram,,True,2025-08-25 00:00:00.000000,56.57,24.3,38.0,380.0,Browse,8.03,319584.0,50991.0,2712.0,783.0,566.73,full_package,2025-08-25 04:20:10.046080,WS-TECH-ANALYSIS
YT0018810,- iPhone 16 Camera SHOCKS Me! 📸 (vs. iPhone 15),source_379,source_379,True,Company_A,content_editor_03,Lifestyle,English,special_report,shorts,Youtube,,True,2025-08-26 00:00:00.000000,29.04,18.083333333333336,75.38,156.0,External,11.59,432833.0,7355.0,439.0,661.0,1272.4488333333331,full_package,2025-08-26 03:57:03.635560,WS-LIFESTYLE
YT0028617,- iPhone 16 Battery Test: Did Apple Finally Fix It?!,source_378,source_378,True,Company_A,content_editor_03,Tech_Analysis,English,special_report,shorts,Youtube,,True,2025-08-26 00:00:00.000000,38.81,14.233333333333334,28.28,119.0,Shorts Feed,14.83,1210455.0,73454.0,1714.0,1363.0,2263.999166666667,chapters,2025-08-26 01:37:31.248011,WS-TECH-ANALYSIS
YT0029670,- iOS 18 on iPhone 16: Game Changer or Gimmick?,source_378,source_378,False,Company_A,content_editor_03,Tech_Analysis,English,special_report,,,,False,2025-08-26 00:00:00.000000,48.68,,,,,,,,,,,my_key_moments,2025-08-26 02:20:20.283367,WS-TECH-ANALYSIS
YT0000260,- iPhone 16: The TRUTH After 30 Days!,source_378,source_378,True,Company_A,content_editor_03,Tech_Analysis,English,speech,shorts,Youtube,,True,2025-08-26 00:00:00.000000,70.14,60.833333333333336,96.72,425.0,Shorts Feed,14.26,1126164.0,75233.0,4645.0,1382.0,16683.91116666667,full_package,2025-08-26 02:26:06.058203,WS-TECH-ANALYSIS
IG0028617,- iPhone 16 Battery Test: Did Apple Finally Fix It?!,source_378,source_378,True,Company_A,content_editor_03,Tech_Analysis,English,speech,reels,Instagram,,True,2025-08-26 00:00:00.000000,38.81,14.233333333333334,28.0,70.0,Shorts Feed,14.83,725243.0,51158.0,1214.0,749.0,379.81,summary,2025-08-26 01:17:58.656747,WS-TECH-ANALYSIS
IG0029670,- iOS 18 on iPhone 16: Game Changer or Gimmick?,source_378,source_378,True,Company_A,content_editor_03,Tech_Analysis,English,interview,reels,Instagram,,True,2025-08-26 00:00:00.000000,48.68,20.1,33.0,238.0,External,8.84,1054110.0,52982.0,3335.0,721.0,1217.5,full_package,2025-08-26 02:40:20.152629,WS-TECH-ANALYSIS
IG0000260,- iPhone 16: The TRUTH After 30 Days!,source_378,source_378,False,Company_A,content_editor_03,Tech_Analysis,English,speech,,,,False,2025-08-26 00:00:00.000000,70.14,,,,,,,,,,,key_moments,2025-08-26 01:41:02.868521,WS-TECH-ANALYSIS
IG0018810,- iPhone 16 Camera SHOCKS Me! 📸 (vs. iPhone 15),source_379,source_379,True,Company_A,content_editor_03,Lifestyle,English,news_bulletin,reels,Instagram,,True,2025-08-26 00:00:00.000000,29.04,18.083333333333336,97.0,199.0,External,11.59,792934.0,14071.0,725.0,1867.0,2261.15,full_package,2025-08-26 06:20:59.543977,WS-LIFESTYLE
YT0028475,- iPhone 16 vs Galaxy S25: The ULTIMATE Comparison! 📱,source_379,source_379,True,Company_A,content_editor_03,Tech_Analysis,English,interview,shorts,Youtube,,True,2025-08-27 00:00:00.000000,53.47,44.16666666666666,95.31,633.0,External,27.04,442418.0,78697.0,6070.0,1932.0,4506.109333333333,chapters,2025-08-27 06:47:14.719660,WS-TECH-ANALYSIS
YT0002122,- Don't Upgrade to iPhone 16 Until You See THIS! ⚠️,source_379,source_379,True,Company_A,content_editor_03,Tech_Analysis,English,special_report,shorts,Youtube,,True,2025-08-27 00:00:00.000000,59.07,37.58333333333333,68.26,500.0,Search,27.34,370097.0,83367.0,4051.0,2993.0,3092.7086666666664,summary,2025-08-27 01:25:15.713639,WS-TECH-ANALYSIS
YT0020012,- Apple Vision Pro: The TRUTH After 1 Week! 😳,source_380,source_380,True,Company_A,content_editor_03,Tech_Analysis,English,interview,shorts,Youtube,,True,2025-08-27 00:00:00.000000,62.3,14.416666666666668,14.62,491.0,Search,8.48,788128.0,69266.0,6720.0,1814.0,1514.2273333333333,chapters,2025-08-27 03:09:18.005153,WS-TECH-ANALYSIS
IG0028475,- iPhone 16 vs Galaxy S25: The ULTIMATE Comparison! 📱,source_379,source_379,False,Company_A,content_editor_03,Tech_Analysis,English,speech,,,,False,2025-08-27 00:00:00.000000,53.47,,,,,,,,,,,key_moments,2025-08-27 17:39:25.833167,WS-TECH-ANALYSIS
IG0002122,- Don't Upgrade to iPhone 16 Until You See THIS! ⚠️,source_379,source_379,False,Company_A,content_editor_03,Tech_Analysis,English,interview,,,,False,2025-08-27 00:00:00.000000,59.07,,,,,,,,,,,key_moments,2025-08-27 01:49:30.683683,WS-TECH-ANALYSIS
IG0020012,- Apple Vision Pro: The TRUTH After 1 Week! 😳,source_380,source_380,True,Company_A,content_editor_03,Tech_Analysis,English,speech,reels,Instagram,,True,2025-08-27 00:00:00.000000,62.3,14.416666666666668,14.0,342.0,Search,8.48,420673.0,44650.0,3754.0,936.0,113.15,key_moments,2025-08-27 05:37:37.770753,WS-TECH-ANALYSIS
YT0007820,- $3500 Apple Vision Pro: Regret or Revolution? 🤔,source_380,source_380,False,Company_A,content_editor_03,Tech_Analysis,English,interview,,,,False,2025-08-28 00:00:00.000000,70.22,,,,,,,,,,,summary,2025-08-28 04:21:08.397001,WS-TECH-ANALYSIS
YT0015634,- Vision Pro: I Lived In It For a Week... Here's What I Found! 🤯,source_380,source_380,True,Company_A,content_editor_03,Tech_Analysis,English,special_report,shorts,Youtube,,True,2025-08-28 00:00:00.000000,43.4,14.183333333333334,23.53,383.0,Playlist,12.91,1848908.0,97818.0,1885.0,1561.0,3432.4635,full_package,2025-08-28 09:35:19.978827,WS-TECH-ANALYSIS
IG0007820,- $3500 Apple Vision Pro: Regret or Revolution? 🤔,source_380,source_380,True,Company_A,content_editor_03,Tech_Analysis,English,news_bulletin,reels,Instagram,,True,2025-08-28 00:00:00.000000,70.22,48.4,63.0,363.0,Channel Page,26.68,518216.0,46929.0,4027.0,28.0,3709.13,key_moments,2025-08-28 05:03:59.720839,WS-TECH-ANALYSIS
IG0015634,- Vision Pro: I Lived In It For a Week... Here's What I Found! 🤯,source_380,source_380,False,Company_A,content_editor_03,Tech_Analysis,English,special_report,,,,False,2025-08-28 00:00:00.000000,43.4,,,,,,,,,,,summary,2025-08-28 02:49:58.002056,WS-TECH-ANALYSIS
YT0019716,- My Day: DMV Nightmares & Existential Smoothies,source_381,source_381,False,Company_A,content_editor_03,Lifestyle,English,news_bulletin,,,,False,2025-08-29 00:00:00.000000,26.56,,,,,,,,,,,chapters,2025-08-29 04:13:10.033223,WS-LIFESTYLE
YT0023669,- Framework Laptop 16: The ULTIMATE Modular Laptop?,source_382,source_382,True,Company_A,content_editor_03,Tech_Analysis,English,news_bulletin,shorts,Youtube,,True,2025-08-29 00:00:00.000000,70.78999999999999,20.333333333333336,23.0,647.0,External,24.06,429940.0,63856.0,6417.0,1013.0,1532.6565,full_package,2025-08-29 04:16:08.564574,WS-TECH-ANALYSIS
IG0023669,- Framework Laptop 16: The ULTIMATE Modular Laptop?,source_382,source_382,True,Company_A,content_editor_03,Tech_Analysis,English,news_bulletin,reels,Instagram,,True,2025-08-29 00:00:00.000000,70.78999999999999,20.333333333333336,23.0,355.0,External,24.06,252269.0,29459.0,3866.0,786.0,206.84,key_moments,2025-08-29 03:43:01.485343,WS-TECH-ANALYSIS
IG0019716,- My Day: DMV Nightmares & Existential Smoothies,source_381,source_381,True,Company_A,content_editor_03,Lifestyle,English,interview,reels,Instagram,,True,2025-08-29 00:00:00.000000,26.56,12.433333333333334,52.0,556.0,Browse,4.8,2407965.0,19183.0,10389.0,2558.0,1715.9,chapters,2025-08-29 01:23:32.521302,WS-LIFESTYLE
YT0022894,- Future-Proof Laptop? Framework 16 Review!,source_382,source_382,True,Company_A,content_editor_03,Tech_Analysis,English,speech,shorts,Youtube,,True,2025-08-31 00:00:00.000000,71.47,17.78333333333333,18.21,415.0,Search,25.48,1322231.0,98839.0,6148.0,379.0,3776.9283333333337,summary,2025-08-31 10:48:47.428020,WS-TECH-ANALYSIS
YT0010825,- Stop Buying New Laptops! (Framework 16 Changes EVERYTHING),source_382,source_382,True,Company_A,content_editor_03,Tech_Analysis,English,interview,shorts,Youtube,,True,2025-08-31 00:00:00.000000,72.7,42.03333333333333,59.85,570.0,Playlist,10.86,940699.0,91452.0,7954.0,1746.0,9023.742333333334,key_moments,2025-08-31 09:23:17.102598,WS-TECH-ANALYSIS
IG0022894,- Future-Proof Laptop? Framework 16 Review!,source_382,source_382,False,Company_A,content_editor_03,Tech_Analysis,English,special_report,,,,False,2025-08-31 00:00:00.000000,71.47,,,,,,,,,,,chapters,2025-08-31 01:44:05.598559,WS-TECH-ANALYSIS
IG0010825,- Stop Buying New Laptops! (Framework 16 Changes EVERYTHING),source_382,source_382,True,Company_A,content_editor_03,Tech_Analysis,English,news_bulletin,reels,Instagram,,True,2025-08-31 00:00:00.000000,72.7,42.03333333333333,56.0,301.0,Playlist,10.86,516036.0,56334.0,6178.0,1367.0,2772.07,summary,2025-08-31 03:08:40.867463,WS-TECH-ANALYSIS
YT0003882,"- Framework Laptop 16: Repairable, Upgradeable, UNSTOPPABLE!",source_382,source_382,False,Company_A,content_editor_03,Tech_Analysis,English,speech,,,,False,2025-09-01 00:00:00.000000,37.23,,,,,,,,,,,summary,2025-09-01 03:20:27.066735,WS-TECH-ANALYSIS
YT0002540,- I Built My Dream Laptop! (Framework 16 Review),source_382,source_382,False,Company_A,content_editor_03,Lifestyle,English,special_report,,,,False,2025-09-01 00:00:00.000000,21.26,,,,,,,,,,,summary,2025-09-01 01:35:08.824675,WS-LIFESTYLE
IG0003882,"- Framework Laptop 16: Repairable, Upgradeable, UNSTOPPABLE!",source_382,source_382,True,Company_A,content_editor_03,Tech_Analysis,English,special_report,reels,Instagram,,True,2025-09-01 00:00:00.000000,37.23,11.95,20.0,216.0,Browse,29.6,317924.0,50735.0,3051.0,49.0,78.6,summary,2025-09-01 00:53:54.231017,WS-TECH-ANALYSIS
IG0002540,- I Built My Dream Laptop! (Framework 16 Review),source_382,source_382,True,Company_A,content_editor_03,Lifestyle,English,speech,reels,Instagram,,True,2025-09-01 00:00:00.000000,21.26,9.033333333333331,30.0,160.0,Playlist,26.52,2931142.0,262346.0,5077.0,6559.0,374.53,summary,2025-09-01 02:20:21.214730,WS-LIFESTYLE
YT0025907,- Framework Laptop 16: A Month Later... Still Worth It?,source_382,source_382,True,Company_A,content_editor_03,Tech_Analysis,English,speech,shorts,Youtube,,True,2025-09-02 00:00:00.000000,72.1,60.23333333333333,92.35,126.0,Search,3.18,439396.0,63009.0,5225.0,2136.0,6436.337666666667,summary,2025-09-02 03:00:27.685588,WS-TECH-ANALYSIS
IG0025907,- Framework Laptop 16: A Month Later... Still Worth It?,source_382,source_382,True,Company_A,content_editor_03,Tech_Analysis,English,special_report,reels,Instagram,,True,2025-09-02 00:00:00.000000,72.1,60.23333333333333,75.0,82.0,Search,3.18,299328.0,41150.0,3213.0,1119.0,3288.45,full_package,2025-09-02 01:15:45.971881,WS-TECH-ANALYSIS
YT0015373,- AI is Changing EVERYTHING (Here's How),source_383,source_383,True,Company_A,content_editor_03,Tech_Analysis,English,news_bulletin,shorts,Youtube,,True,2025-09-03 00:00:00.000000,63.17,8.033333333333333,1.11,507.0,Browse,17.17,133225.0,96717.0,6974.0,1652.0,19.737,chapters,2025-09-03 04:36:30.171104,WS-TECH-ANALYSIS
IG0015373,- AI is Changing EVERYTHING (Here's How),source_383,source_383,True,Company_A,content_editor_03,Tech_Analysis,English,interview,reels,Instagram,,True,2025-09-03 00:00:00.000000,63.17,8.033333333333333,1.0,281.0,Browse,17.17,78762.0,44017.0,3872.0,1475.0,0.12,key_moments,2025-09-03 10:08:27.336823,WS-TECH-ANALYSIS
YT0004726,"- AI: Good, Bad, and Downright SCARY",source_383,source_383,False,Company_A,content_editor_03,Tech_Analysis,English,interview,,,,False,2025-09-04 00:00:00.000000,28.2,,,,,,,,,,,chapters,2025-09-04 07:50:45.131982,WS-TECH-ANALYSIS
IG0004726,"- AI: Good, Bad, and Downright SCARY",source_383,source_383,True,Company_A,content_editor_03,Tech_Analysis,English,speech,reels,Instagram,,True,2025-09-04 00:00:00.000000,28.2,8.083333333333334,4.0,413.0,Shorts Feed,2.11,495522.0,62050.0,861.0,131.0,3.21,key_moments,2025-09-04 03:36:52.099873,WS-TECH-ANALYSIS
YT0014461,- Future of AI: What's Coming Next?,source_383,source_383,True,Company_A,content_editor_03,Tech_Analysis,English,news_bulletin,shorts,Youtube,,True,2025-09-05 00:00:00.000000,24.630000000000003,16.55,93.98,607.0,Search,13.67,1866737.0,93876.0,581.0,146.0,4692.769333333333,chapters,2025-09-05 00:55:03.223630,WS-TECH-ANALYSIS
YT0011709,- Self-Driving Cars to Social Media: AI Explained,source_383,source_383,True,Company_A,content_editor_03,Tech_Analysis,English,interview,shorts,Youtube,,True,2025-09-05 00:00:00.000000,39.89,19.23333333333333,47.14,141.0,External,25.46,434918.0,89603.0,6456.0,1803.0,1417.5105,full_package,2025-09-05 07:05:28.362248,WS-TECH-ANALYSIS
IG0014461,- Future of AI: What's Coming Next?,source_383,source_383,True,Company_A,content_editor_03,Tech_Analysis,English,interview,reels,Instagram,,True,2025-09-05 00:00:00.000000,24.630000000000003,16.55,84.0,372.0,Search,13.67,1098750.0,59101.0,351.0,95.0,2320.19,key_moments,2025-09-05 04:29:49.160961,WS-TECH-ANALYSIS
IG0011709,- Self-Driving Cars to Social Media: AI Explained,source_383,source_383,True,Company_A,content_editor_03,Tech_Analysis,English,interview,reels,Instagram,,True,2025-09-05 00:00:00.000000,39.89,19.23333333333333,38.0,101.0,External,25.46,179159.0,62555.0,4646.0,1616.0,221.89,key_moments,2025-09-05 05:37:00.745735,WS-TECH-ANALYSIS
YT0002751,- My Week in Chaos: Questionable Choices & Questionable Squirrels,source_385,source_385,True,Company_A,content_editor_03,Lifestyle,English,news_bulletin,shorts,Youtube,,True,2025-09-06 00:00:00.000000,26.14,11.866666666666667,39.2,603.0,Search,11.79,741001.0,1973.0,7520.0,597.0,898.8068333333334,key_moments,2025-09-06 18:49:29.378394,WS-LIFESTYLE
YT0014090,- AI Deep Dive: Beyond the Buzzwords,source_383,source_383,False,Company_A,content_editor_03,Lifestyle,English,interview,,,,False,2025-09-06 00:00:00.000000,37.41,,,,,,,,,,,summary,2025-09-06 02:04:03.780883,WS-LIFESTYLE
YT0015204,- AI vs. Reality: Can AI REALLY Do This?! (We Found Out),source_384,source_384,True,Company_A,content_editor_03,Lifestyle,English,special_report,shorts,Youtube,,True,2025-09-06 00:00:00.000000,18.15,9.533333333333331,64.55,41.0,Search,29.4,1974704.0,13299.0,2674.0,2442.0,1115.342,summary,2025-09-06 00:24:03.939959,WS-LIFESTYLE
IG0002751,- My Week in Chaos: Questionable Choices & Questionable Squirrels,source_385,source_385,True,Company_A,content_editor_03,Lifestyle,English,news_bulletin,reels,Instagram,,True,2025-09-06 00:00:00.000000,26.14,11.866666666666667,48.0,704.0,Search,11.79,1673305.0,3575.0,14627.0,1278.0,974.24,chapters,2025-09-06 01:43:19.474586,WS-LIFESTYLE
IG0014090,- AI Deep Dive: Beyond the Buzzwords,source_383,source_383,True,Company_A,content_editor_03,Lifestyle,English,interview,reels,Instagram,,True,2025-09-06 00:00:00.000000,37.41,18.133333333333333,53.0,189.0,Shorts Feed,11.84,2368431.0,288056.0,9064.0,2701.0,3707.69,key_moments,2025-09-06 05:54:03.782434,WS-LIFESTYLE
IG0015204,- AI vs. Reality: Can AI REALLY Do This?! (We Found Out),source_384,source_384,True,Company_A,content_editor_03,Lifestyle,English,special_report,reels,Instagram,,True,2025-09-06 00:00:00.000000,18.15,9.533333333333331,76.0,55.0,Search,29.4,3450008.0,37440.0,5307.0,6237.0,1480.95,chapters,2025-09-06 04:05:13.551325,WS-LIFESTYLE
YT0011783,- My Week in Chaos: Coffee Spills & Existential Thrills,source_386,source_386,False,Company_A,content_editor_03,Lifestyle,English,special_report,,,,False,2025-09-07 00:00:00.000000,26.92,,,,,,,,,,,key_moments,2025-09-07 01:30:45.117322,WS-LIFESTYLE
YT0018204,- AI Image Upscaling: From Blurry to Breathtaking!,source_388,source_388,True,Company_A,content_editor_03,Tech_Analysis,English,speech,shorts,Youtube,,True,2025-09-07 00:00:00.000000,38.39,20.333333333333336,54.87,442.0,Suggested,21.72,1954287.0,99952.0,548.0,2802.0,6966.671333333334,summary,2025-09-07 01:17:04.897923,WS-TECH-ANALYSIS
YT0017427,"- OLD Photos, NEW Life! AI Upscaling Magic!",source_388,source_388,True,Company_A,content_editor_03,Tech_Analysis,English,special_report,shorts,Youtube,,True,2025-09-07 00:00:00.000000,73.24000000000001,59.6,89.46,208.0,Notifications,16.36,1122343.0,77757.0,7356.0,2021.0,16242.797333333332,key_moments,2025-09-07 03:00:43.230779,WS-TECH-ANALYSIS
IG0018204,- AI Image Upscaling: From Blurry to Breathtaking!,source_388,source_388,True,Company_A,content_editor_03,Tech_Analysis,English,special_report,reels,Instagram,,True,2025-09-07 00:00:00.000000,38.39,20.333333333333336,51.0,228.0,Suggested,21.72,1071486.0,44613.0,348.0,2433.0,1948.02,full_package,2025-09-07 01:28:34.040511,WS-TECH-ANALYSIS
IG0017427,"- OLD Photos, NEW Life! AI Upscaling Magic!",source_388,source_388,True,Company_A,content_editor_03,Tech_Analysis,English,interview,reels,Instagram,,True,2025-09-07 00:00:00.000000,73.24000000000001,59.6,89.0,133.0,Notifications,16.36,462628.0,50594.0,4002.0,1184.0,5958.78,key_moments,2025-09-07 06:03:59.820701,WS-TECH-ANALYSIS
IG0011783,- My Week in Chaos: Coffee Spills & Existential Thrills,source_386,source_386,True,Company_A,content_editor_03,Lifestyle,English,speech,reels,Instagram,,True,2025-09-07 00:00:00.000000,26.92,16.816666666666666,94.0,296.0,External,16.34,128349.0,192380.0,10395.0,2877.0,312.23,key_moments,2025-09-07 02:52:41.393087,WS-LIFESTYLE
YT0006324,- Topaz Photo AI vs. Gigapixel AI: Upscaling BATTLE!,source_388,source_388,True,Company_A,content_editor_03,Tech_Analysis,English,speech,shorts,Youtube,,True,2025-09-08 00:00:00.000000,55.61,31.25,58.48,318.0,Notifications,27.44,1120882.0,85947.0,2698.0,2856.0,7394.707666666667,my_key_moments,2025-09-08 02:25:19.255877,WS-TECH-ANALYSIS
YT0001079,- Ethical AI Upscaling: Are We Going Too Far?,source_388,source_388,True,Company_A,content_editor_03,Tech_Analysis,English,interview,shorts,Youtube,,True,2025-09-08 00:00:00.000000,63.77,55.06666666666667,97.53,596.0,Shorts Feed,6.33,853268.0,80844.0,8000.0,272.0,11274.1985,chapters,2025-09-08 02:10:50.734421,WS-TECH-ANALYSIS
IG0006324,- Topaz Photo AI vs. Gigapixel AI: Upscaling BATTLE!,source_388,source_388,True,Company_A,content_editor_03,Tech_Analysis,English,special_report,reels,Instagram,,True,2025-09-08 00:00:00.000000,55.61,31.25,50.0,209.0,Notifications,27.44,591741.0,58683.0,1896.0,2329.0,1951.92,key_moments,2025-09-08 04:56:13.816440,WS-TECH-ANALYSIS
IG0001079,- Ethical AI Upscaling: Are We Going Too Far?,source_388,source_388,False,Company_A,content_editor_03,Tech_Analysis,English,news_bulletin,,,,False,2025-09-08 00:00:00.000000,63.77,,,,,,,,,,,summary,2025-09-08 04:08:19.320168,WS-TECH-ANALYSIS
YT0000366,- iPhone 16 vs. Android: The Ultimate Showdown! 🥊,source_389,source_389,True,Company_A,content_editor_03,Tech_Analysis,English,interview,shorts,Youtube,,True,2025-09-11 00:00:00.000000,71.38,49.21666666666667,73.99,548.0,Channel Page,13.6,1781684.0,85813.0,4401.0,2360.0,20646.08816666667,chapters,2025-09-11 04:42:05.037297,WS-TECH-ANALYSIS
IG0000366,- iPhone 16 vs. Android: The Ultimate Showdown! 🥊,source_389,source_389,True,Company_A,content_editor_03,Tech_Analysis,English,interview,reels,Instagram,,True,2025-09-11 00:00:00.000000,71.38,49.21666666666667,74.0,386.0,Channel Page,13.6,825190.0,36586.0,2587.0,1768.0,7076.08,key_moments,2025-09-11 04:37:12.053407,WS-TECH-ANALYSIS
YT0003085,- iPhone 16: The Camera Changes EVERYTHING! 📸,source_389,source_389,False,Company_A,content_editor_03,Lifestyle,English,special_report,,,,False,2025-09-12 00:00:00.000000,31.81,,,,,,,,,,,full_package,2025-09-12 03:46:31.869421,WS-LIFESTYLE
YT0008598,- Don't Buy the iPhone 16 Until You See This! 🚫,source_389,source_389,True,Company_A,content_editor_03,Tech_Analysis,English,interview,shorts,Youtube,,True,2025-09-12 00:00:00.000000,16.68,8.916666666666666,84.33,461.0,External,26.66,1789916.0,95785.0,2680.0,2666.0,704.3651666666667,summary,2025-09-12 01:45:01.096966,WS-TECH-ANALYSIS
YT0025171,- iPhone 16 Battery Test: The Results Are In! 🔋,source_389,source_389,True,Company_A,content_editor_03,Tech_Analysis,English,interview,shorts,Youtube,,True,2025-09-12 00:00:00.000000,73.37,61.88333333333333,93.17,184.0,Playlist,22.51,1002058.0,77951.0,7368.0,2550.0,15137.570666666668,key_moments,2025-09-12 02:13:47.909077,WS-TECH-ANALYSIS
IG0008598,- Don't Buy the iPhone 16 Until You See This! 🚫,source_389,source_389,True,Company_A,content_editor_03,Tech_Analysis,English,special_report,reels,Instagram,,True,2025-09-12 00:00:00.000000,16.68,8.916666666666666,72.0,358.0,External,26.66,886348.0,49671.0,2138.0,1577.0,251.13,chapters,2025-09-12 02:55:01.186833,WS-TECH-ANALYSIS
IG0025171,- iPhone 16 Battery Test: The Results Are In! 🔋,source_389,source_389,True,Company_A,content_editor_03,Tech_Analysis,English,interview,reels,Instagram,,True,2025-09-12 00:00:00.000000,73.37,61.88333333333333,85.0,115.0,Playlist,22.51,542032.0,52241.0,3795.0,1888.0,6959.97,key_moments,2025-09-12 20:52:22.356195,WS-TECH-ANALYSIS
IG0003085,- iPhone 16: The Camera Changes EVERYTHING! 📸,source_389,source_389,True,Company_A,content_editor_03,Lifestyle,English,special_report,reels,Instagram,,True,2025-09-12 00:00:00.000000,31.81,10.7,24.0,758.0,Suggested,16.55,999959.0,3935.0,11146.0,6503.0,213.32,key_moments,2025-09-12 01:21:34.730167,WS-LIFESTYLE
YT0012815,- iPhone 16: Is the Upgrade FINALLY Worth It? 💸,source_389,source_389,False,Company_A,content_editor_03,Lifestyle,English,speech,,,,False,2025-09-13 00:00:00.000000,29.46,,,,,,,,,,,chapters,2025-09-13 02:51:39.002068,WS-LIFESTYLE
YT0014767,- iPhone 16: The TRUTH Apple Doesn't Want You To Know! 🤫,source_389,source_389,False,Company_A,content_editor_03,Lifestyle,English,special_report,,,,False,2025-09-13 00:00:00.000000,24.29,,,,,,,,,,,key_moments,2025-09-13 04:19:37.722592,WS-LIFESTYLE
IG0012815,- iPhone 16: Is the Upgrade FINALLY Worth It? 💸,source_389,source_389,False,Company_A,content_editor_03,Lifestyle,English,interview,,,,False,2025-09-13 00:00:00.000000,29.46,,,,,,,,,,,key_moments,2025-09-13 03:08:17.280172,WS-LIFESTYLE
IG0014767,- iPhone 16: The TRUTH Apple Doesn't Want You To Know! 🤫,source_389,source_389,True,Company_A,content_editor_03,Lifestyle,English,speech,reels,Instagram,,True,2025-09-13 00:00:00.000000,24.29,8.016666666666667,7.0,479.0,Shorts Feed,19.42,3075316.0,24862.0,1532.0,6257.0,30.9,summary,2025-09-13 09:26:41.472746,WS-LIFESTYLE
YT0018966,- From Snooze to Surprise: My Wild 24 Hours!,source_390,source_390,False,Company_A,content_editor_03,Tech_Analysis,English,interview,,,,False,2025-09-14 00:00:00.000000,42.65,,,,,,,,,,,key_moments,2025-09-14 03:07:30.694524,WS-TECH-ANALYSIS
YT0018609,- Vision Pro: Future or $3500 Gimmick? 🤔,source_391,source_391,True,Company_A,content_editor_03,Tech_Analysis,English,speech,shorts,Youtube,,True,2025-09-14 00:00:00.000000,37.86,9.9,10.5,491.0,Channel Page,0.29,1290568.0,77512.0,7266.0,173.0,860.3786666666667,key_moments,2025-09-14 03:18:56.430227,WS-TECH-ANALYSIS
IG0018966,- From Snooze to Surprise: My Wild 24 Hours!,source_390,source_390,True,Company_A,content_editor_03,Tech_Analysis,English,special_report,reels,Instagram,,True,2025-09-14 00:00:00.000000,42.65,19.4,36.0,340.0,Search,10.94,318828.0,43715.0,1093.0,1423.0,379.41,chapters,2025-09-14 07:40:30.797926,WS-TECH-ANALYSIS
IG0018609,- Vision Pro: Future or $3500 Gimmick? 🤔,source_391,source_391,True,Company_A,content_editor_03,Tech_Analysis,English,speech,reels,Instagram,,True,2025-09-14 00:00:00.000000,37.86,9.9,9.0,304.0,Channel Page,0.29,796658.0,31876.0,3724.0,130.0,47.8,summary,2025-09-14 17:01:41.084650,WS-TECH-ANALYSIS
YT0029331,- Vision Pro: Is This the FUTURE We Asked For? 🤯,source_391,source_391,True,Company_A,content_editor_03,Tech_Analysis,English,interview,shorts,Youtube,,True,2025-09-16 00:00:00.000000,52.13,32.61666666666667,67.65,215.0,Suggested,10.96,454044.0,65195.0,7848.0,2599.0,3167.7976666666664,key_moments,2025-09-16 12:19:59.442175,WS-TECH-ANALYSIS
YT0000660,- Don't Buy Vision Pro Until You See THIS! ❌,source_391,source_391,True,Company_A,content_editor_03,Lifestyle,English,interview,shorts,Youtube,,True,2025-09-16 00:00:00.000000,38.2,23.066666666666663,67.1,2.0,Search,15.34,1342168.0,14065.0,5883.0,1250.0,5803.633833333334,summary,2025-09-16 03:35:08.746428,WS-LIFESTYLE
YT0029327,- Apple Vision Pro Deep Dive: Hype vs. Reality 🧐,source_391,source_391,True,Company_A,content_editor_03,Tech_Analysis,English,special_report,shorts,Youtube,,True,2025-09-16 00:00:00.000000,57.27,25.23333333333333,41.95,618.0,Suggested,23.65,297092.0,81673.0,5588.0,286.0,1463.453166666667,my_key_moments,2025-09-16 03:50:40.745816,WS-TECH-ANALYSIS
YT0001047,- Vision Pro: My Honest Review (Is It Worth It?),source_391,source_391,True,Company_A,content_editor_03,Lifestyle,English,interview,shorts,Youtube,,True,2025-09-16 00:00:00.000000,29.09,15.4,56.07,31.0,Suggested,24.48,1025934.0,93080.0,4175.0,351.0,2251.3551666666667,key_moments,2025-09-16 04:09:08.390010,WS-LIFESTYLE
IG0029331,- Vision Pro: Is This the FUTURE We Asked For? 🤯,source_391,source_391,True,Company_A,content_editor_03,Tech_Analysis,English,interview,reels,Instagram,,True,2025-09-16 00:00:00.000000,52.13,32.61666666666667,57.0,133.0,Suggested,10.96,292444.0,33851.0,4876.0,1807.0,1162.99,key_moments,2025-09-16 04:29:57.027429,WS-TECH-ANALYSIS
IG0029327,- Apple Vision Pro Deep Dive: Hype vs. Reality 🧐,source_391,source_391,False,Company_A,content_editor_03,Tech_Analysis,English,speech,,,,False,2025-09-16 00:00:00.000000,57.27,,,,,,,,,,,summary,2025-09-16 02:01:50.778128,WS-TECH-ANALYSIS
IG0000660,- Don't Buy Vision Pro Until You See THIS! ❌,source_391,source_391,True,Company_A,content_editor_03,Lifestyle,English,speech,reels,Instagram,,True,2025-09-16 00:00:00.000000,38.2,23.066666666666663,77.0,3.0,Search,15.34,2832463.0,29146.0,8014.0,4336.0,9430.79,summary,2025-09-16 08:27:42.707960,WS-LIFESTYLE
IG0001047,- Vision Pro: My Honest Review (Is It Worth It?),source_391,source_391,False,Company_A,content_editor_03,Lifestyle,English,interview,,,,False,2025-09-16 00:00:00.000000,29.09,,,,,,,,,,,key_moments,2025-09-16 04:43:08.140938,WS-LIFESTYLE
YT0022931,- AI vs. Developer: Who Codes Better?,source_393,source_393,False,Company_A,content_editor_03,Tech_Analysis,English,news_bulletin,,,,False,2025-09-18 00:00:00.000000,41.17,,,,,,,,,,,summary,2025-09-18 03:51:32.418442,WS-TECH-ANALYSIS
IG0022931,- AI vs. Developer: Who Codes Better?,source_393,source_393,True,Company_A,content_editor_03,Tech_Analysis,English,speech,reels,Instagram,,True,2025-09-18 00:00:00.000000,41.17,8.35,3.0,448.0,Suggested,18.56,790457.0,68324.0,1456.0,1389.0,5.6,chapters,2025-09-18 01:26:48.604165,WS-TECH-ANALYSIS
YT0014439,- My Week in Chaos: Coffee Spills & Epic Fails!,source_394,source_394,False,Company_A,content_editor_03,Lifestyle,English,news_bulletin,,,,False,2025-09-19 00:00:00.000000,23.97,,,,,,,,,,,key_moments,2025-09-19 04:12:15.714857,WS-LIFESTYLE
YT0010543,- AI Coding Challenge: Can It Replace Me?,source_393,source_393,True,Company_A,content_editor_03,Tech_Analysis,English,speech,shorts,Youtube,,True,2025-09-19 00:00:00.000000,29.630000000000003,17.933333333333334,71.31,195.0,Channel Page,15.71,1971309.0,98938.0,6505.0,1348.0,5713.1455,my_key_moments,2025-09-19 00:52:46.599705,WS-TECH-ANALYSIS
IG0010543,- AI Coding Challenge: Can It Replace Me?,source_393,source_393,True,Company_A,content_editor_03,Tech_Analysis,English,speech,reels,Instagram,,True,2025-09-19 00:00:00.000000,29.630000000000003,17.933333333333334,63.0,131.0,Channel Page,15.71,938492.0,54175.0,5085.0,1168.0,1713.53,key_moments,2025-09-19 02:30:42.256276,WS-TECH-ANALYSIS
IG0014439,- My Week in Chaos: Coffee Spills & Epic Fails!,source_394,source_394,True,Company_A,content_editor_03,Lifestyle,English,special_report,reels,Instagram,,True,2025-09-19 00:00:00.000000,23.97,13.183333333333334,80.0,21.0,Shorts Feed,24.12,643061.0,5749.0,7280.0,7491.0,812.16,key_moments,2025-09-19 02:32:57.455994,WS-LIFESTYLE
YT0008232,- Living My Best (Chaotic) Life: A Week of Highs & Lows,source_394,source_394,True,Company_A,content_editor_03,Tech_Analysis,English,speech,shorts,Youtube,,True,2025-09-20 00:00:00.000000,67.84,59.0,97.46,417.0,Search,6.74,353894.0,77392.0,7396.0,1803.0,5062.650333333334,key_moments,2025-09-20 05:01:56.522389,WS-TECH-ANALYSIS
IG0008232,- Living My Best (Chaotic) Life: A Week of Highs & Lows,source_394,source_394,False,Company_A,content_editor_03,Tech_Analysis,English,news_bulletin,,,,False,2025-09-20 00:00:00.000000,67.84,,,,,,,,,,,key_moments,2025-09-20 17:59:47.211244,WS-TECH-ANALYSIS
YT0003939,- This Week Was a MESS! (But We Survived),source_394,source_394,True,Company_A,content_editor_03,Tech_Analysis,English,interview,shorts,Youtube,,True,2025-09-23 00:00:00.000000,48.23,23.416666666666664,47.9,149.0,Suggested,12.0,947887.0,70051.0,2375.0,173.0,4190.8893333333335,summary,2025-09-23 06:19:14.300924,WS-TECH-ANALYSIS
YT0007266,- Endgame Keyboards: My Search is Over!,source_395,source_395,True,Company_A,content_editor_03,Tech_Analysis,English,interview,shorts,Youtube,,True,2025-09-23 00:00:00.000000,38.31,26.016666666666666,79.44,556.0,Playlist,3.53,1023417.0,69522.0,4780.0,1462.0,5263.964333333333,key_moments,2025-09-23 12:44:36.356008,WS-TECH-ANALYSIS
YT0008330,- Level Up Your Game: Top Keyboard Picks!,source_395,source_395,True,Company_A,content_editor_03,Lifestyle,English,interview,shorts,Youtube,,True,2025-09-23 00:00:00.000000,37.620000000000005,22.666666666666664,67.05,249.0,Suggested,9.32,656009.0,7945.0,2105.0,2539.0,2763.741666666667,chapters,2025-09-23 06:42:08.602079,WS-LIFESTYLE
IG0003939,- This Week Was a MESS! (But We Survived),source_394,source_394,True,Company_A,content_editor_03,Tech_Analysis,English,news_bulletin,reels,Instagram,,True,2025-09-23 00:00:00.000000,48.23,23.416666666666664,44.0,88.0,Suggested,12.0,520558.0,45779.0,1859.0,123.0,1012.68,key_moments,2025-09-23 09:50:19.800443,WS-TECH-ANALYSIS
IG0007266,- Endgame Keyboards: My Search is Over!,source_395,source_395,True,Company_A,content_editor_03,Tech_Analysis,English,special_report,reels,Instagram,,True,2025-09-23 00:00:00.000000,38.31,26.016666666666666,73.0,425.0,Playlist,3.53,542560.0,28848.0,3616.0,1017.0,2037.19,summary,2025-09-23 17:40:20.140131,WS-TECH-ANALYSIS
IG0008330,- Level Up Your Game: Top Keyboard Picks!,source_395,source_395,True,Company_A,content_editor_03,Lifestyle,English,speech,reels,Instagram,,True,2025-09-23 00:00:00.000000,37.620000000000005,22.666666666666664,76.0,295.0,Suggested,9.32,984382.0,23121.0,3837.0,8511.0,3151.85,key_moments,2025-09-23 02:13:38.559087,WS-LIFESTYLE
YT0018034,- Unboxing & Testing 3 *HYPE* Keyboards!,source_395,source_395,True,Company_A,content_editor_03,Tech_Analysis,English,speech,shorts,Youtube,,True,2025-09-24 00:00:00.000000,21.17,12.016666666666666,73.2,78.0,Playlist,12.1,1009936.0,77210.0,5780.0,2362.0,1267.0956666666668,key_moments,2025-09-24 02:06:50.620144,WS-TECH-ANALYSIS
YT0009016,- Is This The PERFECT Keyboard?!,source_395,source_395,False,Company_A,content_editor_03,Tech_Analysis,English,news_bulletin,,,,False,2025-09-24 00:00:00.000000,35.72,,,,,,,,,,,key_moments,2025-09-24 06:49:48.452618,WS-TECH-ANALYSIS
YT0007301,- Gaming vs. Typing: Keyboard Showdown!,source_395,source_395,True,Company_A,content_editor_03,Tech_Analysis,English,interview,shorts,Youtube,,True,2025-09-24 00:00:00.000000,74.64,52.8,75.96,92.0,Notifications,1.87,725972.0,89670.0,3907.0,432.0,9135.147666666666,summary,2025-09-24 03:59:17.686499,WS-TECH-ANALYSIS
YT0020211,"- My Day in Chaos: Coffee, Cats & Culinary Fails!",source_396,source_396,False,Company_A,content_editor_03,Lifestyle,English,speech,,,,False,2025-09-24 00:00:00.000000,31.42,,,,,,,,,,,key_moments,2025-09-24 04:46:15.969294,WS-LIFESTYLE
IG0018034,- Unboxing & Testing 3 *HYPE* Keyboards!,source_395,source_395,False,Company_A,content_editor_03,Tech_Analysis,English,news_bulletin,,,,False,2025-09-24 00:00:00.000000,21.17,,,,,,,,,,,key_moments,2025-09-24 03:16:42.303130,WS-TECH-ANALYSIS
IG0009016,- Is This The PERFECT Keyboard?!,source_395,source_395,True,Company_A,content_editor_03,Tech_Analysis,English,interview,reels,Instagram,,True,2025-09-24 00:00:00.000000,35.72,14.233333333333334,27.0,340.0,Playlist,11.41,30692.0,51063.0,5076.0,1140.0,15.5,summary,2025-09-24 02:28:57.190097,WS-TECH-ANALYSIS
IG0007301,- Gaming vs. Typing: Keyboard Showdown!,source_395,source_395,True,Company_A,content_editor_03,Tech_Analysis,English,speech,reels,Instagram,,True,2025-09-24 00:00:00.000000,74.64,52.8,67.0,58.0,Notifications,1.87,474830.0,39421.0,2239.0,333.0,4003.21,summary,2025-09-24 14:37:39.146258,WS-TECH-ANALYSIS
IG0020211,"- My Day in Chaos: Coffee, Cats & Culinary Fails!",source_396,source_396,True,Company_A,content_editor_03,Lifestyle,English,interview,reels,Instagram,,True,2025-09-24 00:00:00.000000,31.42,9.2,13.0,528.0,Browse,24.73,2519523.0,172228.0,7766.0,3661.0,154.67,key_moments,2025-09-24 01:39:33.537605,WS-LIFESTYLE
YT0002766,- From Desk to Dinner: A Day in My Life!,source_396,source_396,True,Company_A,content_editor_03,Tech_Analysis,English,speech,shorts,Youtube,,True,2025-09-25 00:00:00.000000,66.44,27.933333333333334,39.72,397.0,Channel Page,5.42,100828.0,89694.0,5132.0,1880.0,572.2923333333333,key_moments,2025-09-25 06:55:36.734912,WS-TECH-ANALYSIS
IG0002766,- From Desk to Dinner: A Day in My Life!,source_396,source_396,False,Company_A,content_editor_03,Tech_Analysis,English,special_report,,,,False,2025-09-25 00:00:00.000000,66.44,,,,,,,,,,,key_moments,2025-09-25 06:05:02.720113,WS-TECH-ANALYSIS
YT0018863,- My Real Life: Morning Struggles to Evening Snuggles!,source_396,source_396,False,Company_A,content_editor_03,Tech_Analysis,English,interview,,,,False,2025-09-26 00:00:00.000000,29.130000000000003,,,,,,,,,,,key_moments,2025-09-26 01:07:51.524782,WS-TECH-ANALYSIS
YT0006180,"- WFH Life: The Good, The Bad & The Furry!",source_396,source_396,True,Company_A,content_editor_03,Tech_Analysis,English,interview,shorts,Youtube,,True,2025-09-26 00:00:00.000000,50.7,16.15,24.23,42.0,Channel Page,9.59,546338.0,89867.0,1754.0,68.0,1312.7288333333331,key_moments,2025-09-26 02:03:28.321849,WS-TECH-ANALYSIS
IG0018863,- My Real Life: Morning Struggles to Evening Snuggles!,source_396,source_396,False,Company_A,content_editor_03,Tech_Analysis,English,interview,,,,False,2025-09-26 00:00:00.000000,29.130000000000003,,,,,,,,,,,key_moments,2025-09-26 02:21:14.619520,WS-TECH-ANALYSIS
IG0006180,"- WFH Life: The Good, The Bad & The Furry!",source_396,source_396,True,Company_A,content_editor_03,Tech_Analysis,English,interview,reels,Instagram,,True,2025-09-26 00:00:00.000000,50.7,16.15,23.0,30.0,Channel Page,9.59,235643.0,48190.0,1198.0,37.0,130.23,key_moments,2025-09-26 06:17:01.380463,WS-TECH-ANALYSIS
YT0028595,"- My Day, Your Laughs: Join the Fun!",source_396,source_396,True,Company_A,content_editor_03,Tech_Analysis,English,speech,shorts,Youtube,,True,2025-09-27 00:00:00.000000,68.00999999999999,49.28333333333333,78.82,98.0,Shorts Feed,2.32,78500.0,71300.0,2966.0,1291.0,911.1088333333332,summary,2025-09-27 02:58:55.973607,WS-TECH-ANALYSIS
IG0028595,"- My Day, Your Laughs: Join the Fun!",source_396,source_396,True,Company_A,content_editor_03,Tech_Analysis,English,special_report,reels,Instagram,,True,2025-09-27 00:00:00.000000,68.00999999999999,49.28333333333333,69.0,71.0,Shorts Feed,2.32,38273.0,31384.0,1814.0,1111.0,306.51,my_key_moments,2025-09-27 03:44:07.004417,WS-TECH-ANALYSIS
YT0008958,"- Small Town Girl, Chaotic Life: My Week in a Nutshell!",source_397,source_397,True,Company_A,content_editor_03,Lifestyle,English,interview,shorts,Youtube,,True,2025-09-28 00:00:00.000000,25.4,11.266666666666666,36.22,654.0,Search,21.12,1778382.0,17244.0,5074.0,709.0,1860.7145,chapters,2025-09-28 01:14:46.667947,WS-LIFESTYLE
YT0026891,- iPhone 16: Upgrade or Overhyped? (1 Month Later...),source_398,source_398,True,Company_A,content_editor_03,Tech_Analysis,English,speech,shorts,Youtube,,True,2025-09-28 00:00:00.000000,72.33,49.65,73.52,522.0,Notifications,19.21,302074.0,68507.0,2064.0,2006.0,3536.7830000000004,key_moments,2025-09-29 01:42:49.302476,WS-TECH-ANALYSIS
YT0018093,- iPhone 16 Review: Save Your Money... Or Smash That Buy Button?,source_398,source_398,True,Company_A,content_editor_03,Tech_Analysis,English,speech,shorts,Youtube,,True,2025-09-28 00:00:00.000000,43.65,35.43333333333334,97.5,17.0,Playlist,21.07,795095.0,96041.0,1642.0,321.0,6169.348166666667,summary,2025-09-28 04:14:03.980466,WS-TECH-ANALYSIS
YT0017678,- Custom Keyboard Build: Beginner to Pro!,source_399,source_399,True,Company_A,content_editor_03,Tech_Analysis,English,special_report,shorts,Youtube,,True,2025-09-28 00:00:00.000000,44.99,7.883333333333333,1.28,45.0,Notifications,21.02,91046.0,87829.0,5786.0,516.0,9.694666666666668,full_package,2025-09-28 05:57:45.112106,WS-TECH-ANALYSIS
YT0004948,- Satisfying Keyboard Build ASMR,source_399,source_399,True,Company_A,content_editor_03,Tech_Analysis,English,news_bulletin,shorts,Youtube,,True,2025-09-28 00:00:00.000000,67.38,12.583333333333332,9.7,115.0,Notifications,15.79,82104.0,99233.0,1138.0,533.0,115.93383333333333,key_moments,2025-09-28 02:35:43.938233,WS-TECH-ANALYSIS
YT0016413,- My Unproductive Day in Paradise (GONE WRONG),source_400,source_400,False,Company_A,content_editor_03,Lifestyle,English,special_report,,,,False,2025-09-28 00:00:00.000000,25.79,,,,,,,,,,,key_moments,2025-09-28 02:22:23.120549,WS-LIFESTYLE
IG0026891,- iPhone 16: Upgrade or Overhyped? (1 Month Later...),source_398,source_398,True,Company_A,content_editor_03,Tech_Analysis,English,speech,reels,Instagram,,True,2025-09-28 00:00:00.000000,72.33,49.65,68.0,403.0,Notifications,19.21,192098.0,30295.0,1354.0,1311.0,1529.42,key_moments,2025-09-28 18:28:31.570868,WS-TECH-ANALYSIS
IG0018093,- iPhone 16 Review: Save Your Money... Or Smash That Buy Button?,source_398,source_398,True,Company_A,content_editor_03,Tech_Analysis,English,interview,reels,Instagram,,True,2025-09-28 00:00:00.000000,43.65,35.43333333333334,90.0,12.0,Playlist,21.07,427246.0,56878.0,1175.0,239.0,2983.6,key_moments,2025-09-28 00:51:47.600612,WS-TECH-ANALYSIS
IG0017678,- Custom Keyboard Build: Beginner to Pro!,source_399,source_399,True,Company_A,content_editor_03,Tech_Analysis,English,speech,reels,Instagram,,True,2025-09-28 00:00:00.000000,44.99,7.883333333333333,1.0,24.0,Notifications,21.02,60262.0,53054.0,4250.0,415.0,0.06,chapters,2025-09-28 04:59:55.934321,WS-TECH-ANALYSIS
IG0004948,- Satisfying Keyboard Build ASMR,source_399,source_399,True,Company_A,content_editor_03,Tech_Analysis,English,news_bulletin,reels,Instagram,,True,2025-09-28 00:00:00.000000,67.38,12.583333333333332,8.0,87.0,Notifications,15.79,40077.0,41116.0,822.0,353.0,4.53,summary,2025-09-28 01:31:03.147526,WS-TECH-ANALYSIS
IG0008958,"- Small Town Girl, Chaotic Life: My Week in a Nutshell!",source_397,source_397,True,Company_A,content_editor_03,Lifestyle,English,speech,reels,Instagram,,True,2025-09-28 00:00:00.000000,25.4,11.266666666666666,43.0,857.0,Search,21.12,3116602.0,33381.0,7635.0,2102.0,1402.18,chapters,2025-09-28 02:53:34.793872,WS-LIFESTYLE
IG0016413,- My Unproductive Day in Paradise (GONE WRONG),source_400,source_400,True,Company_A,content_editor_03,Lifestyle,English,special_report,reels,Instagram,,True,2025-09-28 00:00:00.000000,25.79,10.983333333333334,37.0,180.0,External,17.91,389916.0,227333.0,9905.0,1941.0,139.59,key_moments,2025-09-28 02:24:03.024958,WS-LIFESTYLE
YT0019280,- M3 MacBook Air: The TRUTH After 1 Week! 🤫,source_401,source_401,True,Company_A,content_editor_03,Tech_Analysis,English,special_report,shorts,Youtube,,True,2025-09-29 00:00:00.000000,47.34,33.45,80.24,326.0,Shorts Feed,3.0,1551308.0,72714.0,7298.0,1888.0,11182.345166666666,key_moments,2025-09-29 01:49:03.329016,WS-TECH-ANALYSIS
YT0024141,- From Smoothie Dreams to Pizza Reality: My Day of Fails,source_400,source_400,False,Company_A,content_editor_03,Lifestyle,English,interview,,,,False,2025-09-29 00:00:00.000000,26.04,,,,,,,,,,,key_moments,2025-09-29 04:06:54.132005,WS-LIFESTYLE
IG0019280,- M3 MacBook Air: The TRUTH After 1 Week! 🤫,source_401,source_401,True,Company_A,content_editor_03,Tech_Analysis,English,speech,reels,Instagram,,True,2025-09-29 00:00:00.000000,47.34,33.45,69.0,217.0,Shorts Feed,3.0,719245.0,46849.0,4783.0,1180.0,3577.34,chapters,2025-09-29 00:30:45.600851,WS-TECH-ANALYSIS
IG0024141,- From Smoothie Dreams to Pizza Reality: My Day of Fails,source_400,source_400,True,Company_A,content_editor_03,Lifestyle,English,speech,reels,Instagram,,True,2025-09-29 00:00:00.000000,26.04,14.916666666666668,86.0,425.0,Notifications,25.12,2468800.0,41678.0,9775.0,3084.0,4374.12,full_package,2025-09-29 03:06:27.951284,WS-LIFESTYLE
YT0026230,- M3 MacBook Air: Don't Buy It Until You See THIS! 🚫,source_401,source_401,True,Company_A,content_editor_03,Tech_Analysis,English,news_bulletin,shorts,Youtube,,True,2025-09-30 00:00:00.000000,56.67,43.45,86.27,335.0,External,21.45,496134.0,62539.0,2901.0,2163.0,4954.449333333334,summary,2025-09-30 03:43:16.536807,WS-TECH-ANALYSIS
YT0024440,- M3 MacBook Air vs M2: HUGE Difference or HYPE? 🤯,source_401,source_401,True,Company_A,content_editor_03,Tech_Analysis,English,special_report,shorts,Youtube,,True,2025-09-30 00:00:00.000000,28.53,19.433333333333334,88.2,393.0,Suggested,17.88,1221609.0,69869.0,4343.0,2503.0,4049.4076666666665,key_moments,2025-09-30 01:20:54.018747,WS-TECH-ANALYSIS
IG0026230,- M3 MacBook Air: Don't Buy It Until You See THIS! 🚫,source_401,source_401,True,Company_A,content_editor_03,Tech_Analysis,English,interview,reels,Instagram,,True,2025-09-30 00:00:00.000000,56.67,43.45,78.0,208.0,External,21.45,346733.0,30966.0,1629.0,1833.0,2700.76,full_package,2025-09-30 13:25:17.952731,WS-TECH-ANALYSIS
IG0024440,- M3 MacBook Air vs M2: HUGE Difference or HYPE? 🤯,source_401,source_401,True,Company_A,content_editor_03,Tech_Analysis,English,special_report,reels,Instagram,,True,2025-09-30 00:00:00.000000,28.53,19.433333333333334,81.0,295.0,Suggested,17.88,520267.0,28768.0,2835.0,1897.0,1396.92,chapters,2025-09-30 02:29:10.071372,WS-TECH-ANALYSIS
YT0028533,- M3 MacBook Air: The ULTIMATE Review You NEED! ✅,source_401,source_401,True,Company_A,content_editor_03,Tech_Analysis,English,interview,shorts,Youtube,,True,2025-10-01 00:00:00.000000,45.16,12.85,17.74,372.0,Playlist,2.18,1775938.0,83484.0,178.0,484.0,2639.2411666666667,full_package,2025-10-01 03:18:28.361645,WS-TECH-ANALYSIS
IG0028533,- M3 MacBook Air: The ULTIMATE Review You NEED! ✅,source_401,source_401,True,Company_A,content_editor_03,Tech_Analysis,English,interview,reels,Instagram,,True,2025-10-01 00:00:00.000000,45.16,12.85,15.0,220.0,Playlist,2.18,1226834.0,54219.0,121.0,396.0,273.48,chapters,2025-10-01 02:29:26.118618,WS-TECH-ANALYSIS
YT0007282,- My Day Went Totally Off the Rails!,source_402,source_402,False,Company_A,content_editor_03,Lifestyle,English,interview,,,,False,2025-10-03 00:00:00.000000,25.74,,,,,,,,,,,key_moments,2025-10-03 03:44:50.359379,WS-LIFESTYLE
YT0019014,- From Workout Fail to Thrift Store Thrills!,source_402,source_402,True,Company_A,content_editor_03,Tech_Analysis,English,speech,shorts,Youtube,,True,2025-10-03 00:00:00.000000,66.14,22.95,30.21,30.0,Search,11.45,1191202.0,74166.0,3073.0,193.0,5112.242,summary,2025-10-03 11:23:27.028604,WS-TECH-ANALYSIS
YT0002619,- Chaos & Coffee: A Day in My Unpredictable Life,source_402,source_402,True,Company_A,content_editor_03,Lifestyle,English,interview,shorts,Youtube,,True,2025-10-03 00:00:00.000000,23.65,13.466666666666669,68.98,123.0,Shorts Feed,9.91,1152027.0,93672.0,6940.0,2319.0,1909.378,my_key_moments,2025-10-04 04:55:30.076138,WS-LIFESTYLE
YT0021121,- M3 MacBook Air: Is It REALLY Better Than the Pro? 🍎,source_401,source_401,True,Company_A,content_editor_03,Tech_Analysis,English,interview,shorts,Youtube,,True,2025-10-03 00:00:00.000000,74.75999999999999,47.96666666666667,67.72,338.0,Suggested,22.0,475136.0,84377.0,7491.0,831.0,5340.880666666667,key_moments,2025-10-03 07:15:47.133569,WS-TECH-ANALYSIS
YT0018826,- Flour Power & Sister Shenanigans!,source_402,source_402,True,Company_A,content_editor_03,Tech_Analysis,English,interview,shorts,Youtube,,True,2025-10-03 00:00:00.000000,68.55,31.966666666666665,45.69,614.0,Search,18.79,404798.0,61808.0,5953.0,1859.0,2751.1271666666667,key_moments,2025-10-03 09:33:05.096188,WS-TECH-ANALYSIS
IG0019014,- From Workout Fail to Thrift Store Thrills!,source_402,source_402,False,Company_A,content_editor_03,Tech_Analysis,English,news_bulletin,,,,False,2025-10-03 00:00:00.000000,66.14,,,,,,,,,,,key_moments,2025-10-03 15:47:27.383344,WS-TECH-ANALYSIS
IG0021121,- M3 MacBook Air: Is It REALLY Better Than the Pro? 🍎,source_401,source_401,False,Company_A,content_editor_03,Tech_Analysis,English,speech,,,,False,2025-10-03 00:00:00.000000,74.75999999999999,,,,,,,,,,,summary,2025-10-03 04:52:52.322306,WS-TECH-ANALYSIS
IG0018826,- Flour Power & Sister Shenanigans!,source_402,source_402,True,Company_A,content_editor_03,Tech_Analysis,English,interview,reels,Instagram,,True,2025-10-03 00:00:00.000000,68.55,31.966666666666665,38.0,452.0,Search,18.79,254767.0,28308.0,3941.0,1122.0,657.96,summary,2025-10-03 14:02:53.559767,WS-TECH-ANALYSIS
IG0007282,- My Day Went Totally Off the Rails!,source_402,source_402,False,Company_A,content_editor_03,Lifestyle,English,interview,,,,False,2025-10-03 00:00:00.000000,25.74,,,,,,,,,,,key_moments,2025-10-03 07:32:23.812300,WS-LIFESTYLE
IG0002619,- Chaos & Coffee: A Day in My Unpredictable Life,source_402,source_402,False,Company_A,content_editor_03,Lifestyle,English,special_report,,,,False,2025-10-03 00:00:00.000000,23.65,,,,,,,,,,,key_moments,2025-10-03 04:29:18.045420,WS-LIFESTYLE
YT0016352,"- My Dog, My Sister, & a Whole Lotta Mayhem",source_402,source_402,False,Company_A,content_editor_03,Lifestyle,English,interview,,,,False,2025-10-04 00:00:00.000000,37.41,,,,,,,,,,,full_package,2025-10-04 05:17:38.268209,WS-LIFESTYLE
YT0012067,- Just Another Day of Mini-Disasters (But I Survived!),source_402,source_402,True,Company_A,content_editor_03,Tech_Analysis,English,special_report,shorts,Youtube,,True,2025-10-04 00:00:00.000000,39.370000000000005,17.8,42.27,620.0,Suggested,28.34,968865.0,94642.0,479.0,108.0,2772.0305,chapters,2025-10-04 00:55:53.802028,WS-TECH-ANALYSIS
YT0024531,- My Day Went Totally OFF THE RAILS! 🤪,source_403,source_403,True,Company_A,content_editor_03,Lifestyle,English,special_report,shorts,Youtube,,True,2025-10-04 00:00:00.000000,32.379999999999995,22.03333333333333,83.62,25.0,Notifications,26.67,486481.0,8425.0,7159.0,2977.0,1963.9418333333333,key_moments,2025-10-04 05:03:10.939036,WS-LIFESTYLE
IG0012067,- Just Another Day of Mini-Disasters (But I Survived!),source_402,source_402,True,Company_A,content_editor_03,Tech_Analysis,English,news_bulletin,reels,Instagram,,True,2025-10-04 00:00:00.000000,39.370000000000005,17.8,39.0,439.0,Suggested,28.34,593736.0,55908.0,302.0,93.0,662.51,key_moments,2025-10-04 01:09:48.028886,WS-TECH-ANALYSIS
IG0016352,"- My Dog, My Sister, & a Whole Lotta Mayhem",source_402,source_402,True,Company_A,content_editor_03,Lifestyle,English,interview,reels,Instagram,,True,2025-10-04 00:00:00.000000,37.41,15.833333333333334,42.0,692.0,Channel Page,11.24,4185072.0,8431.0,9791.0,7119.0,4068.82,key_moments,2025-10-04 01:05:23.612891,WS-LIFESTYLE
IG0024531,- My Day Went Totally OFF THE RAILS! 🤪,source_403,source_403,True,Company_A,content_editor_03,Lifestyle,English,speech,reels,Instagram,,True,2025-10-04 00:00:00.000000,32.379999999999995,22.03333333333333,93.0,28.0,Notifications,26.67,920696.0,17017.0,10287.0,6558.0,3456.7,summary,2025-10-04 04:40:02.558354,WS-LIFESTYLE
YT0006692,- From To-Do List to Total Chaos: A Day in My Life,source_403,source_403,True,Company_A,content_editor_03,Tech_Analysis,English,interview,shorts,Youtube,,True,2025-10-05 00:00:00.000000,19.2,9.45,46.43,153.0,Notifications,0.21,125616.0,74277.0,7195.0,2275.0,68.042,key_moments,2025-10-05 01:38:25.979607,WS-TECH-ANALYSIS
YT0018803,- Power Outage & $5 Finds: My Unexpected Day!,source_403,source_403,True,Company_A,content_editor_03,Tech_Analysis,English,news_bulletin,shorts,Youtube,,True,2025-10-05 00:00:00.000000,35.32,11.05,17.47,310.0,Shorts Feed,20.18,1380957.0,76235.0,2022.0,2375.0,1361.7769999999998,key_moments,2025-10-05 03:58:38.282333,WS-TECH-ANALYSIS
YT0023797,"- Plant Parent Life: Chaos, Cuteness, and a Monstera Emergency!",source_404,source_404,False,Company_A,content_editor_03,Lifestyle,English,news_bulletin,,,,False,2025-10-05 00:00:00.000000,39.13,,,,,,,,,,,chapters,2025-10-05 04:28:06.426181,WS-LIFESTYLE
IG0006692,- From To-Do List to Total Chaos: A Day in My Life,source_403,source_403,False,Company_A,content_editor_03,Tech_Analysis,English,speech,,,,False,2025-10-05 00:00:00.000000,19.2,,,,,,,,,,,full_package,2025-10-05 04:37:50.953392,WS-TECH-ANALYSIS
IG0018803,- Power Outage & $5 Finds: My Unexpected Day!,source_403,source_403,False,Company_A,content_editor_03,Tech_Analysis,English,special_report,,,,False,2025-10-05 00:00:00.000000,35.32,,,,,,,,,,,summary,2025-10-05 01:56:26.160223,WS-TECH-ANALYSIS
IG0023797,"- Plant Parent Life: Chaos, Cuteness, and a Monstera Emergency!",source_404,source_404,True,Company_A,content_editor_03,Lifestyle,English,interview,reels,Instagram,,True,2025-10-05 00:00:00.000000,39.13,12.95,26.0,289.0,Suggested,0.13,3703374.0,262701.0,7747.0,4063.0,1457.69,key_moments,2025-10-05 08:12:32.670516,WS-LIFESTYLE
YT0017444,- My Plants Are Taking Over! (A Day in My Life),source_404,source_404,True,Company_A,content_editor_03,Tech_Analysis,English,speech,shorts,Youtube,,True,2025-10-06 00:00:00.000000,20.49,10.6,56.47,299.0,Notifications,17.3,901072.0,74752.0,3337.0,1105.0,775.9231666666667,summary,2025-10-06 03:43:27.845456,WS-TECH-ANALYSIS
IG0017444,- My Plants Are Taking Over! (A Day in My Life),source_404,source_404,False,Company_A,content_editor_03,Tech_Analysis,English,speech,,,,False,2025-10-06 00:00:00.000000,20.49,,,,,,,,,,,my_key_moments,2025-10-06 05:41:33.110382,WS-TECH-ANALYSIS
YT0006100,"- Addicted to Houseplants: A Day of Watering, Worrying, and Winning!",source_404,source_404,True,Company_A,content_editor_03,Lifestyle,English,interview,shorts,Youtube,,True,2025-10-07 00:00:00.000000,16.91,9.383333333333333,98.6,254.0,Browse,15.48,1444780.0,86676.0,7088.0,2606.0,755.8340000000001,full_package,2025-10-07 01:32:09.384545,WS-LIFESTYLE
YT0009437,- Send Help! My Plant Obsession is Real (Day in the Life),source_404,source_404,True,Company_A,content_editor_03,Tech_Analysis,English,special_report,shorts,Youtube,,True,2025-10-07 00:00:00.000000,62.44,12.95,11.49,43.0,Browse,6.47,1883246.0,96967.0,3015.0,2996.0,2851.025166666667,chapters,2025-10-07 03:28:05.477403,WS-TECH-ANALYSIS
YT0019263,- From Seedlings to Stir-Fry: My Plant-Filled Day,source_404,source_404,True,Company_A,content_editor_03,Tech_Analysis,English,special_report,shorts,Youtube,,True,2025-10-07 00:00:00.000000,57.42,42.2,81.8,502.0,Channel Page,23.25,516340.0,71612.0,7380.0,3.0,4976.943833333334,key_moments,2025-10-07 09:37:21.895189,WS-TECH-ANALYSIS
IG0009437,- Send Help! My Plant Obsession is Real (Day in the Life),source_404,source_404,True,Company_A,content_editor_03,Tech_Analysis,English,speech,reels,Instagram,,True,2025-10-07 00:00:00.000000,62.44,12.95,9.0,23.0,Browse,6.47,1144265.0,55887.0,1683.0,2300.0,155.91,summary,2025-10-07 08:41:32.245274,WS-TECH-ANALYSIS
IG0019263,- From Seedlings to Stir-Fry: My Plant-Filled Day,source_404,source_404,True,Company_A,content_editor_03,Tech_Analysis,English,speech,reels,Instagram,,True,2025-10-07 00:00:00.000000,57.42,42.2,72.0,378.0,Channel Page,23.25,231457.0,31986.0,4702.0,2.0,1606.31,key_moments,2025-10-07 02:06:49.474079,WS-TECH-ANALYSIS
IG0006100,"- Addicted to Houseplants: A Day of Watering, Worrying, and Winning!",source_404,source_404,True,Company_A,content_editor_03,Lifestyle,English,speech,reels,Instagram,,True,2025-10-07 00:00:00.000000,16.91,9.383333333333333,100.0,301.0,Browse,15.48,2926313.0,201010.0,13210.0,6976.0,1791.15,key_moments,2025-10-07 02:35:07.138200,WS-LIFESTYLE
YT0029292,- Apple Vision Pro: Reality Check! 😳,source_405,source_405,True,Company_A,content_editor_03,Tech_Analysis,English,speech,shorts,Youtube,,True,2025-10-08 00:00:00.000000,34.66,26.066666666666663,94.44,348.0,Browse,7.5,1813449.0,69822.0,6954.0,247.0,9352.695333333331,summary,2025-10-08 01:48:49.163425,WS-TECH-ANALYSIS
YT0010980,- Apple Vision Pro: The TRUTH After 1 Week!,source_405,source_405,True,Company_A,content_editor_03,Lifestyle,English,interview,shorts,Youtube,,True,2025-10-08 00:00:00.000000,23.78,9.266666666666666,20.12,515.0,Shorts Feed,15.73,778682.0,93472.0,6661.0,1240.0,382.131,my_key_moments,2025-10-08 02:21:57.287077,WS-LIFESTYLE
YT0009007,- Vision Pro: Future or FANTASY? 🤯,source_405,source_405,True,Company_A,content_editor_03,Lifestyle,English,interview,shorts,Youtube,,True,2025-10-08 00:00:00.000000,37.04,10.916666666666666,15.5,346.0,Browse,26.44,841568.0,85319.0,7957.0,1671.0,798.7103333333333,chapters,2025-10-08 01:18:21.935225,WS-LIFESTYLE
YT0012384,- Is This Normal? A Day in My Life as a Crazy Plant Person,source_404,source_404,True,Company_A,content_editor_03,Tech_Analysis,English,interview,shorts,Youtube,,True,2025-10-08 00:00:00.000000,50.07,27.75,57.74,394.0,Shorts Feed,13.91,1155766.0,89848.0,7311.0,551.0,6501.183666666667,chapters,2025-10-08 03:34:53.038424,WS-TECH-ANALYSIS
IG0029292,- Apple Vision Pro: Reality Check! 😳,source_405,source_405,True,Company_A,content_editor_03,Tech_Analysis,English,speech,reels,Instagram,,True,2025-10-08 00:00:00.000000,34.66,26.066666666666663,84.0,223.0,Browse,7.5,1188960.0,31880.0,5083.0,201.0,5150.84,summary,2025-10-08 06:38:16.665375,WS-TECH-ANALYSIS
IG0012384,- Is This Normal? A Day in My Life as a Crazy Plant Person,source_404,source_404,True,Company_A,content_editor_03,Tech_Analysis,English,special_report,reels,Instagram,,True,2025-10-08 00:00:00.000000,50.07,27.75,47.0,245.0,Shorts Feed,13.91,718491.0,57675.0,3966.0,409.0,1899.51,full_package,2025-10-08 02:08:04.350941,WS-TECH-ANALYSIS
IG0010980,- Apple Vision Pro: The TRUTH After 1 Week!,source_405,source_405,False,Company_A,content_editor_03,Lifestyle,English,special_report,,,,False,2025-10-08 00:00:00.000000,23.78,,,,,,,,,,,full_package,2025-10-08 03:43:13.147298,WS-LIFESTYLE
IG0009007,- Vision Pro: Future or FANTASY? 🤯,source_405,source_405,False,Company_A,content_editor_03,Lifestyle,English,interview,,,,False,2025-10-08 00:00:00.000000,37.04,,,,,,,,,,,key_moments,2025-10-08 03:21:11.284864,WS-LIFESTYLE
YT0000662,"- Tokyo Solo Trip: Lost in Translation, Found Myself",source_406,source_406,True,Company_A,content_editor_03,Lifestyle,English,interview,shorts,Youtube,,True,2025-10-09 00:00:00.000000,38.91,12.116666666666667,19.31,299.0,Channel Page,4.65,1452087.0,93073.0,5124.0,1588.0,1862.1671666666664,chapters,2025-10-09 09:18:12.555554,WS-LIFESTYLE
IG0000662,"- Tokyo Solo Trip: Lost in Translation, Found Myself",source_406,source_406,False,Company_A,content_editor_03,Lifestyle,English,special_report,,,,False,2025-10-09 00:00:00.000000,38.91,,,,,,,,,,,full_package,2025-10-09 02:27:08.231727,WS-LIFESTYLE
YT0007599,- I Survived Tokyo (and the Subway): Solo Adventure!,source_406,source_406,True,Company_A,content_editor_03,Lifestyle,English,interview,shorts,Youtube,,True,2025-10-11 00:00:00.000000,20.24,8.1,11.45,348.0,Notifications,14.8,1252164.0,15904.0,3620.0,877.0,208.694,full_package,2025-10-11 02:31:28.913013,WS-LIFESTYLE
IG0007599,- I Survived Tokyo (and the Subway): Solo Adventure!,source_406,source_406,True,Company_A,content_editor_03,Lifestyle,English,interview,reels,Instagram,,True,2025-10-11 00:00:00.000000,20.24,8.1,13.0,388.0,Notifications,14.8,2313635.0,40730.0,7232.0,2930.0,50.13,key_moments,2025-10-11 02:01:58.543289,WS-LIFESTYLE
YT0008440,- From Narita to Harajuku: Tokyo Solo Adventure,source_406,source_406,True,Company_A,content_editor_03,Tech_Analysis,English,speech,shorts,Youtube,,True,2025-10-12 00:00:00.000000,32.89,10.916666666666666,19.1,356.0,Suggested,28.52,626490.0,81713.0,1704.0,463.0,594.5853333333333,full_package,2025-10-12 01:36:36.304681,WS-TECH-ANALYSIS
IG0008440,- From Narita to Harajuku: Tokyo Solo Adventure,source_406,source_406,False,Company_A,content_editor_03,Tech_Analysis,English,special_report,,,,False,2025-10-12 00:00:00.000000,32.89,,,,,,,,,,,chapters,2025-10-12 06:06:29.744811,WS-TECH-ANALYSIS
YT0024313,- First Time Solo in Tokyo: Would I Do It Again?,source_406,source_406,False,Company_A,content_editor_03,Tech_Analysis,English,special_report,,,,False,2025-10-13 00:00:00.000000,25.09,,,,,,,,,,,key_moments,2025-10-13 03:35:24.691731,WS-TECH-ANALYSIS
YT0010030,- ARM vs. x86: The *REAL* Laptop Battle!,source_407,source_407,False,Company_A,content_editor_03,Tech_Analysis,English,special_report,,,,False,2025-10-13 00:00:00.000000,53.68,,,,,,,,,,,key_moments,2025-10-13 04:10:45.457140,WS-TECH-ANALYSIS
IG0024313,- First Time Solo in Tokyo: Would I Do It Again?,source_406,source_406,True,Company_A,content_editor_03,Tech_Analysis,English,speech,reels,Instagram,,True,2025-10-13 00:00:00.000000,25.09,9.666666666666666,20.0,53.0,Browse,20.29,484323.0,38617.0,3715.0,115.0,58.3,summary,2025-10-13 11:05:22.542190,WS-TECH-ANALYSIS
IG0010030,- ARM vs. x86: The *REAL* Laptop Battle!,source_407,source_407,True,Company_A,content_editor_03,Tech_Analysis,English,interview,reels,Instagram,,True,2025-10-13 00:00:00.000000,53.68,41.266666666666666,80.0,514.0,Search,26.41,720237.0,35831.0,2275.0,756.0,5404.45,key_moments,2025-10-13 11:36:39.851518,WS-TECH-ANALYSIS
YT0022010,- Laptops are CHANGING! (ARM vs. x86 Deep Dive),source_407,source_407,True,Company_A,content_editor_03,Tech_Analysis,English,speech,shorts,Youtube,,True,2025-10-14 00:00:00.000000,36.38,10.966666666666669,16.21,280.0,Notifications,14.05,1417139.0,87747.0,5254.0,719.0,1364.6523333333332,key_moments,2025-10-14 01:04:18.354357,WS-TECH-ANALYSIS
IG0022010,- Laptops are CHANGING! (ARM vs. x86 Deep Dive),source_407,source_407,False,Company_A,content_editor_03,Tech_Analysis,English,news_bulletin,,,,False,2025-10-14 00:00:00.000000,36.38,,,,,,,,,,,chapters,2025-10-14 06:42:59.277026,WS-TECH-ANALYSIS
YT0014874,"- Doctor, Thrift Store & Baking Fails! 🤪",source_409,source_409,False,Company_A,content_editor_03,Lifestyle,English,speech,,,,False,2025-10-15 00:00:00.000000,22.33,,,,,,,,,,,summary,2025-10-15 04:47:28.854701,WS-LIFESTYLE
YT0009465,- Apple Vision Pro: Hype or the Future? (A Developer's Honest Review),source_408,source_408,True,Company_A,content_editor_03,Tech_Analysis,English,special_report,shorts,Youtube,,True,2025-10-15 00:00:00.000000,41.0,16.416666666666664,34.29,175.0,Browse,29.53,1340848.0,78485.0,1088.0,1305.0,3321.081833333333,my_key_moments,2025-10-15 02:45:53.810147,WS-TECH-ANALYSIS
YT0010435,- Vision Pro: $3500 Well Spent? My Developer Take,source_408,source_408,False,Company_A,content_editor_03,Tech_Analysis,English,speech,,,,False,2025-10-15 00:00:00.000000,63.63,,,,,,,,,,,summary,2025-10-15 05:11:55.932308,WS-TECH-ANALYSIS
YT0007414,- Future Laptops: Are You Team ARM or x86?,source_407,source_407,True,Company_A,content_editor_03,Tech_Analysis,English,special_report,shorts,Youtube,,True,2025-10-15 00:00:00.000000,38.44,17.05,40.74,178.0,Suggested,25.87,1326571.0,84580.0,3133.0,1507.0,3519.098,chapters,2025-10-15 01:00:18.724510,WS-TECH-ANALYSIS
IG0009465,- Apple Vision Pro: Hype or the Future? (A Developer's Honest Review),source_408,source_408,False,Company_A,content_editor_03,Tech_Analysis,English,special_report,,,,False,2025-10-15 00:00:00.000000,41.0,,,,,,,,,,,summary,2025-10-15 12:53:21.977683,WS-TECH-ANALYSIS
IG0010435,- Vision Pro: $3500 Well Spent? My Developer Take,source_408,source_408,True,Company_A,content_editor_03,Tech_Analysis,English,special_report,reels,Instagram,,True,2025-10-15 00:00:00.000000,63.63,45.266666666666666,70.0,85.0,Channel Page,17.99,1084447.0,56172.0,2763.0,1489.0,7963.66,full_package,2025-10-15 06:02:20.643569,WS-TECH-ANALYSIS
IG0007414,- Future Laptops: Are You Team ARM or x86?,source_407,source_407,True,Company_A,content_editor_03,Tech_Analysis,English,interview,reels,Instagram,,True,2025-10-15 00:00:00.000000,38.44,17.05,39.0,139.0,Suggested,25.87,888623.0,44720.0,2096.0,1289.0,919.35,chapters,2025-10-15 02:00:07.124212,WS-TECH-ANALYSIS
IG0014874,"- Doctor, Thrift Store & Baking Fails! 🤪",source_409,source_409,False,Company_A,content_editor_03,Lifestyle,English,interview,,,,False,2025-10-15 00:00:00.000000,22.33,,,,,,,,,,,full_package,2025-10-15 02:30:15.091705,WS-LIFESTYLE
YT0010053,- My Day: Doctor's Visit to Baking Disaster!,source_409,source_409,True,Company_A,content_editor_03,Tech_Analysis,English,special_report,shorts,Youtube,,True,2025-10-16 00:00:00.000000,70.03999999999999,38.13333333333333,55.66,525.0,External,22.43,1304929.0,87595.0,777.0,447.0,11103.979166666666,key_moments,2025-10-16 01:01:26.623602,WS-TECH-ANALYSIS
YT0021993,- Thrift Store Treasures & Baking Nightmares!,source_409,source_409,True,Company_A,content_editor_03,Tech_Analysis,English,interview,shorts,Youtube,,True,2025-10-16 00:00:00.000000,21.07,10.116666666666667,43.11,31.0,External,11.8,866703.0,80308.0,1451.0,2040.0,629.9646666666666,key_moments,2025-10-16 03:06:41.664762,WS-TECH-ANALYSIS
YT0012742,- Come Thrifting & Baking With Me! (Spoiler: It's a Mess),source_409,source_409,True,Company_A,content_editor_03,Tech_Analysis,English,special_report,shorts,Youtube,,True,2025-10-16 00:00:00.000000,23.95,8.866666666666667,15.27,696.0,Notifications,19.53,1790081.0,64243.0,4414.0,2673.0,679.5678333333333,chapters,2025-10-16 02:43:06.879135,WS-TECH-ANALYSIS
IG0010053,- My Day: Doctor's Visit to Baking Disaster!,source_409,source_409,True,Company_A,content_editor_03,Tech_Analysis,English,special_report,reels,Instagram,,True,2025-10-16 00:00:00.000000,70.03999999999999,38.13333333333333,47.0,412.0,External,22.43,675327.0,48798.0,454.0,387.0,2700.87,key_moments,2025-10-16 01:23:08.523114,WS-TECH-ANALYSIS
IG0021993,- Thrift Store Treasures & Baking Nightmares!,source_409,source_409,True,Company_A,content_editor_03,Tech_Analysis,English,news_bulletin,reels,Instagram,,True,2025-10-16 00:00:00.000000,21.07,10.116666666666667,37.0,24.0,External,11.8,478638.0,54210.0,986.0,1712.0,128.72,key_moments,2025-10-16 07:26:45.041716,WS-TECH-ANALYSIS
IG0012742,- Come Thrifting & Baking With Me! (Spoiler: It's a Mess),source_409,source_409,True,Company_A,content_editor_03,Tech_Analysis,English,interview,reels,Instagram,,True,2025-10-16 00:00:00.000000,23.95,8.866666666666667,12.0,550.0,Notifications,19.53,986787.0,41003.0,3501.0,2213.0,44.95,key_moments,2025-10-16 11:06:31.461080,WS-TECH-ANALYSIS
YT0007129,- Doctor's Orders & Baking Borders! 🤣,source_409,source_409,True,Company_A,content_editor_03,Tech_Analysis,English,special_report,shorts,Youtube,,True,2025-10-17 00:00:00.000000,45.620000000000005,28.2,67.6,239.0,Channel Page,17.48,1829107.0,69018.0,7821.0,1560.0,10517.365333333331,summary,2025-10-17 03:54:48.231656,WS-TECH-ANALYSIS
YT0004492,"- A Day in My Life: The Good, the Bad, and the Burnt Cake",source_409,source_409,False,Company_A,content_editor_03,Lifestyle,English,special_report,,,,False,2025-10-17 00:00:00.000000,20.67,,,,,,,,,,,summary,2025-10-17 03:07:56.384823,WS-LIFESTYLE
YT0020212,"- Thrifting, Baking & Everything in Between!",source_409,source_409,True,Company_A,content_editor_03,Tech_Analysis,English,interview,shorts,Youtube,,True,2025-10-17 00:00:00.000000,18.29,8.266666666666667,23.3,173.0,Shorts Feed,14.22,1267570.0,72689.0,2914.0,508.0,269.9455,full_package,2025-10-17 05:39:53.493182,WS-TECH-ANALYSIS
IG0007129,- Doctor's Orders & Baking Borders! 🤣,source_409,source_409,True,Company_A,content_editor_03,Tech_Analysis,English,interview,reels,Instagram,,True,2025-10-17 00:00:00.000000,45.620000000000005,28.2,57.0,161.0,Channel Page,17.48,1249987.0,35890.0,5540.0,930.0,4096.83,full_package,2025-10-17 03:56:15.527135,WS-TECH-ANALYSIS
IG0020212,"- Thrifting, Baking & Everything in Between!",source_409,source_409,True,Company_A,content_editor_03,Tech_Analysis,English,interview,reels,Instagram,,True,2025-10-17 00:00:00.000000,18.29,8.266666666666667,20.0,111.0,Shorts Feed,14.22,625691.0,43855.0,1484.0,364.0,26.65,key_moments,2025-10-17 01:40:58.636856,WS-TECH-ANALYSIS
IG0004492,"- A Day in My Life: The Good, the Bad, and the Burnt Cake",source_409,source_409,True,Company_A,content_editor_03,Lifestyle,English,interview,reels,Instagram,,True,2025-10-17 00:00:00.000000,20.67,12.75,100.0,349.0,Notifications,13.81,2579430.0,31177.0,4486.0,2784.0,4024.99,key_moments,2025-10-17 02:22:22.774324,WS-LIFESTYLE
YT0026194,- Baking Fail: My Cake Sank! 😭,source_409,source_409,True,Company_A,content_editor_03,Tech_Analysis,English,interview,shorts,Youtube,,True,2025-10-19 00:00:00.000000,51.73,29.15,58.94,489.0,Suggested,22.74,653630.0,64869.0,2628.0,1990.0,3930.8581666666655,chapters,2025-10-19 03:09:19.784024,WS-TECH-ANALYSIS
YT0010424,- iPhone 16 Pro Max: Worth the Hype?! (Real Review),source_410,source_410,True,Company_A,content_editor_03,Tech_Analysis,English,special_report,shorts,Youtube,,True,2025-10-19 00:00:00.000000,69.38,31.53333333333333,44.2,590.0,Browse,16.09,620280.0,64400.0,5065.0,2016.0,4140.943333333334,chapters,2025-10-19 04:52:42.702586,WS-TECH-ANALYSIS
IG0026194,- Baking Fail: My Cake Sank! 😭,source_409,source_409,True,Company_A,content_editor_03,Tech_Analysis,English,special_report,reels,Instagram,,True,2025-10-19 00:00:00.000000,51.73,29.15,54.0,325.0,Suggested,22.74,331276.0,34396.0,1948.0,1387.0,1075.82,chapters,2025-10-19 04:01:47.961691,WS-TECH-ANALYSIS
IG0010424,- iPhone 16 Pro Max: Worth the Hype?! (Real Review),source_410,source_410,True,Company_A,content_editor_03,Tech_Analysis,English,interview,reels,Instagram,,True,2025-10-19 00:00:00.000000,69.38,31.53333333333333,37.0,343.0,Browse,16.09,336520.0,43582.0,3555.0,1149.0,831.24,key_moments,2025-10-19 04:43:59.321637,WS-TECH-ANALYSIS
YT0017913,- My Week Went Totally Off The Rails (Kitchen Fires & Questionable DIY),source_413,source_413,False,Company_A,content_editor_03,Lifestyle,English,interview,,,,False,2025-10-20 00:00:00.000000,21.85,,,,,,,,,,,key_moments,2025-10-20 01:10:51.899482,WS-LIFESTYLE
YT0023291,- Chaos Vlog: Thrift Store Haul Turned Epic Fail (or Win?),source_413,source_413,True,Company_A,content_editor_03,Tech_Analysis,English,interview,shorts,Youtube,,True,2025-10-20 00:00:00.000000,51.66,37.6,82.11,428.0,Playlist,5.26,300391.0,76833.0,2841.0,2100.0,2511.6025,key_moments,2025-10-20 06:48:37.873982,WS-TECH-ANALYSIS
YT0010901,- iPhone 16: Worth the Upgrade? (1 Month Later...),source_411,source_411,True,Company_A,content_editor_03,Tech_Analysis,English,special_report,shorts,Youtube,,True,2025-10-20 00:00:00.000000,72.92,48.6,70.96,245.0,Playlist,1.42,100614.0,69851.0,656.0,2729.0,1148.6765,key_moments,2025-10-20 04:00:39.404800,WS-TECH-ANALYSIS
YT0009473,- iPhone 16 Review: Don't Buy It Until You See This!,source_411,source_411,False,Company_A,content_editor_03,Lifestyle,English,interview,,,,False,2025-10-20 00:00:00.000000,17.4,,,,,,,,,,,key_moments,2025-10-21 06:49:45.043601,WS-LIFESTYLE
YT0011858,- Vision Pro: $3500 for...Neck Pain?!,source_412,source_412,True,Company_A,content_editor_03,Tech_Analysis,English,special_report,shorts,Youtube,,True,2025-10-20 00:00:00.000000,71.02000000000001,63.16666666666666,99.37,391.0,Search,4.55,1638979.0,85368.0,7379.0,466.0,25343.4715,chapters,2025-10-20 02:56:00.500896,WS-TECH-ANALYSIS
IG0023291,- Chaos Vlog: Thrift Store Haul Turned Epic Fail (or Win?),source_413,source_413,True,Company_A,content_editor_03,Tech_Analysis,English,interview,reels,Instagram,,True,2025-10-20 00:00:00.000000,51.66,37.6,80.0,332.0,Playlist,5.26,183600.0,41996.0,1603.0,1472.0,1228.08,my_key_moments,2025-10-20 05:10:52.776382,WS-TECH-ANALYSIS
IG0010901,- iPhone 16: Worth the Upgrade? (1 Month Later...),source_411,source_411,True,Company_A,content_editor_03,Tech_Analysis,English,interview,reels,Instagram,,True,2025-10-20 00:00:00.000000,72.92,48.6,68.0,134.0,Playlist,1.42,48188.0,31053.0,355.0,2386.0,374.1,chapters,2025-10-21 14:27:43.054613,WS-TECH-ANALYSIS
IG0011858,- Vision Pro: $3500 for...Neck Pain?!,source_412,source_412,True,Company_A,content_editor_03,Tech_Analysis,English,news_bulletin,reels,Instagram,,True,2025-10-20 00:00:00.000000,71.02000000000001,63.16666666666666,91.0,295.0,Search,4.55,954004.0,57277.0,5138.0,281.0,13424.07,chapters,2025-10-20 04:40:18.870670,WS-TECH-ANALYSIS
IG0017913,- My Week Went Totally Off The Rails (Kitchen Fires & Questionable DIY),source_413,source_413,True,Company_A,content_editor_03,Lifestyle,English,interview,reels,Instagram,,True,2025-10-20 00:00:00.000000,21.85,13.2,100.0,539.0,Channel Page,23.7,363092.0,282943.0,1356.0,3759.0,609.39,full_package,2025-10-20 03:47:21.597648,WS-LIFESTYLE
IG0009473,- iPhone 16 Review: Don't Buy It Until You See This!,source_411,source_411,True,Company_A,content_editor_03,Lifestyle,English,interview,reels,Instagram,,True,2025-10-20 00:00:00.000000,17.4,8.783333333333333,63.0,467.0,Notifications,7.18,2343077.0,24638.0,8199.0,3932.0,526.22,key_moments,2025-10-20 01:48:58.388254,WS-LIFESTYLE
YT0011716,- AI Art Apocalypse? I Spent a Week Finding Out,source_414,source_414,True,Company_A,content_editor_03,Tech_Analysis,English,interview,shorts,Youtube,,True,2025-10-21 00:00:00.000000,73.71000000000001,19.866666666666667,21.06,401.0,Shorts Feed,7.14,1356299.0,86873.0,332.0,2964.0,4659.138166666667,chapters,2025-10-21 13:35:03.124999,WS-TECH-ANALYSIS
IG0011716,- AI Art Apocalypse? I Spent a Week Finding Out,source_414,source_414,True,Company_A,content_editor_03,Tech_Analysis,English,news_bulletin,reels,Instagram,,True,2025-10-21 00:00:00.000000,73.71000000000001,19.866666666666667,19.0,208.0,Shorts Feed,7.14,939135.0,43827.0,265.0,2504.0,612.96,full_package,2025-10-21 01:34:57.041116,WS-TECH-ANALYSIS
YT0009841,- AI Art: Future or FAD? My Shocking Experiment!,source_414,source_414,False,Company_A,content_editor_03,Tech_Analysis,English,special_report,,,,False,2025-10-22 00:00:00.000000,74.3,,,,,,,,,,,chapters,2025-10-22 05:37:45.601474,WS-TECH-ANALYSIS
IG0009841,- AI Art: Future or FAD? My Shocking Experiment!,source_414,source_414,True,Company_A,content_editor_03,Tech_Analysis,English,special_report,reels,Instagram,,True,2025-10-22 00:00:00.000000,74.3,24.716666666666665,23.0,388.0,Browse,28.59,315970.0,52904.0,4429.0,1139.0,347.55,key_moments,2025-10-22 02:44:18.992171,WS-TECH-ANALYSIS
YT0003232,"- Apple Vision Pro: $3,500 Gimmick or the FUTURE? (Honest Review)",source_415,source_415,True,Company_A,content_editor_03,Tech_Analysis,English,news_bulletin,shorts,Youtube,,True,2025-10-24 00:00:00.000000,25.02,9.816666666666666,23.12,388.0,Shorts Feed,15.62,657857.0,94566.0,7363.0,1216.0,423.34316666666666,summary,2025-10-24 03:26:16.001030,WS-TECH-ANALYSIS
YT0003932,- ARM vs. x86: The PC Battle Begins!,source_416,source_416,False,Company_A,content_editor_03,Tech_Analysis,English,interview,,,,False,2025-10-24 00:00:00.000000,51.89,,,,,,,,,,,my_key_moments,2025-10-24 01:16:49.329454,WS-TECH-ANALYSIS
YT0002331,- Snapdragon X Elite DESTROYS M1? (Benchmark Showdown!),source_416,source_416,True,Company_A,content_editor_03,Tech_Analysis,English,news_bulletin,shorts,Youtube,,True,2025-10-24 00:00:00.000000,48.58,28.53333333333333,62.64,322.0,Notifications,2.6,1022141.0,84009.0,7852.0,174.0,5971.9535000000005,key_moments,2025-10-24 11:42:50.882046,WS-TECH-ANALYSIS
YT0024496,- ARM PCs Are HERE! (But Are They Worth It?),source_416,source_416,True,Company_A,content_editor_03,Tech_Analysis,English,interview,shorts,Youtube,,True,2025-10-24 00:00:00.000000,67.72999999999999,19.25,22.28,626.0,Search,23.24,544688.0,75269.0,5490.0,443.0,1777.8011666666669,key_moments,2025-10-24 03:12:10.438466,WS-TECH-ANALYSIS
IG0003232,"- Apple Vision Pro: $3,500 Gimmick or the FUTURE? (Honest Review)",source_415,source_415,False,Company_A,content_editor_03,Tech_Analysis,English,special_report,,,,False,2025-10-24 00:00:00.000000,25.02,,,,,,,,,,,key_moments,2025-10-24 01:30:47.498320,WS-TECH-ANALYSIS
IG0003932,- ARM vs. x86: The PC Battle Begins!,source_416,source_416,True,Company_A,content_editor_03,Tech_Analysis,English,special_report,reels,Instagram,,True,2025-10-24 00:00:00.000000,51.89,32.266666666666666,54.0,44.0,Shorts Feed,21.52,886958.0,42815.0,3582.0,2214.0,3295.05,full_package,2025-10-24 10:53:47.604061,WS-TECH-ANALYSIS
IG0002331,- Snapdragon X Elite DESTROYS M1? (Benchmark Showdown!),source_416,source_416,True,Company_A,content_editor_03,Tech_Analysis,English,special_report,reels,Instagram,,True,2025-10-24 00:00:00.000000,48.58,28.53333333333333,52.0,236.0,Notifications,2.6,468875.0,51412.0,5078.0,139.0,1424.51,chapters,2025-10-24 02:40:20.716635,WS-TECH-ANALYSIS
IG0024496,- ARM PCs Are HERE! (But Are They Worth It?),source_416,source_416,True,Company_A,content_editor_03,Tech_Analysis,English,news_bulletin,reels,Instagram,,True,2025-10-24 00:00:00.000000,67.72999999999999,19.25,18.0,373.0,Search,23.24,371886.0,34741.0,4024.0,266.0,218.48,key_moments,2025-10-24 05:13:39.885308,WS-TECH-ANALYSIS
YT0012470,- M1 vs. Snapdragon: The ULTIMATE Power Efficiency Test!,source_416,source_416,False,Company_A,content_editor_03,Lifestyle,English,interview,,,,False,2025-10-25 00:00:00.000000,16.03,,,,,,,,,,,full_package,2025-10-25 07:50:29.324465,WS-LIFESTYLE
YT0000397,- Future PC: ARM or Bust?,source_416,source_416,True,Company_A,content_editor_03,Lifestyle,English,news_bulletin,shorts,Youtube,,True,2025-10-25 00:00:00.000000,18.32,8.8,39.16,13.0,Search,0.58,416730.0,13788.0,4040.0,2556.0,150.48583333333332,key_moments,2025-10-25 05:50:40.637168,WS-LIFESTYLE
YT0000259,- ARM vs x86 Laptops: The ULTIMATE Showdown!,source_417,source_417,True,Company_A,content_editor_03,Tech_Analysis,English,special_report,shorts,Youtube,,True,2025-10-25 00:00:00.000000,64.4,43.083333333333336,72.03,123.0,Browse,19.01,552428.0,95529.0,3455.0,952.0,5460.3415,chapters,2025-10-25 00:41:24.123215,WS-TECH-ANALYSIS
YT0025721,- MacBook Air Killer? ARM Laptops Put to the Test!,source_417,source_417,True,Company_A,content_editor_03,Tech_Analysis,English,speech,shorts,Youtube,,True,2025-10-25 00:00:00.000000,53.92,9.166666666666666,4.28,131.0,Channel Page,15.83,1359233.0,87250.0,3873.0,2547.0,629.2745,summary,2025-10-25 06:58:36.212837,WS-TECH-ANALYSIS
IG0000259,- ARM vs x86 Laptops: The ULTIMATE Showdown!,source_417,source_417,True,Company_A,content_editor_03,Tech_Analysis,English,news_bulletin,reels,Instagram,,True,2025-10-25 00:00:00.000000,64.4,43.083333333333336,66.0,68.0,Browse,19.01,351875.0,66609.0,1994.0,633.0,2295.5,full_package,2025-10-25 03:41:26.350054,WS-TECH-ANALYSIS
IG0025721,- MacBook Air Killer? ARM Laptops Put to the Test!,source_417,source_417,True,Company_A,content_editor_03,Tech_Analysis,English,interview,reels,Instagram,,True,2025-10-25 00:00:00.000000,53.92,9.166666666666666,4.0,104.0,Channel Page,15.83,723320.0,52280.0,2672.0,1414.0,13.39,key_moments,2025-10-25 03:04:27.415484,WS-TECH-ANALYSIS
IG0012470,- M1 vs. Snapdragon: The ULTIMATE Power Efficiency Test!,source_416,source_416,False,Company_A,content_editor_03,Lifestyle,English,news_bulletin,,,,False,2025-10-25 00:00:00.000000,16.03,,,,,,,,,,,key_moments,2025-10-25 03:39:56.719123,WS-LIFESTYLE
IG0000397,- Future PC: ARM or Bust?,source_416,source_416,True,Company_A,content_editor_03,Lifestyle,English,special_report,reels,Instagram,,True,2025-10-25 00:00:00.000000,18.32,8.8,46.0,18.0,Search,0.58,944948.0,31638.0,6995.0,6023.0,156.97,chapters,2025-10-25 01:06:11.730808,WS-LIFESTYLE
YT0019588,- x86 is NOT Dead! (Laptop CPU Battle),source_417,source_417,True,Company_A,content_editor_03,Lifestyle,English,speech,shorts,Youtube,,True,2025-10-26 00:00:00.000000,22.59,12.15,61.26,274.0,Playlist,21.47,1416736.0,98460.0,333.0,790.0,1829.9506666666664,full_package,2025-10-26 04:39:53.047111,WS-LIFESTYLE
YT0002773,- Future Laptops: ARM or x86 DOMINANCE?,source_417,source_417,True,Company_A,content_editor_03,Tech_Analysis,English,interview,shorts,Youtube,,True,2025-10-26 00:00:00.000000,69.83,24.183333333333334,30.43,242.0,Shorts Feed,14.65,183992.0,85867.0,3162.0,283.0,852.6666666666666,chapters,2025-10-26 01:20:34.197354,WS-TECH-ANALYSIS
IG0002773,- Future Laptops: ARM or x86 DOMINANCE?,source_417,source_417,True,Company_A,content_editor_03,Tech_Analysis,English,special_report,reels,Instagram,,True,2025-10-26 00:00:00.000000,69.83,24.183333333333334,26.0,148.0,Shorts Feed,14.65,77353.0,42749.0,2290.0,221.0,93.2,summary,2025-10-26 03:10:56.490656,WS-TECH-ANALYSIS
IG0019588,- x86 is NOT Dead! (Laptop CPU Battle),source_417,source_417,True,Company_A,content_editor_03,Lifestyle,English,speech,reels,Instagram,,True,2025-10-26 00:00:00.000000,22.59,12.15,78.0,378.0,Playlist,21.47,2653376.0,230664.0,549.0,2417.0,2673.28,key_moments,2025-10-26 04:31:57.526113,WS-LIFESTYLE
YT0003921,- Stop Buying the WRONG Laptop CPU!,source_417,source_417,True,Company_A,content_editor_03,Tech_Analysis,English,special_report,shorts,Youtube,,True,2025-10-27 00:00:00.000000,49.9,13.583333333333332,17.43,525.0,Search,26.22,1317664.0,74117.0,6819.0,2058.0,2226.6081666666664,full_package,2025-10-27 09:26:43.310141,WS-TECH-ANALYSIS
IG0003921,- Stop Buying the WRONG Laptop CPU!,source_417,source_417,True,Company_A,content_editor_03,Tech_Analysis,English,interview,reels,Instagram,,True,2025-10-27 00:00:00.000000,49.9,13.583333333333332,15.0,267.0,Search,26.22,826793.0,33725.0,3739.0,1835.0,209.57,key_moments,2025-10-27 02:04:34.802359,WS-TECH-ANALYSIS
YT0013722,- ARM vs x86: Which Laptop Wins in REAL Life?,source_417,source_417,True,Company_A,content_editor_03,Tech_Analysis,English,interview,shorts,Youtube,,True,2025-10-28 00:00:00.000000,33.980000000000004,24.383333333333333,88.95,342.0,Notifications,0.49,1865137.0,94799.0,331.0,172.0,8747.147166666666,full_package,2025-10-28 12:46:33.409020,WS-TECH-ANALYSIS
YT0022335,- ARM vs x86: The TRUTH About Laptop Performance,source_417,source_417,True,Company_A,content_editor_03,Tech_Analysis,English,news_bulletin,shorts,Youtube,,True,2025-10-28 00:00:00.000000,62.45,36.98333333333333,62.14,409.0,Shorts Feed,9.51,1034473.0,84231.0,3784.0,950.0,8472.142333333333,key_moments,2025-10-28 08:31:53.761436,WS-TECH-ANALYSIS
IG0013722,- ARM vs x86: Which Laptop Wins in REAL Life?,source_417,source_417,True,Company_A,content_editor_03,Tech_Analysis,English,interview,reels,Instagram,,True,2025-10-28 00:00:00.000000,33.980000000000004,24.383333333333333,74.0,173.0,Notifications,0.49,932035.0,45823.0,166.0,130.0,3234.59,key_moments,2025-10-28 02:50:13.398253,WS-TECH-ANALYSIS
IG0022335,- ARM vs x86: The TRUTH About Laptop Performance,source_417,source_417,False,Company_A,content_editor_03,Tech_Analysis,English,speech,,,,False,2025-10-28 00:00:00.000000,62.45,,,,,,,,,,,summary,2025-10-28 01:38:51.213286,WS-TECH-ANALYSIS
YT0011541,- M3 MacBook Air: Worth the Hype?! (1 Week Honest Review),source_418,source_418,True,Company_A,content_editor_03,Tech_Analysis,English,news_bulletin,shorts,Youtube,,True,2025-10-29 00:00:00.000000,21.83,9.333333333333334,26.84,206.0,Search,14.93,1921155.0,62163.0,370.0,2435.0,978.366,key_moments,2025-10-29 01:15:36.588332,WS-TECH-ANALYSIS
YT0007703,- Vision Pro: Hype or the FUTURE? (Developer's Honest Take),source_419,source_419,True,Company_A,content_editor_03,Tech_Analysis,English,interview,shorts,Youtube,,True,2025-10-29 00:00:00.000000,72.68,45.73333333333333,66.29,684.0,Browse,29.89,1799109.0,85910.0,3348.0,727.0,19107.204,summary,2025-10-29 04:58:16.967549,WS-TECH-ANALYSIS
YT0011686,"- Apple Vision Pro: The Good, The Bad & The Ugly (Dev Review)",source_419,source_419,False,Company_A,content_editor_03,Lifestyle,English,interview,,,,False,2025-10-29 00:00:00.000000,28.07,,,,,,,,,,,my_key_moments,2025-10-29 02:13:03.691408,WS-LIFESTYLE
IG0011541,- M3 MacBook Air: Worth the Hype?! (1 Week Honest Review),source_418,source_418,False,Company_A,content_editor_03,Tech_Analysis,English,speech,,,,False,2025-10-29 00:00:00.000000,21.83,,,,,,,,,,,chapters,2025-10-29 10:26:29.082561,WS-TECH-ANALYSIS
IG0007703,- Vision Pro: Hype or the FUTURE? (Developer's Honest Take),source_419,source_419,True,Company_A,content_editor_03,Tech_Analysis,English,interview,reels,Instagram,,True,2025-10-29 00:00:00.000000,72.68,45.73333333333333,60.0,419.0,Browse,29.89,761559.0,42428.0,2218.0,512.0,4852.82,key_moments,2025-10-29 02:19:21.260078,WS-TECH-ANALYSIS
IG0011686,"- Apple Vision Pro: The Good, The Bad & The Ugly (Dev Review)",source_419,source_419,False,Company_A,content_editor_03,Lifestyle,English,special_report,,,,False,2025-10-29 00:00:00.000000,28.07,,,,,,,,,,,summary,2025-10-29 01:56:45.471051,WS-LIFESTYLE
YT0005505,- I Built an App for Apple Vision Pro... Here's What I Learned,source_419,source_419,True,Company_A,content_editor_03,Tech_Analysis,English,speech,shorts,Youtube,,True,2025-10-30 00:00:00.000000,25.11,15.783333333333331,81.93,18.0,Channel Page,21.77,1951319.0,84239.0,263.0,772.0,4489.8405,chapters,2025-10-30 04:49:19.315654,WS-TECH-ANALYSIS
YT0028642,- iPhone 16 Pro Max: Worth the Upgrade?! My 7-Day Verdict,source_420,source_420,False,Company_A,content_editor_03,Tech_Analysis,English,special_report,,,,False,2025-10-30 00:00:00.000000,25.9,,,,,,,,,,,key_moments,2025-10-30 02:18:37.741144,WS-TECH-ANALYSIS
YT0018171,- iPhone 16 Pro Max Review: The TRUTH After One Week!,source_420,source_420,False,Company_A,content_editor_03,Tech_Analysis,English,special_report,,,,False,2025-10-30 00:00:00.000000,62.16,,,,,,,,,,,chapters,2025-10-30 04:01:38.833549,WS-TECH-ANALYSIS
IG0005505,- I Built an App for Apple Vision Pro... Here's What I Learned,source_419,source_419,True,Company_A,content_editor_03,Tech_Analysis,English,speech,reels,Instagram,,True,2025-10-30 00:00:00.000000,25.11,15.783333333333331,69.0,11.0,Channel Page,21.77,1160590.0,53044.0,174.0,528.0,1842.6,key_moments,2025-10-30 08:48:10.586173,WS-TECH-ANALYSIS
IG0028642,- iPhone 16 Pro Max: Worth the Upgrade?! My 7-Day Verdict,source_420,source_420,True,Company_A,content_editor_03,Tech_Analysis,English,special_report,reels,Instagram,,True,2025-10-30 00:00:00.000000,25.9,15.883333333333333,67.0,73.0,Search,27.84,885641.0,58903.0,1967.0,1111.0,1381.8,key_moments,2025-10-30 04:23:35.835294,WS-TECH-ANALYSIS
IG0018171,- iPhone 16 Pro Max Review: The TRUTH After One Week!,source_420,source_420,True,Company_A,content_editor_03,Tech_Analysis,English,interview,reels,Instagram,,True,2025-10-30 00:00:00.000000,62.16,47.8,72.0,131.0,Search,10.58,217719.0,37259.0,340.0,906.0,1754.82,chapters,2025-10-30 04:24:23.165321,WS-TECH-ANALYSIS
YT0008759,- iPhone 16 Pro Max: Hype or HUGE Improvement? (Honest Review),source_420,source_420,True,Company_A,content_editor_03,Tech_Analysis,English,special_report,shorts,Youtube,,True,2025-10-31 00:00:00.000000,28.54,18.266666666666666,79.52,687.0,Browse,26.83,1730159.0,88178.0,1258.0,2049.0,5174.456999999999,full_package,2025-10-31 04:42:48.277538,WS-TECH-ANALYSIS
YT0015947,- iPhone 16 Pro Max vs. the Competition: SHOCKING Results!,source_420,source_420,True,Company_A,content_editor_03,Lifestyle,English,news_bulletin,shorts,Youtube,,True,2025-10-31 00:00:00.000000,25.67,17.65,95.13,324.0,Suggested,27.33,1258474.0,86543.0,1869.0,1479.0,3548.1975,key_moments,2025-10-31 01:01:56.376054,WS-LIFESTYLE
IG0008759,- iPhone 16 Pro Max: Hype or HUGE Improvement? (Honest Review),source_420,source_420,False,Company_A,content_editor_03,Tech_Analysis,English,speech,,,,False,2025-10-31 00:00:00.000000,28.54,,,,,,,,,,,key_moments,2025-10-31 05:28:21.571547,WS-TECH-ANALYSIS
IG0015947,- iPhone 16 Pro Max vs. the Competition: SHOCKING Results!,source_420,source_420,True,Company_A,content_editor_03,Lifestyle,English,special_report,reels,Instagram,,True,2025-10-31 00:00:00.000000,25.67,17.65,100.0,430.0,Suggested,27.33,2525316.0,255970.0,2749.0,3169.0,7974.39,chapters,2025-10-31 04:32:45.467391,WS-LIFESTYLE
YT0024281,- 7 Days With iPhone 16 Pro Max: You Won't Believe This...,source_420,source_420,False,Company_A,content_editor_03,Lifestyle,English,interview,,,,False,2025-11-02 00:00:00.000000,19.33,,,,,,,,,,,full_package,2025-11-02 08:10:16.215449,WS-LIFESTYLE
IG0024281,- 7 Days With iPhone 16 Pro Max: You Won't Believe This...,source_420,source_420,False,Company_A,content_editor_03,Lifestyle,English,interview,,,,False,2025-11-02 00:00:00.000000,19.33,,,,,,,,,,,my_key_moments,2025-11-02 06:29:39.903942,WS-LIFESTYLE
YT0027177,- My Fiddle-Leaf Fig is Dying (Send Help!),source_421,source_421,True,Company_A,content_editor_03,Lifestyle,English,interview,shorts,Youtube,,True,2025-11-03 00:00:00.000000,20.73,7.816666666666666,5.53,689.0,Shorts Feed,0.16,542722.0,5431.0,2804.0,651.0,47.7395,full_package,2025-11-03 03:24:11.756339,WS-LIFESTYLE
IG0027177,- My Fiddle-Leaf Fig is Dying (Send Help!),source_421,source_421,False,Company_A,content_editor_03,Lifestyle,English,interview,,,,False,2025-11-03 00:00:00.000000,20.73,,,,,,,,,,,chapters,2025-11-03 09:08:09.140253,WS-LIFESTYLE
YT0000523,- I Tried to Bake Sourdough (It's a Disaster),source_421,source_421,True,Company_A,content_editor_03,Tech_Analysis,English,news_bulletin,shorts,Youtube,,True,2025-11-05 00:00:00.000000,54.68,40.73333333333333,83.75,407.0,Playlist,16.82,50145.0,87808.0,7845.0,1000.0,462.91266666666667,full_package,2025-11-05 03:09:54.418708,WS-TECH-ANALYSIS
YT0006008,- From Plant Mom to Pizza Queen: My Week of Epic Fails,source_421,source_421,False,Company_A,content_editor_03,Tech_Analysis,English,interview,,,,False,2025-11-05 00:00:00.000000,20.62,,,,,,,,,,,chapters,2025-11-05 04:52:28.244034,WS-TECH-ANALYSIS
YT0025512,- My Week: Plants vs. Bread vs. Reality,source_421,source_421,True,Company_A,content_editor_03,Tech_Analysis,English,speech,shorts,Youtube,,True,2025-11-05 00:00:00.000000,65.22,31.416666666666668,47.62,82.0,Search,26.83,509362.0,83848.0,2257.0,1342.0,3383.955833333333,key_moments,2025-11-05 03:07:06.854844,WS-TECH-ANALYSIS
IG0000523,- I Tried to Bake Sourdough (It's a Disaster),source_421,source_421,True,Company_A,content_editor_03,Tech_Analysis,English,interview,reels,Instagram,,True,2025-11-05 00:00:00.000000,54.68,40.73333333333333,73.0,303.0,Playlist,16.82,23343.0,50899.0,4742.0,517.0,157.31,key_moments,2025-11-05 05:47:15.003868,WS-TECH-ANALYSIS
IG0006008,- From Plant Mom to Pizza Queen: My Week of Epic Fails,source_421,source_421,True,Company_A,content_editor_03,Tech_Analysis,English,interview,reels,Instagram,,True,2025-11-05 00:00:00.000000,20.62,13.066666666666666,84.0,184.0,External,23.48,521228.0,29793.0,5622.0,1349.0,677.02,chapters,2025-11-05 02:57:35.075810,WS-TECH-ANALYSIS
IG0025512,- My Week: Plants vs. Bread vs. Reality,source_421,source_421,True,Company_A,content_editor_03,Tech_Analysis,English,special_report,reels,Instagram,,True,2025-11-05 00:00:00.000000,65.22,31.416666666666668,41.0,59.0,Search,26.83,296013.0,45795.0,1470.0,1116.0,806.29,full_package,2025-11-05 14:56:39.786230,WS-TECH-ANALYSIS
YT0023914,- This Week's Mood: Overpriced Tomatoes & Baking Nightmares,source_421,source_421,True,Company_A,content_editor_03,Tech_Analysis,English,interview,shorts,Youtube,,True,2025-11-06 00:00:00.000000,73.77000000000001,61.31666666666667,91.57,254.0,Browse,3.32,48541.0,96519.0,2458.0,204.0,725.643,chapters,2025-11-06 20:05:21.278649,WS-TECH-ANALYSIS
YT0011552,- ARM vs. x86: PC Gaming CHANGED?!,source_422,source_422,True,Company_A,content_editor_03,Tech_Analysis,English,speech,shorts,Youtube,,True,2025-11-06 00:00:00.000000,37.02,8.85,6.13,226.0,Shorts Feed,9.81,422475.0,97857.0,1817.0,872.0,158.42816666666667,full_package,2025-11-06 08:02:53.418608,WS-TECH-ANALYSIS
YT0010682,- M1 vs. Snapdragon X: The ULTIMATE PC Battle!,source_422,source_422,True,Company_A,content_editor_03,Tech_Analysis,English,news_bulletin,shorts,Youtube,,True,2025-11-06 00:00:00.000000,35.28,9.516666666666666,9.94,650.0,Search,7.51,329463.0,81538.0,5391.0,1534.0,184.5603333333333,full_package,2025-11-06 13:43:35.568488,WS-TECH-ANALYSIS
IG0023914,- This Week's Mood: Overpriced Tomatoes & Baking Nightmares,source_421,source_421,False,Company_A,content_editor_03,Tech_Analysis,English,news_bulletin,,,,False,2025-11-06 00:00:00.000000,73.77000000000001,,,,,,,,,,,key_moments,2025-11-06 01:10:03.244058,WS-TECH-ANALYSIS
IG0011552,- ARM vs. x86: PC Gaming CHANGED?!,source_422,source_422,True,Company_A,content_editor_03,Tech_Analysis,English,interview,reels,Instagram,,True,2025-11-06 00:00:00.000000,37.02,8.85,5.0,167.0,Shorts Feed,9.81,256137.0,66302.0,1311.0,455.0,4.8,key_moments,2025-11-06 01:16:58.758804,WS-TECH-ANALYSIS
IG0010682,- M1 vs. Snapdragon X: The ULTIMATE PC Battle!,source_422,source_422,True,Company_A,content_editor_03,Tech_Analysis,English,speech,reels,Instagram,,True,2025-11-06 00:00:00.000000,35.28,9.516666666666666,9.0,395.0,Search,7.51,195550.0,34413.0,3531.0,1179.0,9.86,summary,2025-11-06 03:05:33.735721,WS-TECH-ANALYSIS
YT0025912,- ARM PCs Are HERE! (Intel & AMD in TROUBLE?),source_422,source_422,True,Company_A,content_editor_03,Tech_Analysis,English,interview,shorts,Youtube,,True,2025-11-07 00:00:00.000000,22.63,11.35,50.46,94.0,Notifications,15.15,1895030.0,96264.0,4393.0,387.0,2026.6293333333333,key_moments,2025-11-07 04:08:02.901130,WS-TECH-ANALYSIS
YT0020285,- ARM Laptops: Hype or the FUTURE?,source_422,source_422,True,Company_A,content_editor_03,Tech_Analysis,English,news_bulletin,shorts,Youtube,,True,2025-11-07 00:00:00.000000,60.03,29.83333333333333,49.6,145.0,Browse,10.68,117049.0,70962.0,3747.0,826.0,726.1373333333333,full_package,2025-11-07 03:24:48.480417,WS-TECH-ANALYSIS
YT0006133,- Ditch Intel? The ARM PC Revolution!,source_422,source_422,True,Company_A,content_editor_03,Tech_Analysis,English,special_report,shorts,Youtube,,True,2025-11-07 00:00:00.000000,24.45,13.733333333333334,65.96,23.0,Channel Page,24.55,363205.0,75593.0,3396.0,2260.0,628.8826666666666,key_moments,2025-11-07 01:04:31.027621,WS-TECH-ANALYSIS
IG0025912,- ARM PCs Are HERE! (Intel & AMD in TROUBLE?),source_422,source_422,True,Company_A,content_editor_03,Tech_Analysis,English,interview,reels,Instagram,,True,2025-11-07 00:00:00.000000,22.63,11.35,42.0,57.0,Notifications,15.15,1165070.0,63661.0,2416.0,227.0,523.31,key_moments,2025-11-07 10:02:59.822417,WS-TECH-ANALYSIS
IG0020285,- ARM Laptops: Hype or the FUTURE?,source_422,source_422,False,Company_A,content_editor_03,Tech_Analysis,English,interview,,,,False,2025-11-07 00:00:00.000000,60.03,,,,,,,,,,,key_moments,2025-11-07 22:24:47.752121,WS-TECH-ANALYSIS
IG0006133,- Ditch Intel? The ARM PC Revolution!,source_422,source_422,True,Company_A,content_editor_03,Tech_Analysis,English,interview,reels,Instagram,,True,2025-11-07 00:00:00.000000,24.45,13.733333333333334,66.0,18.0,Channel Page,24.55,213519.0,37493.0,2220.0,1964.0,244.0,full_package,2025-11-07 11:08:45.753092,WS-TECH-ANALYSIS
YT0001246,- $3500 Face Computer: Is Apple Vision Pro Worth It?,source_423,source_423,True,Company_A,content_editor_03,Tech_Analysis,English,interview,shorts,Youtube,,True,2025-11-08 00:00:00.000000,18.12,9.833333333333332,74.79,652.0,Playlist,20.6,146091.0,97536.0,3796.0,1285.0,94.68866666666666,full_package,2025-11-08 09:31:57.204647,WS-TECH-ANALYSIS
YT0007502,- Vision Pro Honest Review: Hype vs. Reality,source_423,source_423,True,Company_A,content_editor_03,Tech_Analysis,English,news_bulletin,shorts,Youtube,,True,2025-11-08 00:00:00.000000,43.13,16.0,30.22,420.0,External,5.14,990801.0,86426.0,2906.0,360.0,2339.391333333333,key_moments,2025-11-08 04:47:35.378478,WS-TECH-ANALYSIS
YT0004001,"- Apple Vision Pro: The Good, The Bad, & The Nauseating",source_423,source_423,False,Company_A,content_editor_03,Lifestyle,English,speech,,,,False,2025-11-08 00:00:00.000000,21.08,,,,,,,,,,,summary,2025-11-08 02:02:16.268319,WS-LIFESTYLE
IG0001246,- $3500 Face Computer: Is Apple Vision Pro Worth It?,source_423,source_423,True,Company_A,content_editor_03,Tech_Analysis,English,news_bulletin,reels,Instagram,,True,2025-11-08 00:00:00.000000,18.12,9.833333333333332,72.0,412.0,Playlist,20.6,84788.0,42550.0,2526.0,886.0,39.57,key_moments,2025-11-08 04:14:20.238406,WS-TECH-ANALYSIS
IG0007502,- Vision Pro Honest Review: Hype vs. Reality,source_423,source_423,True,Company_A,content_editor_03,Tech_Analysis,English,interview,reels,Instagram,,True,2025-11-08 00:00:00.000000,43.13,16.0,28.0,334.0,External,5.14,605721.0,54717.0,1605.0,202.0,400.45,key_moments,2025-11-08 21:33:30.182476,WS-TECH-ANALYSIS
IG0004001,"- Apple Vision Pro: The Good, The Bad, & The Nauseating",source_423,source_423,False,Company_A,content_editor_03,Lifestyle,English,special_report,,,,False,2025-11-08 00:00:00.000000,21.08,,,,,,,,,,,chapters,2025-11-08 03:01:05.989878,WS-LIFESTYLE
YT0017944,- Vision Pro: Future or Fad? My Brutally Honest Take,source_423,source_423,True,Company_A,content_editor_03,Tech_Analysis,English,interview,shorts,Youtube,,True,2025-11-09 00:00:00.000000,65.09,52.766666666666666,90.37,677.0,Playlist,26.01,923121.0,60970.0,1713.0,2106.0,11607.391833333331,key_moments,2025-11-09 02:46:46.775448,WS-TECH-ANALYSIS
IG0017944,- Vision Pro: Future or Fad? My Brutally Honest Take,source_423,source_423,True,Company_A,content_editor_03,Tech_Analysis,English,special_report,reels,Instagram,,True,2025-11-09 00:00:00.000000,65.09,52.766666666666666,73.0,480.0,Playlist,26.01,455272.0,26019.0,920.0,1058.0,4178.98,key_moments,2025-11-09 09:42:00.398191,WS-TECH-ANALYSIS
YT0018505,- Apple Vision Pro: Save Your Money (or Not?),source_423,source_423,True,Company_A,content_editor_03,Tech_Analysis,English,interview,shorts,Youtube,,True,2025-11-10 00:00:00.000000,40.27,12.533333333333331,19.92,172.0,Playlist,7.47,104287.0,87318.0,5899.0,2782.0,145.80866666666668,my_key_moments,2025-11-10 10:13:45.003124,WS-TECH-ANALYSIS
YT0023193,- I Tried EVERYTHING For a Week! (Epic Fails & Wins!),source_424,source_424,False,Company_A,content_editor_03,Lifestyle,English,interview,,,,False,2025-11-10 00:00:00.000000,35.620000000000005,,,,,,,,,,,chapters,2025-11-10 02:01:47.540513,WS-LIFESTYLE
YT0002424,- Pottery FAIL to Piercing?! My Wild Week of Firsts!,source_424,source_424,True,Company_A,content_editor_03,Lifestyle,English,special_report,shorts,Youtube,,True,2025-11-10 00:00:00.000000,29.42,11.7,29.13,668.0,Shorts Feed,9.64,337993.0,8161.0,6375.0,1475.0,394.3251666666666,full_package,2025-11-10 03:14:41.898605,WS-LIFESTYLE
YT0028076,"- New Hobby Challenge: I Sucked at Pottery, But Nailed THIS!",source_424,source_424,False,Company_A,content_editor_03,Tech_Analysis,English,interview,,,,False,2025-11-10 00:00:00.000000,27.34,,,,,,,,,,,key_moments,2025-11-10 02:40:37.905468,WS-TECH-ANALYSIS
IG0018505,- Apple Vision Pro: Save Your Money (or Not?),source_423,source_423,True,Company_A,content_editor_03,Tech_Analysis,English,special_report,reels,Instagram,,True,2025-11-10 00:00:00.000000,40.27,12.533333333333331,17.0,134.0,Playlist,7.47,56396.0,40343.0,3399.0,1701.0,13.4,key_moments,2025-11-10 04:13:45.622658,WS-TECH-ANALYSIS
IG0028076,"- New Hobby Challenge: I Sucked at Pottery, But Nailed THIS!",source_424,source_424,True,Company_A,content_editor_03,Tech_Analysis,English,speech,reels,Instagram,,True,2025-11-10 00:00:00.000000,27.34,17.233333333333334,72.0,9.0,Search,23.07,1141746.0,54501.0,5852.0,867.0,2222.6,full_package,2025-11-10 09:40:19.498909,WS-TECH-ANALYSIS
IG0023193,- I Tried EVERYTHING For a Week! (Epic Fails & Wins!),source_424,source_424,True,Company_A,content_editor_03,Lifestyle,English,interview,reels,Instagram,,True,2025-11-10 00:00:00.000000,35.620000000000005,13.133333333333333,33.0,823.0,Shorts Feed,22.97,761669.0,272176.0,4358.0,8376.0,393.32,key_moments,2025-11-10 02:06:08.585467,WS-LIFESTYLE
IG0002424,- Pottery FAIL to Piercing?! My Wild Week of Firsts!,source_424,source_424,False,Company_A,content_editor_03,Lifestyle,English,news_bulletin,,,,False,2025-11-10 00:00:00.000000,29.42,,,,,,,,,,,full_package,2025-11-10 09:33:51.094169,WS-LIFESTYLE
YT0001098,- From Zero to Pierced: My Week of Stepping WAY Out of My Comfort Zone,source_424,source_424,True,Company_A,content_editor_03,Lifestyle,English,special_report,shorts,Youtube,,True,2025-11-11 00:00:00.000000,23.7,11.2,42.53,489.0,Notifications,14.56,1158970.0,16463.0,5566.0,2411.0,1191.1636666666668,my_key_moments,2025-11-11 04:20:19.954098,WS-LIFESTYLE
YT0009034,- Apple Vision Pro: Hype vs. Reality - My Honest Review,source_425,source_425,False,Company_A,content_editor_03,Tech_Analysis,English,speech,,,,False,2025-11-11 00:00:00.000000,71.78999999999999,,,,,,,,,,,key_moments,2025-11-12 01:43:10.071403,WS-TECH-ANALYSIS
IG0009034,- Apple Vision Pro: Hype vs. Reality - My Honest Review,source_425,source_425,True,Company_A,content_editor_03,Tech_Analysis,English,speech,reels,Instagram,,True,2025-11-11 00:00:00.000000,71.78999999999999,26.666666666666668,30.0,257.0,External,23.43,454763.0,52940.0,4937.0,2158.0,726.36,summary,2025-11-11 05:09:43.849816,WS-TECH-ANALYSIS
IG0001098,- From Zero to Pierced: My Week of Stepping WAY Out of My Comfort Zone,source_424,source_424,False,Company_A,content_editor_03,Lifestyle,English,speech,,,,False,2025-11-11 00:00:00.000000,23.7,,,,,,,,,,,key_moments,2025-11-11 03:42:05.684667,WS-LIFESTYLE
YT0010566,- iPhone 16 Pro Max: Worth the Hype?! (1 Month Later),source_426,source_426,True,Company_A,content_editor_03,Tech_Analysis,English,speech,shorts,Youtube,,True,2025-11-12 00:00:00.000000,47.56,27.866666666666667,62.55,56.0,Notifications,15.0,165446.0,83977.0,5369.0,1012.0,935.9955,summary,2025-11-12 06:20:05.460166,WS-TECH-ANALYSIS
YT0008087,- Vision Pro: Is This the Future or Just an Expensive Toy?,source_425,source_425,True,Company_A,content_editor_03,Tech_Analysis,English,news_bulletin,shorts,Youtube,,True,2025-11-12 00:00:00.000000,24.380000000000003,11.95,47.44,362.0,Suggested,17.86,142144.0,84244.0,6965.0,2520.0,175.70583333333337,key_moments,2025-11-12 03:03:15.776189,WS-TECH-ANALYSIS
IG0010566,- iPhone 16 Pro Max: Worth the Hype?! (1 Month Later),source_426,source_426,True,Company_A,content_editor_03,Tech_Analysis,English,special_report,reels,Instagram,,True,2025-11-12 00:00:00.000000,47.56,27.866666666666667,62.0,39.0,Notifications,15.0,95868.0,36458.0,2918.0,554.0,336.27,key_moments,2025-11-12 00:57:04.685723,WS-TECH-ANALYSIS
IG0008087,- Vision Pro: Is This the Future or Just an Expensive Toy?,source_425,source_425,True,Company_A,content_editor_03,Tech_Analysis,English,interview,reels,Instagram,,True,2025-11-12 00:00:00.000000,24.380000000000003,11.95,38.0,251.0,Suggested,17.86,89263.0,53124.0,4715.0,1981.0,41.93,summary,2025-11-12 03:17:59.464856,WS-TECH-ANALYSIS
YT0006261,- iPhone 16 Pro Max vs. Reality: The TRUTH After 30 Days,source_426,source_426,True,Company_A,content_editor_03,Tech_Analysis,English,interview,shorts,Youtube,,True,2025-11-14 00:00:00.000000,60.08,24.516666666666666,37.75,447.0,Notifications,22.58,43071.0,66227.0,7175.0,31.0,203.59016666666668,chapters,2025-11-14 03:15:30.512104,WS-TECH-ANALYSIS
YT0029518,- iPhone 16: Don't Buy It Until You See This!,source_427,source_427,True,Company_A,content_editor_03,Tech_Analysis,English,special_report,shorts,Youtube,,True,2025-11-14 00:00:00.000000,31.39,7.933333333333334,2.64,592.0,Channel Page,29.83,1332472.0,76153.0,3504.0,2954.0,160.39016666666666,key_moments,2025-11-14 01:07:08.419994,WS-TECH-ANALYSIS
IG0006261,- iPhone 16 Pro Max vs. Reality: The TRUTH After 30 Days,source_426,source_426,True,Company_A,content_editor_03,Tech_Analysis,English,interview,reels,Instagram,,True,2025-11-14 00:00:00.000000,60.08,24.516666666666666,31.0,257.0,Notifications,22.58,23526.0,30205.0,4253.0,23.0,34.47,key_moments,2025-11-14 03:46:22.742522,WS-TECH-ANALYSIS
IG0029518,- iPhone 16: Don't Buy It Until You See This!,source_427,source_427,True,Company_A,content_editor_03,Tech_Analysis,English,interview,reels,Instagram,,True,2025-11-14 00:00:00.000000,31.39,7.933333333333334,2.0,444.0,Channel Page,29.83,671705.0,42487.0,2231.0,1889.0,1.62,chapters,2025-11-14 00:45:55.337740,WS-TECH-ANALYSIS
YT0008322,- iPhone 16 vs. iPhone 15 Pro: Is It Worth the Upgrade?,source_427,source_427,False,Company_A,content_editor_03,Lifestyle,English,interview,,,,False,2025-11-16 00:00:00.000000,25.62,,,,,,,,,,,summary,2025-11-16 03:01:43.444391,WS-LIFESTYLE
YT0003886,- iPhone 16 Camera Test: SHOCKING Results!,source_427,source_427,True,Company_A,content_editor_03,Tech_Analysis,English,special_report,shorts,Youtube,,True,2025-11-16 00:00:00.000000,55.86,38.95,76.97,216.0,Shorts Feed,15.15,755977.0,63363.0,3729.0,1738.0,6604.299,key_moments,2025-11-16 04:51:38.322168,WS-TECH-ANALYSIS
IG0003886,- iPhone 16 Camera Test: SHOCKING Results!,source_427,source_427,True,Company_A,content_editor_03,Tech_Analysis,English,interview,reels,Instagram,,True,2025-11-16 00:00:00.000000,55.86,38.95,73.0,165.0,Shorts Feed,15.15,517494.0,31233.0,2314.0,953.0,3300.25,key_moments,2025-11-16 04:19:21.892671,WS-TECH-ANALYSIS
IG0008322,- iPhone 16 vs. iPhone 15 Pro: Is It Worth the Upgrade?,source_427,source_427,True,Company_A,content_editor_03,Lifestyle,English,special_report,reels,Instagram,,True,2025-11-16 00:00:00.000000,25.62,14.666666666666668,77.0,570.0,Shorts Feed,9.16,1503437.0,212125.0,9763.0,8783.0,2304.57,summary,2025-11-16 02:52:44.356171,WS-LIFESTYLE
YT0002178,- iPhone 16 Battery Test: Did Apple FINALLY Fix It?,source_427,source_427,True,Company_A,content_editor_03,Tech_Analysis,English,speech,shorts,Youtube,,True,2025-11-17 00:00:00.000000,33.34,18.1,57.8,555.0,Channel Page,9.37,1085633.0,65870.0,6394.0,666.0,3196.586,full_package,2025-11-17 03:44:07.643484,WS-TECH-ANALYSIS
IG0002178,- iPhone 16 Battery Test: Did Apple FINALLY Fix It?,source_427,source_427,True,Company_A,content_editor_03,Tech_Analysis,English,speech,reels,Instagram,,True,2025-11-17 00:00:00.000000,33.34,18.1,52.0,428.0,Channel Page,9.37,571818.0,39010.0,4029.0,395.0,875.52,full_package,2025-11-17 02:08:10.429676,WS-TECH-ANALYSIS
YT0015336,- iPhone 16: Worth the Upgrade? My Honest Review,source_428,source_428,True,Company_A,content_editor_03,Tech_Analysis,English,interview,shorts,Youtube,,True,2025-11-18 00:00:00.000000,54.45,14.983333333333334,18.97,61.0,Suggested,27.94,171309.0,77729.0,5049.0,667.0,356.10066666666665,key_moments,2025-11-18 04:02:05.146985,WS-TECH-ANALYSIS
YT0022549,- iPhone 16 vs iPhone 15 Pro: Camera SHOCKER!,source_428,source_428,True,Company_A,content_editor_03,Lifestyle,English,special_report,shorts,Youtube,,True,2025-11-18 00:00:00.000000,38.69,19.266666666666666,49.67,582.0,Browse,15.0,867947.0,88730.0,6250.0,902.0,2836.900833333333,key_moments,2025-11-18 04:11:24.946588,WS-LIFESTYLE
IG0015336,- iPhone 16: Worth the Upgrade? My Honest Review,source_428,source_428,False,Company_A,content_editor_03,Tech_Analysis,English,special_report,,,,False,2025-11-18 00:00:00.000000,54.45,,,,,,,,,,,chapters,2025-11-18 01:56:47.830903,WS-TECH-ANALYSIS
IG0022549,- iPhone 16 vs iPhone 15 Pro: Camera SHOCKER!,source_428,source_428,False,Company_A,content_editor_03,Lifestyle,English,special_report,,,,False,2025-11-18 00:00:00.000000,38.69,,,,,,,,,,,key_moments,2025-11-18 04:57:19.008834,WS-LIFESTYLE
YT0008864,- iPhone 16: The TRUTH After 1 Month!,source_428,source_428,True,Company_A,content_editor_03,Tech_Analysis,English,speech,shorts,Youtube,,True,2025-11-19 00:00:00.000000,22.46,10.15,35.52,255.0,Suggested,27.15,1000997.0,64863.0,3407.0,274.0,736.8449999999999,full_package,2025-11-19 04:55:50.085462,WS-TECH-ANALYSIS
YT0027320,- iPhone 16: Don't Buy It Until You See THIS!,source_428,source_428,False,Company_A,content_editor_03,Lifestyle,English,interview,,,,False,2025-11-19 00:00:00.000000,37.07,,,,,,,,,,,key_moments,2025-11-19 03:30:07.101619,WS-LIFESTYLE
YT0013382,- iPhone 16 Battery Test: You Won't Believe the Results!,source_428,source_428,False,Company_A,content_editor_03,Lifestyle,English,news_bulletin,,,,False,2025-11-19 00:00:00.000000,27.85,,,,,,,,,,,full_package,2025-11-20 03:44:49.625919,WS-LIFESTYLE
IG0008864,- iPhone 16: The TRUTH After 1 Month!,source_428,source_428,False,Company_A,content_editor_03,Tech_Analysis,English,interview,,,,False,2025-11-19 00:00:00.000000,22.46,,,,,,,,,,,summary,2025-11-19 03:34:27.005186,WS-TECH-ANALYSIS
IG0027320,- iPhone 16: Don't Buy It Until You See THIS!,source_428,source_428,True,Company_A,content_editor_03,Lifestyle,English,speech,reels,Instagram,,True,2025-11-19 00:00:00.000000,37.07,13.05,28.0,319.0,Notifications,6.97,2142608.0,19706.0,1685.0,3801.0,924.89,my_key_moments,2025-11-19 03:11:57.191248,WS-LIFESTYLE
IG0013382,- iPhone 16 Battery Test: You Won't Believe the Results!,source_428,source_428,True,Company_A,content_editor_03,Lifestyle,English,special_report,reels,Instagram,,True,2025-11-19 00:00:00.000000,27.85,19.566666666666663,100.0,229.0,Browse,28.27,1630307.0,19523.0,10537.0,2339.0,6338.88,full_package,2025-11-19 02:51:10.890399,WS-LIFESTYLE
YT0019273,- Mini PC Gaming Beast?! We Put It To The Test!,source_430,source_430,True,Company_A,content_editor_03,Tech_Analysis,English,interview,shorts,Youtube,,True,2025-11-20 00:00:00.000000,49.2,18.48333333333333,32.12,231.0,Suggested,26.73,797949.0,87401.0,2021.0,2519.0,2434.483333333333,summary,2025-11-20 01:50:22.525735,WS-TECH-ANALYSIS
YT0018727,"- Tiny PC, HUGE Power? Gaming on the Minisforum UM790 Pro!",source_430,source_430,True,Company_A,content_editor_03,Tech_Analysis,English,speech,shorts,Youtube,,True,2025-11-20 00:00:00.000000,53.54,20.21666666666667,33.0,587.0,Shorts Feed,10.08,1535886.0,64817.0,1751.0,67.0,5425.375,summary,2025-11-20 06:55:26.863927,WS-TECH-ANALYSIS
IG0019273,- Mini PC Gaming Beast?! We Put It To The Test!,source_430,source_430,True,Company_A,content_editor_03,Tech_Analysis,English,interview,reels,Instagram,,True,2025-11-20 00:00:00.000000,49.2,18.48333333333333,28.0,129.0,Suggested,26.73,537599.0,51437.0,1261.0,1767.0,459.25,key_moments,2025-11-20 02:18:36.409674,WS-TECH-ANALYSIS
IG0018727,"- Tiny PC, HUGE Power? Gaming on the Minisforum UM790 Pro!",source_430,source_430,True,Company_A,content_editor_03,Tech_Analysis,English,speech,reels,Instagram,,True,2025-11-20 00:00:00.000000,53.54,20.21666666666667,29.0,361.0,Shorts Feed,10.08,1059706.0,33352.0,1108.0,51.0,1085.56,summary,2025-11-20 02:32:21.913234,WS-TECH-ANALYSIS
YT0021372,- Cyberpunk on a Mini PC?! You Won't Believe This!,source_430,source_430,True,Company_A,content_editor_03,Lifestyle,English,special_report,shorts,Youtube,,True,2025-11-21 00:00:00.000000,24.93,11.8,43.3,33.0,Channel Page,28.41,239104.0,9614.0,1425.0,2339.0,285.5965,my_key_moments,2025-11-21 02:36:01.775465,WS-LIFESTYLE
YT0018923,- This Mini PC DESTROYS Gaming Benchmarks!,source_430,source_430,True,Company_A,content_editor_03,Tech_Analysis,English,interview,shorts,Youtube,,True,2025-11-21 00:00:00.000000,26.33,14.366666666666667,60.61,545.0,Notifications,24.9,1406116.0,60995.0,4018.0,2077.0,2682.036,summary,2025-11-21 01:49:08.744775,WS-TECH-ANALYSIS
YT0000673,- Is This the Future of PC Gaming? (Minisforum UM790 Pro Review),source_430,source_430,True,Company_A,content_editor_03,Tech_Analysis,English,interview,shorts,Youtube,,True,2025-11-21 00:00:00.000000,24.92,16.35,89.21,569.0,Channel Page,11.5,1218568.0,84342.0,3839.0,2275.0,2995.646333333333,key_moments,2025-11-21 00:59:07.920086,WS-TECH-ANALYSIS
IG0018923,- This Mini PC DESTROYS Gaming Benchmarks!,source_430,source_430,True,Company_A,content_editor_03,Tech_Analysis,English,speech,reels,Instagram,,True,2025-11-21 00:00:00.000000,26.33,14.366666666666667,51.0,336.0,Notifications,24.9,788000.0,31314.0,3179.0,1075.0,766.55,summary,2025-11-21 02:45:43.074840,WS-TECH-ANALYSIS
IG0000673,- Is This the Future of PC Gaming? (Minisforum UM790 Pro Review),source_430,source_430,True,Company_A,content_editor_03,Tech_Analysis,English,interview,reels,Instagram,,True,2025-11-21 00:00:00.000000,24.92,16.35,72.0,375.0,Channel Page,11.5,595840.0,40502.0,2477.0,1958.0,1054.64,key_moments,2025-11-21 08:02:39.446558,WS-TECH-ANALYSIS
IG0021372,- Cyberpunk on a Mini PC?! You Won't Believe This!,source_430,source_430,True,Company_A,content_editor_03,Lifestyle,English,news_bulletin,reels,Instagram,,True,2025-11-21 00:00:00.000000,24.93,11.8,53.0,34.0,Channel Page,28.41,464258.0,20448.0,2473.0,4873.0,293.9,key_moments,2025-11-21 04:40:57.776285,WS-LIFESTYLE
YT0015501,- Apple Vision Pro: Reality Check Before You Buy!,source_431,source_431,True,Company_A,content_editor_03,Tech_Analysis,English,speech,shorts,Youtube,,True,2025-11-22 00:00:00.000000,28.09,14.85,56.15,681.0,Suggested,18.2,459460.0,60789.0,7244.0,394.0,938.0641666666668,chapters,2025-11-22 13:56:23.607158,WS-TECH-ANALYSIS
IG0015501,- Apple Vision Pro: Reality Check Before You Buy!,source_431,source_431,False,Company_A,content_editor_03,Tech_Analysis,English,speech,,,,False,2025-11-22 00:00:00.000000,28.09,,,,,,,,,,,summary,2025-11-22 07:17:38.592021,WS-TECH-ANALYSIS
YT0022872,- iPhone 16: Worth the Hype?! (Real-World Review),source_432,source_432,True,Company_A,content_editor_03,Tech_Analysis,English,interview,shorts,Youtube,,True,2025-11-23 00:00:00.000000,62.98,18.95,23.86,99.0,Suggested,8.08,1174854.0,73281.0,924.0,2023.0,3736.688333333333,full_package,2025-11-23 06:04:58.103936,WS-TECH-ANALYSIS
YT0003429,- iPhone 16 Camera TESTED: You Won't Believe This!,source_432,source_432,True,Company_A,content_editor_03,Lifestyle,English,speech,shorts,Youtube,,True,2025-11-23 00:00:00.000000,33.82,15.25,41.18,622.0,Browse,24.01,1620892.0,86485.0,6203.0,979.0,3489.420333333333,key_moments,2025-11-23 18:02:12.445192,WS-LIFESTYLE
IG0022872,- iPhone 16: Worth the Hype?! (Real-World Review),source_432,source_432,True,Company_A,content_editor_03,Tech_Analysis,English,news_bulletin,reels,Instagram,,True,2025-11-23 00:00:00.000000,62.98,18.95,22.0,51.0,Suggested,8.08,499400.0,43430.0,546.0,1469.0,349.44,key_moments,2025-11-23 03:42:03.264672,WS-TECH-ANALYSIS
IG0003429,- iPhone 16 Camera TESTED: You Won't Believe This!,source_432,source_432,False,Company_A,content_editor_03,Lifestyle,English,interview,,,,False,2025-11-23 00:00:00.000000,33.82,,,,,,,,,,,key_moments,2025-11-23 04:12:25.277170,WS-LIFESTYLE
YT0022657,- iPhone 16 Battery Drain: The TRUTH Revealed!,source_432,source_432,True,Company_A,content_editor_03,Tech_Analysis,English,interview,shorts,Youtube,,True,2025-11-24 00:00:00.000000,60.78,15.266666666666666,16.97,24.0,Search,28.19,1938329.0,91258.0,61.0,214.0,4181.765333333334,my_key_moments,2025-11-24 03:57:48.533658,WS-TECH-ANALYSIS
YT0025122,- I Used the iPhone 16 for a Month... Here's What I Found,source_432,source_432,True,Company_A,content_editor_03,Tech_Analysis,English,interview,shorts,Youtube,,True,2025-11-24 00:00:00.000000,51.72,38.56666666666666,84.6,70.0,Browse,22.13,263175.0,94935.0,3906.0,1501.0,2271.1028333333334,chapters,2025-11-24 13:45:14.105646,WS-TECH-ANALYSIS
YT0023306,- iPhone 16: Who Should ACTUALLY Buy It?,source_432,source_432,True,Company_A,content_editor_03,Tech_Analysis,English,special_report,shorts,Youtube,,True,2025-11-24 00:00:00.000000,25.72,17.666666666666664,94.84,351.0,Shorts Feed,1.51,497673.0,71367.0,4635.0,1950.0,1405.465333333333,chapters,2025-11-24 04:00:29.005619,WS-TECH-ANALYSIS
IG0022657,- iPhone 16 Battery Drain: The TRUTH Revealed!,source_432,source_432,True,Company_A,content_editor_03,Tech_Analysis,English,speech,reels,Instagram,,True,2025-11-24 00:00:00.000000,60.78,15.266666666666666,17.0,17.0,Search,28.19,1258152.0,59005.0,32.0,163.0,461.44,summary,2025-11-24 02:22:52.902077,WS-TECH-ANALYSIS
IG0025122,- I Used the iPhone 16 for a Month... Here's What I Found,source_432,source_432,True,Company_A,content_editor_03,Tech_Analysis,English,special_report,reels,Instagram,,True,2025-11-24 00:00:00.000000,51.72,38.56666666666666,74.0,50.0,Browse,22.13,135534.0,39881.0,2735.0,1188.0,865.51,summary,2025-11-24 06:24:03.152114,WS-TECH-ANALYSIS
IG0023306,- iPhone 16: Who Should ACTUALLY Buy It?,source_432,source_432,True,Company_A,content_editor_03,Tech_Analysis,English,special_report,reels,Instagram,,True,2025-11-24 00:00:00.000000,25.72,17.666666666666664,82.0,211.0,Shorts Feed,1.51,312923.0,35315.0,2794.0,1325.0,724.65,full_package,2025-11-24 02:04:54.881776,WS-TECH-ANALYSIS
YT0000694,"- AI in 2024: Honestly, It's a MESS",source_433,source_433,True,Company_A,content_editor_03,Tech_Analysis,English,interview,shorts,Youtube,,True,2025-11-25 00:00:00.000000,20.56,7.933333333333334,7.79,665.0,External,7.64,1638391.0,61503.0,2622.0,2396.0,197.21366666666663,full_package,2025-11-25 06:07:45.281859,WS-TECH-ANALYSIS
IG0000694,"- AI in 2024: Honestly, It's a MESS",source_433,source_433,True,Company_A,content_editor_03,Tech_Analysis,English,interview,reels,Instagram,,True,2025-11-25 00:00:00.000000,20.56,7.933333333333334,6.0,514.0,External,7.64,1124763.0,27321.0,1511.0,1648.0,8.12,chapters,2025-11-25 05:34:11.439645,WS-TECH-ANALYSIS
YT0003784,- The TRUTH About AI Nobody Wants to Tell You,source_433,source_433,True,Company_A,content_editor_03,Tech_Analysis,English,interview,shorts,Youtube,,True,2025-11-27 00:00:00.000000,50.76,8.95,4.05,293.0,Search,25.42,1986763.0,95968.0,3775.0,150.0,800.224,summary,2025-11-27 03:26:15.343583,WS-TECH-ANALYSIS
YT0007252,- Is AI Doomed? My 2024 Reality Check,source_433,source_433,True,Company_A,content_editor_03,Tech_Analysis,English,news_bulletin,shorts,Youtube,,True,2025-11-27 00:00:00.000000,56.8,13.133333333333333,13.48,66.0,Playlist,28.42,1060280.0,66598.0,1310.0,540.0,1659.1418333333334,key_moments,2025-11-27 06:17:23.604822,WS-TECH-ANALYSIS
YT0001750,- Unpopular AI Opinions (That You Need to Hear),source_433,source_433,True,Company_A,content_editor_03,Tech_Analysis,English,special_report,shorts,Youtube,,True,2025-11-27 00:00:00.000000,49.3,29.7,64.72,201.0,Shorts Feed,18.47,448253.0,86472.0,3124.0,1563.0,2764.226833333333,full_package,2025-11-27 01:12:59.770222,WS-TECH-ANALYSIS
IG0003784,- The TRUTH About AI Nobody Wants to Tell You,source_433,source_433,False,Company_A,content_editor_03,Tech_Analysis,English,special_report,,,,False,2025-11-27 00:00:00.000000,50.76,,,,,,,,,,,chapters,2025-11-27 04:33:25.192550,WS-TECH-ANALYSIS
IG0007252,- Is AI Doomed? My 2024 Reality Check,source_433,source_433,True,Company_A,content_editor_03,Tech_Analysis,English,speech,reels,Instagram,,True,2025-11-27 00:00:00.000000,56.8,13.133333333333333,13.0,34.0,Playlist,28.42,468034.0,36787.0,740.0,430.0,95.21,key_moments,2025-11-27 02:45:44.462851,WS-TECH-ANALYSIS
IG0001750,- Unpopular AI Opinions (That You Need to Hear),source_433,source_433,False,Company_A,content_editor_03,Tech_Analysis,English,interview,,,,False,2025-11-27 00:00:00.000000,49.3,,,,,,,,,,,my_key_moments,2025-11-28 15:29:32.209874,WS-TECH-ANALYSIS
YT0004131,- The Future of AI is…CANCELED?,source_433,source_433,True,Company_A,content_editor_03,Tech_Analysis,English,interview,shorts,Youtube,,True,2025-11-30 00:00:00.000000,29.17,12.316666666666666,33.99,694.0,External,4.57,1195762.0,94610.0,6559.0,1911.0,1599.8853333333332,my_key_moments,2025-11-30 04:31:51.791681,WS-TECH-ANALYSIS
IG0004131,- The Future of AI is…CANCELED?,source_433,source_433,True,Company_A,content_editor_03,Tech_Analysis,English,interview,reels,Instagram,,True,2025-11-30 00:00:00.000000,29.17,12.316666666666666,33.0,513.0,External,4.57,582548.0,58106.0,4361.0,1523.0,257.21,chapters,2025-11-30 02:28:56.236852,WS-TECH-ANALYSIS
YT0007069,- Apple Vision Pro: $3500 Well Spent? (Honest Review),source_434,source_434,True,Company_A,content_editor_03,Tech_Analysis,English,news_bulletin,shorts,Youtube,,True,2025-12-01 00:00:00.000000,56.13,35.58333333333333,68.28,58.0,Channel Page,29.85,1588435.0,85154.0,3979.0,1331.0,12391.263833333333,full_package,2025-12-01 01:19:40.699228,WS-TECH-ANALYSIS
IG0007069,- Apple Vision Pro: $3500 Well Spent? (Honest Review),source_434,source_434,True,Company_A,content_editor_03,Tech_Analysis,English,speech,reels,Instagram,,True,2025-12-01 00:00:00.000000,56.13,35.58333333333333,61.0,36.0,Channel Page,29.85,930177.0,36792.0,2073.0,953.0,4426.31,full_package,2025-12-01 11:21:57.308491,WS-TECH-ANALYSIS
YT0019166,- Vision Pro: Future or Flop? My Week with Apple's Spatial Computer,source_434,source_434,True,Company_A,content_editor_03,Tech_Analysis,English,special_report,shorts,Youtube,,True,2025-12-02 00:00:00.000000,16.27,7.85,27.56,4.0,Channel Page,17.38,1870858.0,64843.0,4069.0,132.0,181.889,my_key_moments,2025-12-02 03:01:23.001004,WS-TECH-ANALYSIS
IG0019166,- Vision Pro: Future or Flop? My Week with Apple's Spatial Computer,source_434,source_434,False,Company_A,content_editor_03,Tech_Analysis,English,interview,,,,False,2025-12-02 00:00:00.000000,16.27,,,,,,,,,,,full_package,2025-12-02 02:07:25.724119,WS-TECH-ANALYSIS
YT0007248,- Vision Pro Unveiled: The TRUTH Apple Doesn't Want You To Know,source_435,source_435,False,Company_A,content_editor_03,Tech_Analysis,English,interview,,,,False,2025-12-03 00:00:00.000000,52.91,,,,,,,,,,,key_moments,2025-12-03 05:14:05.375982,WS-TECH-ANALYSIS
IG0007248,- Vision Pro Unveiled: The TRUTH Apple Doesn't Want You To Know,source_435,source_435,True,Company_A,content_editor_03,Tech_Analysis,English,speech,reels,Instagram,,True,2025-12-03 00:00:00.000000,52.91,31.0,57.0,97.0,Search,15.56,93161.0,49286.0,3912.0,1711.0,346.64,summary,2025-12-03 06:43:35.750576,WS-TECH-ANALYSIS
YT0015251,"- My Week Was a MESS (Mom Came to ""Help"")",source_436,source_436,True,Company_A,content_editor_03,Lifestyle,English,interview,shorts,Youtube,,True,2025-12-04 00:00:00.000000,16.6,8.666666666666666,72.92,306.0,Suggested,2.67,247372.0,92738.0,2815.0,1225.0,80.16683333333334,summary,2025-12-04 06:38:32.242186,WS-LIFESTYLE
IG0015251,"- My Week Was a MESS (Mom Came to ""Help"")",source_436,source_436,True,Company_A,content_editor_03,Lifestyle,English,news_bulletin,reels,Instagram,,True,2025-12-04 00:00:00.000000,16.6,8.666666666666666,93.0,345.0,Suggested,2.67,530033.0,251588.0,5009.0,3802.0,159.75,chapters,2025-12-04 04:03:49.331863,WS-LIFESTYLE
YT0017578,- iPhone 15 Pro Max: The TRUTH After 2 Weeks! 🤫,source_437,source_437,True,Company_A,content_editor_03,Lifestyle,English,speech,shorts,Youtube,,True,2025-12-05 00:00:00.000000,18.009999999999998,7.75,8.31,271.0,Playlist,28.94,893875.0,89555.0,3080.0,1916.0,62.074666666666666,chapters,2025-12-05 04:32:35.763062,WS-LIFESTYLE
IG0017578,- iPhone 15 Pro Max: The TRUTH After 2 Weeks! 🤫,source_437,source_437,False,Company_A,content_editor_03,Lifestyle,English,special_report,,,,False,2025-12-05 00:00:00.000000,18.009999999999998,,,,,,,,,,,full_package,2025-12-05 04:48:57.258689,WS-LIFESTYLE
YT0008885,- iPhone 15 Pro Max: HUGE Upgrade or Total Waste of Money? 💸,source_437,source_437,True,Company_A,content_editor_03,Tech_Analysis,English,speech,shorts,Youtube,,True,2025-12-06 00:00:00.000000,35.4,11.416666666666666,19.2,281.0,Browse,27.07,409558.0,71069.0,3315.0,2363.0,445.584,key_moments,2025-12-06 05:14:06.839218,WS-TECH-ANALYSIS
YT0011091,- iPhone 15 Pro Max Camera Test: SHOCKING Results! 📸,source_437,source_437,True,Company_A,content_editor_03,Tech_Analysis,English,news_bulletin,shorts,Youtube,,True,2025-12-06 00:00:00.000000,36.57,20.46666666666667,60.11,186.0,Suggested,6.29,1809638.0,98508.0,5729.0,2253.0,6518.048,full_package,2025-12-06 05:37:09.387286,WS-TECH-ANALYSIS
IG0008885,- iPhone 15 Pro Max: HUGE Upgrade or Total Waste of Money? 💸,source_437,source_437,True,Company_A,content_editor_03,Tech_Analysis,English,special_report,reels,Instagram,,True,2025-12-06 00:00:00.000000,35.4,11.416666666666666,16.0,152.0,Browse,27.07,217843.0,42441.0,2014.0,2063.0,37.92,full_package,2025-12-06 09:36:03.230256,WS-TECH-ANALYSIS
IG0011091,- iPhone 15 Pro Max Camera Test: SHOCKING Results! 📸,source_437,source_437,True,Company_A,content_editor_03,Tech_Analysis,English,speech,reels,Instagram,,True,2025-12-06 00:00:00.000000,36.57,20.46666666666667,48.0,125.0,Suggested,6.29,1010038.0,45106.0,3695.0,1158.0,1746.24,summary,2025-12-06 04:11:04.787941,WS-TECH-ANALYSIS
YT0000176,- Apple Vision Pro: Worth $3500?! My Honest Week With It,source_438,source_438,True,Company_A,content_editor_03,Tech_Analysis,English,news_bulletin,shorts,Youtube,,True,2025-12-07 00:00:00.000000,44.29,27.516666666666666,68.34,158.0,Browse,25.51,1931046.0,84825.0,7872.0,989.0,10736.973333333332,full_package,2025-12-07 02:04:51.623981,WS-TECH-ANALYSIS
YT0011597,- Vision Pro Review: The Future or Just an Expensive Toy?,source_438,source_438,False,Company_A,content_editor_03,Lifestyle,English,interview,,,,False,2025-12-07 00:00:00.000000,35.370000000000005,,,,,,,,,,,full_package,2025-12-07 03:33:50.111178,WS-LIFESTYLE
IG0000176,- Apple Vision Pro: Worth $3500?! My Honest Week With It,source_438,source_438,True,Company_A,content_editor_03,Tech_Analysis,English,news_bulletin,reels,Instagram,,True,2025-12-07 00:00:00.000000,44.29,27.516666666666666,59.0,97.0,Browse,25.51,1058888.0,44058.0,5950.0,799.0,3473.69,chapters,2025-12-07 07:18:37.993311,WS-TECH-ANALYSIS
IG0011597,- Vision Pro Review: The Future or Just an Expensive Toy?,source_438,source_438,True,Company_A,content_editor_03,Lifestyle,English,interview,reels,Instagram,,True,2025-12-07 00:00:00.000000,35.370000000000005,25.666666666666668,100.0,788.0,Shorts Feed,21.01,647129.0,203910.0,8653.0,8172.0,3494.2,key_moments,2025-12-07 00:57:28.729285,WS-LIFESTYLE
YT0004816,- I Lived in the Apple Vision Pro for a Week: Here's What I Found,source_438,source_438,True,Company_A,content_editor_03,Lifestyle,English,speech,shorts,Youtube,,True,2025-12-08 00:00:00.000000,18.63,9.716666666666669,61.07,575.0,Channel Page,12.47,1055145.0,81460.0,4123.0,323.0,649.6958333333333,chapters,2025-12-08 00:57:44.701391,WS-LIFESTYLE
IG0004816,- I Lived in the Apple Vision Pro for a Week: Here's What I Found,source_438,source_438,False,Company_A,content_editor_03,Lifestyle,English,speech,,,,False,2025-12-08 00:00:00.000000,18.63,,,,,,,,,,,summary,2025-12-08 08:20:19.558034,WS-LIFESTYLE
YT0019751,"- Apple Vision Pro: The Good, The Bad, and The $3500",source_438,source_438,False,Company_A,content_editor_03,Lifestyle,English,special_report,,,,False,2025-12-09 00:00:00.000000,39.2,,,,,,,,,,,key_moments,2025-12-09 13:29:45.564501,WS-LIFESTYLE
IG0019751,"- Apple Vision Pro: The Good, The Bad, and The $3500",source_438,source_438,False,Company_A,content_editor_03,Lifestyle,English,special_report,,,,False,2025-12-09 00:00:00.000000,39.2,,,,,,,,,,,chapters,2025-12-09 01:27:13.436718,WS-LIFESTYLE
YT0012244,- Apple Vision Pro Review: Is This the Future of EVERYTHING?,source_438,source_438,True,Company_A,content_editor_03,Tech_Analysis,English,special_report,shorts,Youtube,,True,2025-12-10 00:00:00.000000,20.24,8.033333333333333,10.18,95.0,Channel Page,18.26,1175001.0,79322.0,2510.0,820.0,174.07416666666668,key_moments,2025-12-10 04:20:05.066283,WS-TECH-ANALYSIS
YT0021124,- iPhone 16 Pro Max: Worth the Hype or HUGE Disappointment?,source_440,source_440,True,Company_A,content_editor_03,Tech_Analysis,English,interview,shorts,Youtube,,True,2025-12-10 00:00:00.000000,71.72999999999999,22.7,26.79,365.0,Shorts Feed,19.28,932590.0,84204.0,6059.0,2812.0,3937.6021666666666,summary,2025-12-10 02:54:20.352065,WS-TECH-ANALYSIS
IG0012244,- Apple Vision Pro Review: Is This the Future of EVERYTHING?,source_438,source_438,False,Company_A,content_editor_03,Tech_Analysis,English,interview,,,,False,2025-12-10 00:00:00.000000,20.24,,,,,,,,,,,summary,2025-12-10 03:14:48.016858,WS-TECH-ANALYSIS
IG0021124,- iPhone 16 Pro Max: Worth the Hype or HUGE Disappointment?,source_440,source_440,True,Company_A,content_editor_03,Tech_Analysis,English,interview,reels,Instagram,,True,2025-12-10 00:00:00.000000,71.72999999999999,22.7,23.0,248.0,Shorts Feed,19.28,500925.0,49006.0,4508.0,1541.0,486.45,key_moments,2025-12-10 05:06:27.167698,WS-TECH-ANALYSIS
YT0021719,"- iPhone 16 Pro Max vs. EVERYTHING: Camera, Battery & the ULTIMATE Verdict!",source_440,source_440,True,Company_A,content_editor_03,Tech_Analysis,English,special_report,shorts,Youtube,,True,2025-12-11 00:00:00.000000,45.35,36.28333333333333,94.84,239.0,Browse,19.32,559029.0,61423.0,4163.0,321.0,4469.6438333333335,full_package,2025-12-11 01:25:18.861358,WS-TECH-ANALYSIS
YT0011543,- Don't Buy the iPhone 16 Pro Max Until You See THIS! (Regret Incoming?),source_440,source_440,False,Company_A,content_editor_03,Tech_Analysis,English,special_report,,,,False,2025-12-11 00:00:00.000000,47.24,,,,,,,,,,,chapters,2025-12-11 01:38:58.485926,WS-TECH-ANALYSIS
IG0021719,"- iPhone 16 Pro Max vs. EVERYTHING: Camera, Battery & the ULTIMATE Verdict!",source_440,source_440,True,Company_A,content_editor_03,Tech_Analysis,English,interview,reels,Instagram,,True,2025-12-11 00:00:00.000000,45.35,36.28333333333333,85.0,137.0,Browse,19.32,332188.0,38873.0,3303.0,263.0,2257.57,full_package,2025-12-11 03:08:36.108802,WS-TECH-ANALYSIS
IG0011543,- Don't Buy the iPhone 16 Pro Max Until You See THIS! (Regret Incoming?),source_440,source_440,True,Company_A,content_editor_03,Tech_Analysis,English,news_bulletin,reels,Instagram,,True,2025-12-11 00:00:00.000000,47.24,32.83333333333333,70.0,22.0,External,25.63,553968.0,51112.0,783.0,1449.0,2728.81,summary,2025-12-11 03:33:38.990808,WS-TECH-ANALYSIS
YT0001793,- Apple Vision Pro: Hype or the FUTURE?! (Honest 1-Week Review),source_441,source_441,True,Company_A,content_editor_03,Tech_Analysis,English,special_report,shorts,Youtube,,True,2025-12-12 00:00:00.000000,66.53,47.68333333333333,77.98,26.0,Channel Page,5.93,1296273.0,79012.0,7931.0,2668.0,14469.047166666664,chapters,2025-12-12 01:37:30.131397,WS-TECH-ANALYSIS
IG0001793,- Apple Vision Pro: Hype or the FUTURE?! (Honest 1-Week Review),source_441,source_441,True,Company_A,content_editor_03,Tech_Analysis,English,special_report,reels,Instagram,,True,2025-12-12 00:00:00.000000,66.53,47.68333333333333,64.0,17.0,Channel Page,5.93,749905.0,42300.0,4624.0,2104.0,5357.1,key_moments,2025-12-12 07:31:24.086636,WS-TECH-ANALYSIS
YT0018458,- I Replaced My Monitors with Apple Vision Pro (You Won't Believe What Happened),source_441,source_441,True,Company_A,content_editor_03,Tech_Analysis,English,special_report,shorts,Youtube,,True,2025-12-13 00:00:00.000000,64.28,22.48333333333333,30.4,525.0,Channel Page,6.48,762750.0,70613.0,529.0,684.0,3174.593666666666,key_moments,2025-12-13 02:51:50.671513,WS-TECH-ANALYSIS
IG0018458,- I Replaced My Monitors with Apple Vision Pro (You Won't Believe What Happened),source_441,source_441,False,Company_A,content_editor_03,Tech_Analysis,English,interview,,,,False,2025-12-13 00:00:00.000000,64.28,,,,,,,,,,,key_moments,2025-12-13 02:51:15.620232,WS-TECH-ANALYSIS
YT0004694,- Apple Vision Pro: The TRUTH After 1 Week! (Is it Worth $3500?),source_441,source_441,True,Company_A,content_editor_03,Tech_Analysis,English,speech,shorts,Youtube,,True,2025-12-14 00:00:00.000000,55.0,46.2,96.75,563.0,Channel Page,5.67,1347606.0,82354.0,6736.0,2881.0,14486.7645,full_package,2025-12-14 05:00:53.782846,WS-TECH-ANALYSIS
YT0020841,- Vision Pro: My HONEST Review After Living in VR for a Week,source_441,source_441,True,Company_A,content_editor_03,Lifestyle,English,special_report,shorts,Youtube,,True,2025-12-14 00:00:00.000000,37.27,15.383333333333333,35.4,606.0,Playlist,14.39,42401.0,3227.0,6128.0,766.0,92.85033333333334,chapters,2025-12-14 03:36:28.983638,WS-LIFESTYLE
YT0012144,"- Apple Vision Pro: The Good, The Bad, and The Ugly (1 Week Later)",source_441,source_441,False,Company_A,content_editor_03,Lifestyle,English,interview,,,,False,2025-12-14 00:00:00.000000,20.8,,,,,,,,,,,key_moments,2025-12-14 07:49:00.495415,WS-LIFESTYLE
YT0020609,- Vision Pro Broke Me: 7 Days in Apple's VR Headset,source_441,source_441,True,Company_A,content_editor_03,Tech_Analysis,English,news_bulletin,shorts,Youtube,,True,2025-12-14 00:00:00.000000,20.53,10.133333333333333,47.62,255.0,Suggested,14.79,1036984.0,96412.0,329.0,350.0,758.5346666666667,key_moments,2025-12-14 01:53:44.302761,WS-TECH-ANALYSIS
YT0011632,- Apple Vision Pro: The Future...Or Just an Expensive Toy?,source_441,source_441,True,Company_A,content_editor_03,Tech_Analysis,English,speech,shorts,Youtube,,True,2025-12-14 00:00:00.000000,40.57,11.866666666666667,17.08,514.0,Shorts Feed,24.01,1158433.0,78042.0,6917.0,1020.0,1405.1363333333331,full_package,2025-12-14 01:18:28.262429,WS-TECH-ANALYSIS
YT0020466,- Don't Buy Apple Vision Pro Until You Watch THIS! (1 Week Review),source_441,source_441,True,Company_A,content_editor_03,Tech_Analysis,English,speech,shorts,Youtube,,True,2025-12-14 00:00:00.000000,62.79,31.866666666666667,50.99,647.0,Notifications,26.82,1780706.0,95920.0,150.0,1141.0,12052.7415,summary,2025-12-14 03:07:19.093093,WS-TECH-ANALYSIS
IG0004694,- Apple Vision Pro: The TRUTH After 1 Week! (Is it Worth $3500?),source_441,source_441,True,Company_A,content_editor_03,Tech_Analysis,English,news_bulletin,reels,Instagram,,True,2025-12-14 00:00:00.000000,55.0,46.2,82.0,293.0,Channel Page,5.67,588171.0,52034.0,3814.0,2358.0,5184.73,chapters,2025-12-14 04:11:50.912198,WS-TECH-ANALYSIS
IG0020609,- Vision Pro Broke Me: 7 Days in Apple's VR Headset,source_441,source_441,True,Company_A,content_editor_03,Tech_Analysis,English,news_bulletin,reels,Instagram,,True,2025-12-14 00:00:00.000000,20.53,10.133333333333333,41.0,196.0,Suggested,14.79,504655.0,52435.0,240.0,211.0,151.35,full_package,2025-12-14 01:28:56.785211,WS-TECH-ANALYSIS
IG0011632,- Apple Vision Pro: The Future...Or Just an Expensive Toy?,source_441,source_441,True,Company_A,content_editor_03,Tech_Analysis,English,interview,reels,Instagram,,True,2025-12-14 00:00:00.000000,40.57,11.866666666666667,17.0,282.0,Shorts Feed,24.01,548404.0,52955.0,3789.0,798.0,113.08,key_moments,2025-12-14 01:19:04.686485,WS-TECH-ANALYSIS
IG0020466,- Don't Buy Apple Vision Pro Until You Watch THIS! (1 Week Review),source_441,source_441,True,Company_A,content_editor_03,Tech_Analysis,English,special_report,reels,Instagram,,True,2025-12-14 00:00:00.000000,62.79,31.866666666666667,44.0,492.0,Notifications,26.82,1142385.0,52965.0,99.0,756.0,3402.19,key_moments,2025-12-14 04:37:40.929583,WS-TECH-ANALYSIS
IG0020841,- Vision Pro: My HONEST Review After Living in VR for a Week,source_441,source_441,True,Company_A,content_editor_03,Lifestyle,English,special_report,reels,Instagram,,True,2025-12-14 00:00:00.000000,37.27,15.383333333333333,46.0,648.0,Playlist,14.39,102088.0,8833.0,8428.0,1938.0,102.83,chapters,2025-12-14 02:10:53.849178,WS-LIFESTYLE
IG0012144,"- Apple Vision Pro: The Good, The Bad, and The Ugly (1 Week Later)",source_441,source_441,True,Company_A,content_editor_03,Lifestyle,English,interview,reels,Instagram,,True,2025-12-14 00:00:00.000000,20.8,11.816666666666666,82.0,349.0,Notifications,4.45,51868.0,18210.0,1873.0,9760.0,51.0,key_moments,2025-12-14 01:15:05.139395,WS-LIFESTYLE
YT0016846,- Humane AI Pin: Genius or Garbage? (First Impressions),source_442,source_442,True,Company_A,content_editor_03,Lifestyle,English,interview,shorts,Youtube,,True,2025-12-16 00:00:00.000000,23.56,15.45,92.87,334.0,Suggested,29.94,834378.0,2227.0,5668.0,1299.0,1842.5846666666664,full_package,2025-12-16 08:39:31.407253,WS-LIFESTYLE
YT0001509,- I Bought the AI Pin... And I Regret It,source_442,source_442,True,Company_A,content_editor_03,Tech_Analysis,English,interview,shorts,Youtube,,True,2025-12-16 00:00:00.000000,65.74000000000001,42.083333333333336,68.16,391.0,External,29.29,998948.0,66770.0,6172.0,700.0,9596.3755,full_package,2025-12-16 02:24:46.694336,WS-TECH-ANALYSIS
YT0017794,- Apple Vision Pro: $3500 Gimmick or the FUTURE? 🤔,source_443,source_443,True,Company_A,content_editor_03,Tech_Analysis,English,speech,shorts,Youtube,,True,2025-12-16 00:00:00.000000,50.4,15.383333333333333,22.27,27.0,Playlist,4.06,1320.0,71741.0,4613.0,1400.0,2.8905000000000003,summary,2025-12-16 10:02:08.336054,WS-TECH-ANALYSIS
YT0001669,- Vision Pro Unfiltered: Honest Review After Real-World Use! 🤯,source_443,source_443,True,Company_A,content_editor_03,Tech_Analysis,English,speech,shorts,Youtube,,True,2025-12-16 00:00:00.000000,21.78,11.15,53.83,428.0,Browse,2.79,1561485.0,80274.0,6264.0,432.0,1583.1723333333332,key_moments,2025-12-16 04:05:31.747214,WS-TECH-ANALYSIS
YT0004277,- MicroLED: The Future of Displays is HERE!,source_444,source_444,True,Company_A,content_editor_03,Tech_Analysis,English,speech,shorts,Youtube,,True,2025-12-16 00:00:00.000000,26.64,14.2,57.56,617.0,Shorts Feed,27.32,582243.0,96861.0,6245.0,938.0,1083.619,summary,2025-12-16 05:03:49.393088,WS-TECH-ANALYSIS
IG0001509,- I Bought the AI Pin... And I Regret It,source_442,source_442,True,Company_A,content_editor_03,Tech_Analysis,English,interview,reels,Instagram,,True,2025-12-16 00:00:00.000000,65.74000000000001,42.083333333333336,55.0,275.0,External,29.29,672554.0,36451.0,4308.0,625.0,3553.48,key_moments,2025-12-16 03:22:38.498736,WS-TECH-ANALYSIS
IG0017794,- Apple Vision Pro: $3500 Gimmick or the FUTURE? 🤔,source_443,source_443,False,Company_A,content_editor_03,Tech_Analysis,English,interview,,,,False,2025-12-16 00:00:00.000000,50.4,,,,,,,,,,,full_package,2025-12-16 00:28:41.332002,WS-TECH-ANALYSIS
IG0001669,- Vision Pro Unfiltered: Honest Review After Real-World Use! 🤯,source_443,source_443,False,Company_A,content_editor_03,Tech_Analysis,English,special_report,,,,False,2025-12-16 00:00:00.000000,21.78,,,,,,,,,,,full_package,2025-12-16 01:36:39.658368,WS-TECH-ANALYSIS
IG0004277,- MicroLED: The Future of Displays is HERE!,source_444,source_444,True,Company_A,content_editor_03,Tech_Analysis,English,special_report,reels,Instagram,,True,2025-12-16 00:00:00.000000,26.64,14.2,46.0,416.0,Shorts Feed,27.32,328796.0,49903.0,3164.0,783.0,281.49,full_package,2025-12-16 03:37:02.265703,WS-TECH-ANALYSIS
IG0016846,- Humane AI Pin: Genius or Garbage? (First Impressions),source_442,source_442,True,Company_A,content_editor_03,Lifestyle,English,news_bulletin,reels,Instagram,,True,2025-12-16 00:00:00.000000,23.56,15.45,100.0,388.0,Suggested,29.94,1988762.0,5049.0,10435.0,3731.0,4918.87,key_moments,2025-12-16 05:21:18.905452,WS-LIFESTYLE
YT0005806,- Apple Vision Pro: The TRUTH After 1 Week! 😳,source_445,source_445,True,Company_A,content_editor_03,Tech_Analysis,English,news_bulletin,shorts,Youtube,,True,2025-12-17 00:00:00.000000,52.44,31.1,63.03,534.0,Suggested,23.27,976421.0,82925.0,2102.0,2464.0,6400.982166666667,full_package,2025-12-17 00:57:20.060260,WS-TECH-ANALYSIS
YT0020972,- $3500 Apple Vision Pro Review: Regret or the FUTURE? 🤔,source_445,source_445,True,Company_A,content_editor_03,Tech_Analysis,English,news_bulletin,shorts,Youtube,,True,2025-12-17 00:00:00.000000,52.27,21.116666666666667,36.54,374.0,Channel Page,16.89,1616206.0,71448.0,6560.0,1353.0,6113.1495,full_package,2025-12-17 03:49:55.560538,WS-TECH-ANALYSIS
YT0013166,- MicroLED vs. OLED: The ULTIMATE Display Showdown!,source_444,source_444,False,Company_A,content_editor_03,Tech_Analysis,English,news_bulletin,,,,False,2025-12-17 00:00:00.000000,50.86,,,,,,,,,,,my_key_moments,2025-12-17 01:37:47.431281,WS-TECH-ANALYSIS
YT0025699,- Is MicroLED the NEXT BIG THING? (Deep Dive),source_444,source_444,True,Company_A,content_editor_03,Lifestyle,English,news_bulletin,shorts,Youtube,,True,2025-12-17 00:00:00.000000,17.92,8.466666666666667,33.11,410.0,Playlist,26.08,1996508.0,19128.0,6270.0,2514.0,536.0993333333333,full_package,2025-12-17 04:49:33.122684,WS-LIFESTYLE
YT0023606,- Vision Pro Broke Me (and My Bank Account) 😭,source_445,source_445,False,Company_A,content_editor_03,Lifestyle,English,special_report,,,,False,2025-12-17 00:00:00.000000,24.12,,,,,,,,,,,summary,2025-12-17 03:56:18.228418,WS-LIFESTYLE
IG0005806,- Apple Vision Pro: The TRUTH After 1 Week! 😳,source_445,source_445,True,Company_A,content_editor_03,Tech_Analysis,English,interview,reels,Instagram,,True,2025-12-17 00:00:00.000000,52.44,31.1,61.0,391.0,Suggested,23.27,394792.0,53825.0,1528.0,1926.0,1578.73,key_moments,2025-12-17 07:15:02.458062,WS-TECH-ANALYSIS
IG0020972,- $3500 Apple Vision Pro Review: Regret or the FUTURE? 🤔,source_445,source_445,False,Company_A,content_editor_03,Tech_Analysis,English,interview,,,,False,2025-12-17 00:00:00.000000,52.27,,,,,,,,,,,key_moments,2025-12-17 09:23:27.631152,WS-TECH-ANALYSIS
IG0013166,- MicroLED vs. OLED: The ULTIMATE Display Showdown!,source_444,source_444,True,Company_A,content_editor_03,Tech_Analysis,English,special_report,reels,Instagram,,True,2025-12-17 00:00:00.000000,50.86,42.36666666666667,84.0,154.0,Suggested,2.26,943872.0,37427.0,2111.0,1394.0,7678.92,full_package,2025-12-17 05:46:28.919450,WS-TECH-ANALYSIS
IG0025699,- Is MicroLED the NEXT BIG THING? (Deep Dive),source_444,source_444,True,Company_A,content_editor_03,Lifestyle,English,interview,reels,Instagram,,True,2025-12-17 00:00:00.000000,17.92,8.466666666666667,40.0,569.0,Playlist,26.08,3953537.0,50980.0,8252.0,6973.0,424.64,key_moments,2025-12-17 07:57:41.165206,WS-LIFESTYLE
IG0023606,- Vision Pro Broke Me (and My Bank Account) 😭,source_445,source_445,False,Company_A,content_editor_03,Lifestyle,English,interview,,,,False,2025-12-17 00:00:00.000000,24.12,,,,,,,,,,,chapters,2025-12-17 03:01:20.304475,WS-LIFESTYLE
YT0023487,- Apple Vision Pro: Is the HYPE Real?! (Honest Review),source_445,source_445,True,Company_A,content_editor_03,Tech_Analysis,English,news_bulletin,shorts,Youtube,,True,2025-12-18 00:00:00.000000,61.45,48.96666666666667,89.27,427.0,Suggested,27.14,1147591.0,77397.0,5128.0,1913.0,13218.548166666667,full_package,2025-12-19 14:16:28.807927,WS-TECH-ANALYSIS
IG0023487,- Apple Vision Pro: Is the HYPE Real?! (Honest Review),source_445,source_445,False,Company_A,content_editor_03,Tech_Analysis,English,interview,,,,False,2025-12-18 00:00:00.000000,61.45,,,,,,,,,,,my_key_moments,2025-12-18 01:30:31.269658,WS-TECH-ANALYSIS
YT0003260,- I Lived in the Apple Vision Pro for a Week...Here's What Happened. 🤯,source_445,source_445,True,Company_A,content_editor_03,Lifestyle,English,news_bulletin,shorts,Youtube,,True,2025-12-19 00:00:00.000000,36.53,27.616666666666667,93.44,388.0,External,2.05,1498120.0,97620.0,5108.0,1431.0,8371.439,key_moments,2025-12-19 02:37:20.638204,WS-LIFESTYLE
YT0004339,- Vision Pro: $3500 Well Spent? (Developer's Brutal Truth),source_446,source_446,True,Company_A,content_editor_03,Tech_Analysis,English,speech,shorts,Youtube,,True,2025-12-19 00:00:00.000000,47.23,10.116666666666667,8.12,559.0,Suggested,5.85,1309409.0,89261.0,1812.0,2091.0,951.7463333333332,full_package,2025-12-19 08:13:36.009387,WS-TECH-ANALYSIS
IG0004339,- Vision Pro: $3500 Well Spent? (Developer's Brutal Truth),source_446,source_446,False,Company_A,content_editor_03,Tech_Analysis,English,speech,,,,False,2025-12-19 00:00:00.000000,47.23,,,,,,,,,,,key_moments,2025-12-19 07:18:15.695339,WS-TECH-ANALYSIS
IG0003260,- I Lived in the Apple Vision Pro for a Week...Here's What Happened. 🤯,source_445,source_445,True,Company_A,content_editor_03,Lifestyle,English,speech,reels,Instagram,,True,2025-12-19 00:00:00.000000,36.53,27.616666666666667,100.0,423.0,External,2.05,3250275.0,183680.0,9096.0,4400.0,20160.28,key_moments,2025-12-19 05:54:26.635197,WS-LIFESTYLE
YT0009397,"- Apple Vision Pro: The Good, The Bad, and the Ugly (Dev Reacts)",source_446,source_446,True,Company_A,content_editor_03,Tech_Analysis,English,interview,shorts,Youtube,,True,2025-12-22 00:00:00.000000,28.85,10.983333333333334,25.15,649.0,Suggested,25.59,103175.0,73350.0,3027.0,1574.0,99.83133333333332,chapters,2025-12-22 06:51:56.798977,WS-TECH-ANALYSIS
YT0008707,- I Developed for Vision Pro: My SHOCKING First Impressions!,source_446,source_446,True,Company_A,content_editor_03,Tech_Analysis,English,speech,shorts,Youtube,,True,2025-12-22 00:00:00.000000,25.08,13.083333333333332,55.39,660.0,Shorts Feed,6.01,19677.0,62542.0,132.0,775.0,30.5175,summary,2025-12-22 00:45:19.321724,WS-TECH-ANALYSIS
YT0022536,- Apple Vision Pro: The Metaverse Savior? (A Developer's Take),source_446,source_446,True,Company_A,content_editor_03,Tech_Analysis,English,interview,shorts,Youtube,,True,2025-12-22 00:00:00.000000,70.75999999999999,56.78333333333333,88.38,272.0,External,10.59,1385305.0,77388.0,5675.0,2.0,18964.56883333333,my_key_moments,2025-12-22 14:15:50.114297,WS-TECH-ANALYSIS
YT0011275,- Apple Vision Pro: Reality Check! 😬,source_447,source_447,True,Company_A,content_editor_03,Tech_Analysis,English,news_bulletin,shorts,Youtube,,True,2025-12-22 00:00:00.000000,49.07,10.666666666666666,9.29,672.0,Suggested,4.75,578728.0,97503.0,2058.0,1028.0,509.0663333333333,summary,2025-12-22 03:23:52.733586,WS-TECH-ANALYSIS
IG0009397,"- Apple Vision Pro: The Good, The Bad, and the Ugly (Dev Reacts)",source_446,source_446,False,Company_A,content_editor_03,Tech_Analysis,English,interview,,,,False,2025-12-22 00:00:00.000000,28.85,,,,,,,,,,,my_key_moments,2025-12-22 10:50:14.897189,WS-TECH-ANALYSIS
IG0008707,- I Developed for Vision Pro: My SHOCKING First Impressions!,source_446,source_446,True,Company_A,content_editor_03,Tech_Analysis,English,interview,reels,Instagram,,True,2025-12-22 00:00:00.000000,25.08,13.083333333333332,46.0,332.0,Shorts Feed,6.01,12661.0,41528.0,68.0,514.0,9.03,my_key_moments,2025-12-22 00:47:10.368580,WS-TECH-ANALYSIS
IG0022536,- Apple Vision Pro: The Metaverse Savior? (A Developer's Take),source_446,source_446,False,Company_A,content_editor_03,Tech_Analysis,English,speech,,,,False,2025-12-22 00:00:00.000000,70.75999999999999,,,,,,,,,,,key_moments,2025-12-22 04:54:40.865495,WS-TECH-ANALYSIS
IG0011275,- Apple Vision Pro: Reality Check! 😬,source_447,source_447,True,Company_A,content_editor_03,Tech_Analysis,English,speech,reels,Instagram,,True,2025-12-22 00:00:00.000000,49.07,10.666666666666666,9.0,404.0,Suggested,4.75,404758.0,64586.0,1171.0,774.0,32.04,key_moments,2025-12-22 02:32:54.486116,WS-TECH-ANALYSIS
YT0007986,- Apple Vision Pro: The TRUTH After 1 Week! 🤯,source_447,source_447,True,Company_A,content_editor_03,Tech_Analysis,English,special_report,shorts,Youtube,,True,2025-12-23 00:00:00.000000,59.56,47.96666666666667,90.81,143.0,Suggested,18.89,889040.0,95036.0,2894.0,1996.0,9993.468166666666,summary,2025-12-23 06:19:18.172868,WS-TECH-ANALYSIS
YT0024564,- iPhone 16: Worth the Hype?! (1 Week Later),source_448,source_448,True,Company_A,content_editor_03,Tech_Analysis,English,speech,shorts,Youtube,,True,2025-12-23 00:00:00.000000,25.32,16.633333333333333,88.5,142.0,Browse,27.87,1603434.0,97951.0,1058.0,408.0,4067.9715,summary,2025-12-23 05:09:17.695756,WS-TECH-ANALYSIS
IG0007986,- Apple Vision Pro: The TRUTH After 1 Week! 🤯,source_447,source_447,False,Company_A,content_editor_03,Tech_Analysis,English,interview,,,,False,2025-12-23 00:00:00.000000,59.56,,,,,,,,,,,full_package,2025-12-23 05:21:39.254044,WS-TECH-ANALYSIS
IG0024564,- iPhone 16: Worth the Hype?! (1 Week Later),source_448,source_448,False,Company_A,content_editor_03,Tech_Analysis,English,speech,,,,False,2025-12-23 00:00:00.000000,25.32,,,,,,,,,,,key_moments,2025-12-23 01:42:52.320468,WS-TECH-ANALYSIS
YT0003368,- iPhone 16 Battery Test: Did Apple FINALLY Fix It?,source_448,source_448,True,Company_A,content_editor_03,Tech_Analysis,English,interview,shorts,Youtube,,True,2025-12-24 00:00:00.000000,62.78,48.16666666666666,85.11,584.0,Notifications,20.69,863589.0,77493.0,3199.0,2139.0,9755.357166666668,chapters,2025-12-24 03:49:18.446273,WS-TECH-ANALYSIS
YT0011733,- iPhone 16: The ULTIMATE Gaming Test! (Ray Tracing!),source_448,source_448,True,Company_A,content_editor_03,Tech_Analysis,English,interview,shorts,Youtube,,True,2025-12-24 00:00:00.000000,20.63,7.783333333333333,5.03,69.0,Search,20.98,228870.0,74772.0,2341.0,2079.0,18.012999999999998,key_moments,2025-12-24 03:27:47.117376,WS-TECH-ANALYSIS
IG0003368,- iPhone 16 Battery Test: Did Apple FINALLY Fix It?,source_448,source_448,False,Company_A,content_editor_03,Tech_Analysis,English,interview,,,,False,2025-12-24 00:00:00.000000,62.78,,,,,,,,,,,key_moments,2025-12-24 05:56:41.825881,WS-TECH-ANALYSIS
IG0011733,- iPhone 16: The ULTIMATE Gaming Test! (Ray Tracing!),source_448,source_448,False,Company_A,content_editor_03,Tech_Analysis,English,interview,,,,False,2025-12-24 00:00:00.000000,20.63,,,,,,,,,,,key_moments,2025-12-24 08:49:34.554704,WS-TECH-ANALYSIS
YT0004696,"- iPhone 16: The Good, The Bad, and The Ugly!",source_448,source_448,False,Company_A,content_editor_03,Tech_Analysis,English,interview,,,,False,2025-12-25 00:00:00.000000,68.8,,,,,,,,,,,key_moments,2025-12-25 04:30:42.137478,WS-TECH-ANALYSIS
YT0011976,- My Week in Chaos: Burnt Toast & Existential Crises,source_449,source_449,False,Company_A,content_editor_03,Lifestyle,English,special_report,,,,False,2025-12-25 00:00:00.000000,16.93,,,,,,,,,,,chapters,2025-12-25 01:26:27.699672,WS-LIFESTYLE
IG0004696,"- iPhone 16: The Good, The Bad, and The Ugly!",source_448,source_448,True,Company_A,content_editor_03,Tech_Analysis,English,interview,reels,Instagram,,True,2025-12-25 00:00:00.000000,68.8,33.88333333333333,40.0,161.0,Notifications,1.73,191767.0,48919.0,2232.0,2323.0,562.16,key_moments,2025-12-25 04:21:34.200579,WS-TECH-ANALYSIS
IG0011976,- My Week in Chaos: Burnt Toast & Existential Crises,source_449,source_449,True,Company_A,content_editor_03,Lifestyle,English,interview,reels,Instagram,,True,2025-12-25 00:00:00.000000,16.93,8.116666666666667,39.0,129.0,Channel Page,7.19,1807545.0,11710.0,756.0,6893.0,120.75,key_moments,2025-12-26 08:18:10.246303,WS-LIFESTYLE
YT0011809,- Adulting Fails & Questionable Choices: A Week in My Life,source_449,source_449,True,Company_A,content_editor_03,Tech_Analysis,English,special_report,shorts,Youtube,,True,2025-12-26 00:00:00.000000,61.32,37.3,64.34,92.0,Playlist,22.56,60393.0,90238.0,4793.0,365.0,499.9198333333333,chapters,2025-12-26 14:55:33.275665,WS-TECH-ANALYSIS
IG0011809,- Adulting Fails & Questionable Choices: A Week in My Life,source_449,source_449,True,Company_A,content_editor_03,Tech_Analysis,English,interview,reels,Instagram,,True,2025-12-26 00:00:00.000000,61.32,37.3,52.0,47.0,Playlist,22.56,32297.0,46602.0,3774.0,183.0,139.02,key_moments,2025-12-26 00:22:13.368646,WS-TECH-ANALYSIS
YT0020463,- Surviving the Grind: My Hilariously Relatable Weekly Vlog,source_449,source_449,True,Company_A,content_editor_03,Tech_Analysis,English,speech,shorts,Youtube,,True,2025-12-27 00:00:00.000000,66.95,17.5,19.25,494.0,Shorts Feed,26.8,1131436.0,79465.0,1831.0,2186.0,3142.877833333333,chapters,2025-12-27 04:12:28.518366,WS-TECH-ANALYSIS
YT0028629,"- My Week in a Nutshell: Gym Fails, Bad TV & Everything In Between",source_449,source_449,False,Company_A,content_editor_03,Lifestyle,English,news_bulletin,,,,False,2025-12-27 00:00:00.000000,32.9,,,,,,,,,,,key_moments,2025-12-27 08:25:53.864083,WS-LIFESTYLE
YT0019802,- ARM vs. x86: The LAPTOP Revolution is HERE! 💻,source_450,source_450,False,Company_A,content_editor_03,Tech_Analysis,English,special_report,,,,False,2025-12-27 00:00:00.000000,64.75,,,,,,,,,,,chapters,2025-12-27 03:27:25.593152,WS-TECH-ANALYSIS
YT0017653,- M3 MacBook Pro vs. Snapdragon X Elite: The ULTIMATE Battle! 🥊,source_450,source_450,False,Company_A,content_editor_03,Tech_Analysis,English,news_bulletin,,,,False,2025-12-27 00:00:00.000000,56.25,,,,,,,,,,,key_moments,2025-12-27 02:46:05.762519,WS-TECH-ANALYSIS
YT0013485,- Forget Intel! Is ARM the Future of PCs? 🤔,source_450,source_450,True,Company_A,content_editor_03,Tech_Analysis,English,interview,shorts,Youtube,,True,2025-12-27 00:00:00.000000,73.05,33.0,43.93,265.0,Notifications,13.87,142451.0,97652.0,5506.0,1534.0,1009.028,chapters,2025-12-27 03:13:50.800962,WS-TECH-ANALYSIS
IG0020463,- Surviving the Grind: My Hilariously Relatable Weekly Vlog,source_449,source_449,False,Company_A,content_editor_03,Tech_Analysis,English,interview,,,,False,2025-12-27 00:00:00.000000,66.95,,,,,,,,,,,chapters,2025-12-27 06:13:18.182002,WS-TECH-ANALYSIS
IG0019802,- ARM vs. x86: The LAPTOP Revolution is HERE! 💻,source_450,source_450,True,Company_A,content_editor_03,Tech_Analysis,English,speech,reels,Instagram,,True,2025-12-27 00:00:00.000000,64.75,56.583333333333336,95.0,237.0,Browse,5.89,91365.0,42141.0,2179.0,410.0,1183.41,key_moments,2025-12-27 01:35:45.702747,WS-TECH-ANALYSIS
IG0017653,- M3 MacBook Pro vs. Snapdragon X Elite: The ULTIMATE Battle! 🥊,source_450,source_450,True,Company_A,content_editor_03,Tech_Analysis,English,speech,reels,Instagram,,True,2025-12-27 00:00:00.000000,56.25,27.516666666666666,39.0,173.0,Channel Page,8.6,53154.0,46896.0,1615.0,564.0,115.26,key_moments,2025-12-27 10:21:09.642746,WS-TECH-ANALYSIS
IG0013485,- Forget Intel! Is ARM the Future of PCs? 🤔,source_450,source_450,True,Company_A,content_editor_03,Tech_Analysis,English,speech,reels,Instagram,,True,2025-12-27 00:00:00.000000,73.05,33.0,44.0,143.0,Notifications,13.87,96498.0,52991.0,3163.0,1043.0,300.75,key_moments,2025-12-27 03:49:29.194485,WS-TECH-ANALYSIS
IG0028629,"- My Week in a Nutshell: Gym Fails, Bad TV & Everything In Between",source_449,source_449,True,Company_A,content_editor_03,Lifestyle,English,interview,reels,Instagram,,True,2025-12-27 00:00:00.000000,32.9,8.533333333333333,7.0,848.0,Shorts Feed,13.31,1944992.0,51585.0,4059.0,5215.0,39.08,key_moments,2025-12-27 01:53:35.563775,WS-LIFESTYLE
YT0012438,"- Vision Pro: Future or $3,500 Toy? (Honest Review)",source_451,source_451,True,Company_A,content_editor_03,Tech_Analysis,English,speech,shorts,Youtube,,True,2025-12-28 00:00:00.000000,66.78999999999999,15.583333333333334,15.61,538.0,Playlist,15.01,1808132.0,92850.0,5790.0,1605.0,4059.926,key_moments,2025-12-28 09:49:59.876651,WS-TECH-ANALYSIS
IG0012438,"- Vision Pro: Future or $3,500 Toy? (Honest Review)",source_451,source_451,False,Company_A,content_editor_03,Tech_Analysis,English,special_report,,,,False,2025-12-28 00:00:00.000000,66.78999999999999,,,,,,,,,,,chapters,2025-12-28 01:09:43.396525,WS-TECH-ANALYSIS
YT0028442,- I Lived in the Apple Vision Pro for a Week (Here's What Happened),source_451,source_451,True,Company_A,content_editor_03,Lifestyle,English,interview,shorts,Youtube,,True,2025-12-29 00:00:00.000000,26.82,14.916666666666668,62.75,97.0,Browse,19.78,1643244.0,99408.0,5932.0,1485.0,3385.387,chapters,2025-12-29 02:33:55.549640,WS-LIFESTYLE
IG0028442,- I Lived in the Apple Vision Pro for a Week (Here's What Happened),source_451,source_451,True,Company_A,content_editor_03,Lifestyle,English,interview,reels,Instagram,,True,2025-12-29 00:00:00.000000,26.82,14.916666666666668,78.0,107.0,Browse,19.78,2956738.0,244151.0,10397.0,4173.0,4751.31,key_moments,2025-12-29 02:31:54.696897,WS-LIFESTYLE
YT0018695,- Vision Pro: Is THIS the Future of Entertainment?,source_451,source_451,True,Company_A,content_editor_03,Tech_Analysis,English,news_bulletin,shorts,Youtube,,True,2025-12-30 00:00:00.000000,30.27,21.2,89.72,118.0,Shorts Feed,29.88,851617.0,76472.0,423.0,2942.0,3240.875833333333,chapters,2025-12-30 22:13:48.414845,WS-TECH-ANALYSIS
YT0005971,- Apple Vision Pro: The TRUTH After One Week!,source_451,source_451,True,Company_A,content_editor_03,Tech_Analysis,English,interview,shorts,Youtube,,True,2025-12-30 00:00:00.000000,41.39,21.9,54.57,377.0,Search,13.72,1376082.0,92112.0,6647.0,1912.0,5504.328,key_moments,2025-12-30 02:18:44.571738,WS-TECH-ANALYSIS
YT0005750,- Vision Pro vs. Reality: My Honest Review,source_451,source_451,True,Company_A,content_editor_03,Tech_Analysis,English,speech,shorts,Youtube,,True,2025-12-30 00:00:00.000000,62.62,45.13333333333333,79.03,615.0,Suggested,21.26,59057.0,78423.0,955.0,319.0,617.3643333333333,summary,2025-12-30 00:42:48.330380,WS-TECH-ANALYSIS
IG0018695,- Vision Pro: Is THIS the Future of Entertainment?,source_451,source_451,True,Company_A,content_editor_03,Tech_Analysis,English,speech,reels,Instagram,,True,2025-12-30 00:00:00.000000,30.27,21.2,76.0,94.0,Shorts Feed,29.88,445977.0,47715.0,225.0,1758.0,1289.86,summary,2025-12-30 02:30:41.057199,WS-TECH-ANALYSIS
IG0005971,- Apple Vision Pro: The TRUTH After One Week!,source_451,source_451,True,Company_A,content_editor_03,Tech_Analysis,English,speech,reels,Instagram,,True,2025-12-30 00:00:00.000000,41.39,21.9,52.0,289.0,Search,13.72,565245.0,53985.0,5240.0,1537.0,1175.71,summary,2025-12-30 05:45:31.794426,WS-TECH-ANALYSIS
IG0005750,- Vision Pro vs. Reality: My Honest Review,source_451,source_451,False,Company_A,content_editor_03,Tech_Analysis,English,speech,,,,False,2025-12-30 00:00:00.000000,62.62,,,,,,,,,,,key_moments,2025-12-30 07:29:23.816669,WS-TECH-ANALYSIS
YT0019456,- Apple Vision Pro: Reality Check After 1 Week!,source_452,source_452,True,Company_A,content_editor_03,Tech_Analysis,English,news_bulletin,shorts,Youtube,,True,2025-12-31 00:00:00.000000,52.15,29.466666666666665,59.13,634.0,Playlist,26.39,1439523.0,88616.0,1797.0,1397.0,8783.756,chapters,2026-01-01 00:43:04.301038,WS-TECH-ANALYSIS
YT0014087,- $3500 Apple Vision Pro: Worth It or Hype?,source_452,source_452,True,Company_A,content_editor_03,Lifestyle,English,interview,shorts,Youtube,,True,2025-12-31 00:00:00.000000,34.3,16.25,45.34,518.0,Channel Page,9.18,1722501.0,18944.0,4996.0,1272.0,4186.634333333333,full_package,2025-12-31 12:19:38.107050,WS-LIFESTYLE
YT0025866,"- Vision Pro Unfiltered: The Good, The Bad & The Ugly",source_452,source_452,False,Company_A,content_editor_03,Lifestyle,English,interview,,,,False,2025-12-31 00:00:00.000000,26.91,,,,,,,,,,,key_moments,2025-12-31 04:38:56.070188,WS-LIFESTYLE
IG0019456,- Apple Vision Pro: Reality Check After 1 Week!,source_452,source_452,True,Company_A,content_editor_03,Tech_Analysis,English,special_report,reels,Instagram,,True,2025-12-31 00:00:00.000000,52.15,29.466666666666665,49.0,448.0,Playlist,26.39,789063.0,46886.0,1379.0,833.0,2359.23,key_moments,2025-12-31 01:57:37.534944,WS-TECH-ANALYSIS
IG0014087,- $3500 Apple Vision Pro: Worth It or Hype?,source_452,source_452,True,Company_A,content_editor_03,Lifestyle,English,interview,reels,Instagram,,True,2025-12-31 00:00:00.000000,34.3,16.25,54.0,670.0,Channel Page,9.18,3626168.0,43299.0,7910.0,3815.0,4759.35,summary,2025-12-31 14:39:56.777236,WS-LIFESTYLE
IG0025866,"- Vision Pro Unfiltered: The Good, The Bad & The Ugly",source_452,source_452,True,Company_A,content_editor_03,Lifestyle,English,interview,reels,Instagram,,True,2025-12-31 00:00:00.000000,26.91,15.5,80.0,863.0,Search,0.3,4338465.0,43445.0,4427.0,3410.0,7712.83,key_moments,2025-12-31 02:58:42.854158,WS-LIFESTYLE
YT0001555,- Apple Vision Pro Replaced My Monitor...For a Day!,source_452,source_452,True,Company_A,content_editor_03,Lifestyle,English,interview,shorts,Youtube,,True,2026-01-01 00:00:00.000000,18.06,7.8,9.8,459.0,Search,15.24,779515.0,19128.0,3244.0,1252.0,64.95966666666666,key_moments,2026-01-01 02:21:45.409881,WS-LIFESTYLE
YT0000959,- Vision Pro: Is This the FUTURE or a Fad?,source_452,source_452,True,Company_A,content_editor_03,Lifestyle,English,interview,shorts,Youtube,,True,2026-01-01 00:00:00.000000,16.93,9.25,90.67,100.0,Browse,20.39,1520808.0,84858.0,6799.0,465.0,739.2816666666666,summary,2026-01-01 02:51:54.690744,WS-LIFESTYLE
YT0015482,- I Lived in Apple Vision Pro for a Week (and Regret It),source_452,source_452,True,Company_A,content_editor_03,Tech_Analysis,English,interview,shorts,Youtube,,True,2026-01-01 00:00:00.000000,21.65,8.333333333333334,12.53,61.0,Browse,16.83,686460.0,86365.0,757.0,1059.0,158.90283333333335,key_moments,2026-01-01 01:28:07.775333,WS-TECH-ANALYSIS
YT0022883,- Vision Pro: Genius or Gimmick? My Honest Review,source_452,source_452,False,Company_A,content_editor_03,Lifestyle,English,interview,,,,False,2026-01-01 00:00:00.000000,22.6,,,,,,,,,,,key_moments,2026-01-01 02:45:26.541542,WS-LIFESTYLE
IG0015482,- I Lived in Apple Vision Pro for a Week (and Regret It),source_452,source_452,False,Company_A,content_editor_03,Tech_Analysis,English,news_bulletin,,,,False,2026-01-01 00:00:00.000000,21.65,,,,,,,,,,,key_moments,2026-01-01 03:19:10.122658,WS-TECH-ANALYSIS
IG0001555,- Apple Vision Pro Replaced My Monitor...For a Day!,source_452,source_452,True,Company_A,content_editor_03,Lifestyle,English,interview,reels,Instagram,,True,2026-01-01 00:00:00.000000,18.06,7.8,11.0,483.0,Search,15.24,1479385.0,43064.0,6222.0,2924.0,13.56,chapters,2026-01-01 07:10:35.602724,WS-LIFESTYLE
IG0000959,- Vision Pro: Is This the FUTURE or a Fad?,source_452,source_452,True,Company_A,content_editor_03,Lifestyle,English,news_bulletin,reels,Instagram,,True,2026-01-01 00:00:00.000000,16.93,9.25,100.0,125.0,Browse,20.39,3211368.0,162534.0,10077.0,1142.0,1685.97,key_moments,2026-01-01 02:55:56.666314,WS-LIFESTYLE
IG0022883,- Vision Pro: Genius or Gimmick? My Honest Review,source_452,source_452,False,Company_A,content_editor_03,Lifestyle,English,news_bulletin,,,,False,2026-01-01 00:00:00.000000,22.6,,,,,,,,,,,full_package,2026-01-01 01:27:03.986528,WS-LIFESTYLE
YT0024183,- Apple Vision Pro: The TRUTH Apple Doesn't Want You To See!,source_453,source_453,True,Company_A,content_editor_03,Tech_Analysis,English,interview,shorts,Youtube,,True,2026-01-03 00:00:00.000000,57.09,29.23333333333333,51.64,505.0,Browse,1.32,371428.0,63809.0,6511.0,1587.0,2242.324666666667,key_moments,2026-01-03 01:06:31.673164,WS-TECH-ANALYSIS
YT0014078,- I Lived in the Apple Vision Pro for a Week... Here's What I Found.,source_453,source_453,True,Company_A,content_editor_03,Tech_Analysis,English,speech,shorts,Youtube,,True,2026-01-03 00:00:00.000000,45.2,13.983333333333334,21.47,103.0,Browse,17.91,377834.0,92796.0,6741.0,1535.0,680.4509999999999,summary,2026-01-03 04:43:48.424967,WS-TECH-ANALYSIS
YT0006671,- Apple Vision Pro: Don't Buy It Until You See THIS!,source_453,source_453,True,Company_A,content_editor_03,Tech_Analysis,English,special_report,shorts,Youtube,,True,2026-01-03 00:00:00.000000,17.16,8.5,46.3,427.0,Suggested,20.15,330228.0,96982.0,561.0,861.0,91.73,key_moments,2026-01-03 04:14:21.432424,WS-TECH-ANALYSIS
IG0024183,- Apple Vision Pro: The TRUTH Apple Doesn't Want You To See!,source_453,source_453,True,Company_A,content_editor_03,Tech_Analysis,English,speech,reels,Instagram,,True,2026-01-03 00:00:00.000000,57.09,29.23333333333333,45.0,262.0,Browse,1.32,163794.0,31329.0,4897.0,866.0,444.97,chapters,2026-01-03 02:34:02.182302,WS-TECH-ANALYSIS
IG0014078,- I Lived in the Apple Vision Pro for a Week... Here's What I Found.,source_453,source_453,False,Company_A,content_editor_03,Tech_Analysis,English,interview,,,,False,2026-01-03 00:00:00.000000,45.2,,,,,,,,,,,key_moments,2026-01-03 02:45:07.212608,WS-TECH-ANALYSIS
IG0006671,- Apple Vision Pro: Don't Buy It Until You See THIS!,source_453,source_453,False,Company_A,content_editor_03,Tech_Analysis,English,interview,,,,False,2026-01-03 00:00:00.000000,17.16,,,,,,,,,,,full_package,2026-01-03 05:27:28.829180,WS-TECH-ANALYSIS
YT0022846,- Chaos Coordinator: A Day in My Unexpected Life,source_455,source_455,True,Company_A,content_editor_03,Tech_Analysis,English,interview,shorts,Youtube,,True,2026-01-05 00:00:00.000000,53.57,39.08333333333333,81.89,679.0,Suggested,3.13,1412815.0,76742.0,6741.0,684.0,12394.835333333333,key_moments,2026-01-05 12:10:01.374998,WS-TECH-ANALYSIS
YT0007964,- Life Threw Me a Curveball (and I Kind of Liked It?),source_455,source_455,False,Company_A,content_editor_03,Lifestyle,English,special_report,,,,False,2026-01-05 00:00:00.000000,32.629999999999995,,,,,,,,,,,key_moments,2026-01-05 02:08:34.583814,WS-LIFESTYLE
YT0024089,- Unexpected Family Visit = Total Mayhem! 🤣,source_455,source_455,False,Company_A,content_editor_03,Lifestyle,English,news_bulletin,,,,False,2026-01-05 00:00:00.000000,16.9,,,,,,,,,,,full_package,2026-01-05 04:17:41.459994,WS-LIFESTYLE
IG0022846,- Chaos Coordinator: A Day in My Unexpected Life,source_455,source_455,True,Company_A,content_editor_03,Tech_Analysis,English,speech,reels,Instagram,,True,2026-01-05 00:00:00.000000,53.57,39.08333333333333,72.0,531.0,Suggested,3.13,965332.0,52541.0,4224.0,488.0,6097.68,key_moments,2026-01-05 08:36:35.577400,WS-TECH-ANALYSIS
IG0007964,- Life Threw Me a Curveball (and I Kind of Liked It?),source_455,source_455,True,Company_A,content_editor_03,Lifestyle,English,speech,reels,Instagram,,True,2026-01-05 00:00:00.000000,32.629999999999995,12.783333333333331,34.0,808.0,Shorts Feed,29.89,3512743.0,31688.0,10388.0,1625.0,1752.79,key_moments,2026-01-05 02:08:59.497588,WS-LIFESTYLE
IG0024089,- Unexpected Family Visit = Total Mayhem! 🤣,source_455,source_455,False,Company_A,content_editor_03,Lifestyle,English,news_bulletin,,,,False,2026-01-05 00:00:00.000000,16.9,,,,,,,,,,,chapters,2026-01-05 03:57:01.039386,WS-LIFESTYLE
YT0022995,- The Future of Wireless Charging is HERE!,source_456,source_456,False,Company_A,content_editor_03,Lifestyle,English,speech,,,,False,2026-01-06 00:00:00.000000,35.25,,,,,,,,,,,full_package,2026-01-06 03:52:48.876170,WS-LIFESTYLE
YT0012760,- Wireless Charging 2.0: Ultrasound Power?!,source_456,source_456,True,Company_A,content_editor_03,Tech_Analysis,English,interview,shorts,Youtube,,True,2026-01-06 00:00:00.000000,37.4,23.05,69.42,504.0,Notifications,11.39,1938265.0,84620.0,7533.0,848.0,8372.228,full_package,2026-01-06 01:24:03.962677,WS-TECH-ANALYSIS
YT0000185,- Say Goodbye to Cables FOREVER!,source_456,source_456,True,Company_A,content_editor_03,Tech_Analysis,English,news_bulletin,shorts,Youtube,,True,2026-01-06 00:00:00.000000,65.68,45.66666666666666,75.31,342.0,External,13.71,910060.0,99583.0,2076.0,1659.0,9648.321333333331,full_package,2026-01-06 04:34:38.017870,WS-TECH-ANALYSIS
IG0012760,- Wireless Charging 2.0: Ultrasound Power?!,source_456,source_456,True,Company_A,content_editor_03,Tech_Analysis,English,special_report,reels,Instagram,,True,2026-01-06 00:00:00.000000,37.4,23.05,60.0,361.0,Notifications,11.39,982925.0,50454.0,4178.0,483.0,2547.41,chapters,2026-01-06 04:06:08.018781,WS-TECH-ANALYSIS
IG0000185,- Say Goodbye to Cables FOREVER!,source_456,source_456,True,Company_A,content_editor_03,Tech_Analysis,English,interview,reels,Instagram,,True,2026-01-06 00:00:00.000000,65.68,45.66666666666666,66.0,213.0,External,13.71,568357.0,68064.0,1476.0,1101.0,3976.92,chapters,2026-01-06 06:14:10.112072,WS-TECH-ANALYSIS
IG0022995,- The Future of Wireless Charging is HERE!,source_456,source_456,True,Company_A,content_editor_03,Lifestyle,English,special_report,reels,Instagram,,True,2026-01-06 00:00:00.000000,35.25,23.416666666666664,96.0,547.0,Suggested,9.35,1634279.0,179507.0,11844.0,9550.0,6936.61,key_moments,2026-01-06 01:32:51.804821,WS-LIFESTYLE
YT0025595,- Apple Vision Pro: Dev's Honest Review - Hype or Reality?,source_458,source_458,True,Company_A,content_editor_03,Tech_Analysis,English,news_bulletin,shorts,Youtube,,True,2026-01-07 00:00:00.000000,70.9,34.2,47.76,198.0,Channel Page,13.86,515319.0,91352.0,6866.0,317.0,3821.949333333333,chapters,2026-01-07 04:01:55.318133,WS-TECH-ANALYSIS
YT0028228,- Wireless Earbuds Are Doomed?! (Tech Deep Dive),source_457,source_457,False,Company_A,content_editor_03,Tech_Analysis,English,interview,,,,False,2026-01-07 00:00:00.000000,30.75,,,,,,,,,,,summary,2026-01-07 12:04:53.672055,WS-TECH-ANALYSIS
YT0014431,- The *Future* of Audio is WILD 🎧🤯,source_457,source_457,False,Company_A,content_editor_03,Tech_Analysis,English,special_report,,,,False,2026-01-07 00:00:00.000000,68.03,,,,,,,,,,,key_moments,2026-01-07 21:04:45.685677,WS-TECH-ANALYSIS
YT0028341,- Wireless Charging: Dead or REBORN?,source_456,source_456,True,Company_A,content_editor_03,Tech_Analysis,English,interview,shorts,Youtube,,True,2026-01-07 00:00:00.000000,43.32,11.7,14.83,409.0,External,25.5,558187.0,72877.0,7405.0,2433.0,651.2181666666667,summary,2026-01-07 11:08:18.207067,WS-TECH-ANALYSIS
IG0025595,- Apple Vision Pro: Dev's Honest Review - Hype or Reality?,source_458,source_458,True,Company_A,content_editor_03,Tech_Analysis,English,interview,reels,Instagram,,True,2026-01-07 00:00:00.000000,70.9,34.2,39.0,122.0,Channel Page,13.86,273976.0,47083.0,4233.0,166.0,792.48,full_package,2026-01-07 01:33:35.726706,WS-TECH-ANALYSIS
IG0028228,- Wireless Earbuds Are Doomed?! (Tech Deep Dive),source_457,source_457,True,Company_A,content_editor_03,Tech_Analysis,English,interview,reels,Instagram,,True,2026-01-07 00:00:00.000000,30.75,17.633333333333333,64.0,200.0,Suggested,18.72,88472.0,41932.0,1373.0,535.0,159.38,key_moments,2026-01-07 05:44:17.332729,WS-TECH-ANALYSIS
IG0014431,- The *Future* of Audio is WILD 🎧🤯,source_457,source_457,True,Company_A,content_editor_03,Tech_Analysis,English,speech,reels,Instagram,,True,2026-01-07 00:00:00.000000,68.03,14.416666666666668,13.0,333.0,Shorts Feed,11.52,71583.0,38600.0,4053.0,1249.0,17.88,full_package,2026-01-07 02:43:03.633579,WS-TECH-ANALYSIS
IG0028341,- Wireless Charging: Dead or REBORN?,source_456,source_456,False,Company_A,content_editor_03,Tech_Analysis,English,news_bulletin,,,,False,2026-01-07 00:00:00.000000,43.32,,,,,,,,,,,key_moments,2026-01-07 05:01:11.727150,WS-TECH-ANALYSIS
YT0009217,- Vision Pro: 1 Week as a Developer - Here's What I Found,source_458,source_458,False,Company_A,content_editor_03,Tech_Analysis,English,interview,,,,False,2026-01-08 00:00:00.000000,34.95,,,,,,,,,,,key_moments,2026-01-08 02:09:23.667527,WS-TECH-ANALYSIS
YT0019721,"- Apple Vision Pro: The Good, The Bad & The Ugly (Dev Perspective)",source_458,source_458,True,Company_A,content_editor_03,Lifestyle,English,interview,shorts,Youtube,,True,2026-01-08 00:00:00.000000,34.730000000000004,12.033333333333331,22.98,435.0,Suggested,20.12,1107514.0,87850.0,1876.0,1054.0,1394.647333333333,key_moments,2026-01-08 01:00:56.291759,WS-LIFESTYLE
YT0016312,- Coding on Vision Pro: Is Apple's Spatial Future Here?,source_458,source_458,False,Company_A,content_editor_03,Tech_Analysis,English,interview,,,,False,2026-01-08 00:00:00.000000,40.55,,,,,,,,,,,chapters,2026-01-08 03:02:11.127088,WS-TECH-ANALYSIS
YT0026394,- Apple Vision Pro: Reality Check! 😬,source_459,source_459,False,Company_A,content_editor_03,Tech_Analysis,English,interview,,,,False,2026-01-08 00:00:00.000000,17.05,,,,,,,,,,,key_moments,2026-01-08 07:07:49.675764,WS-TECH-ANALYSIS
IG0009217,- Vision Pro: 1 Week as a Developer - Here's What I Found,source_458,source_458,True,Company_A,content_editor_03,Tech_Analysis,English,special_report,reels,Instagram,,True,2026-01-08 00:00:00.000000,34.95,26.866666666666667,85.0,143.0,Channel Page,25.53,347253.0,41066.0,4381.0,1901.0,1587.88,summary,2026-01-08 05:02:11.087582,WS-TECH-ANALYSIS
IG0016312,- Coding on Vision Pro: Is Apple's Spatial Future Here?,source_458,source_458,True,Company_A,content_editor_03,Tech_Analysis,English,speech,reels,Instagram,,True,2026-01-08 00:00:00.000000,40.55,9.983333333333334,8.0,72.0,Notifications,1.57,300309.0,41636.0,5099.0,893.0,16.57,summary,2026-01-08 05:31:17.461353,WS-TECH-ANALYSIS
IG0026394,- Apple Vision Pro: Reality Check! 😬,source_459,source_459,True,Company_A,content_editor_03,Tech_Analysis,English,speech,reels,Instagram,,True,2026-01-08 00:00:00.000000,17.05,8.133333333333333,28.0,334.0,Notifications,18.76,442865.0,47103.0,4578.0,1642.0,21.82,summary,2026-01-08 04:45:21.045966,WS-TECH-ANALYSIS
IG0019721,"- Apple Vision Pro: The Good, The Bad & The Ugly (Dev Perspective)",source_458,source_458,True,Company_A,content_editor_03,Lifestyle,English,special_report,reels,Instagram,,True,2026-01-08 00:00:00.000000,34.730000000000004,12.033333333333331,27.0,605.0,Suggested,20.12,1896468.0,224901.0,2489.0,3057.0,644.8,chapters,2026-01-08 05:31:42.596218,WS-LIFESTYLE
YT0013388,- Apple Vision Pro: The TRUTH After 7 Days,source_459,source_459,True,Company_A,content_editor_03,Tech_Analysis,English,special_report,shorts,Youtube,,True,2026-01-11 00:00:00.000000,30.03,9.883333333333333,15.86,0.0,Channel Page,2.33,1614197.0,63140.0,3240.0,1389.0,1068.6581666666666,key_moments,2026-01-11 06:06:35.493992,WS-TECH-ANALYSIS
YT0004817,- Apple Vision Pro: Future or Flop? 📉,source_459,source_459,True,Company_A,content_editor_03,Tech_Analysis,English,interview,shorts,Youtube,,True,2026-01-11 00:00:00.000000,47.67,22.916666666666664,47.19,350.0,Browse,26.15,1537767.0,87683.0,940.0,806.0,6585.344833333334,full_package,2026-01-11 03:12:39.216261,WS-TECH-ANALYSIS
IG0013388,- Apple Vision Pro: The TRUTH After 7 Days,source_459,source_459,True,Company_A,content_editor_03,Tech_Analysis,English,interview,reels,Instagram,,True,2026-01-11 00:00:00.000000,30.03,9.883333333333333,15.0,0.0,Channel Page,2.33,714799.0,28351.0,2450.0,855.0,70.98,key_moments,2026-01-11 04:16:27.271716,WS-TECH-ANALYSIS
IG0004817,- Apple Vision Pro: Future or Flop? 📉,source_459,source_459,True,Company_A,content_editor_03,Tech_Analysis,English,news_bulletin,reels,Instagram,,True,2026-01-11 00:00:00.000000,47.67,22.916666666666664,47.0,263.0,Browse,26.15,721340.0,49564.0,659.0,546.0,1451.86,my_key_moments,2026-01-11 16:08:00.786174,WS-TECH-ANALYSIS
YT0014827,- Passkeys: The End of Passwords?! 🔑,source_461,source_461,False,Company_A,content_editor_03,Tech_Analysis,English,speech,,,,False,2026-01-12 00:00:00.000000,20.53,,,,,,,,,,,key_moments,2026-01-12 04:28:52.776819,WS-TECH-ANALYSIS
YT0001832,- Ditch Your Password Manager? Passkeys Explained!,source_461,source_461,False,Company_A,content_editor_03,Tech_Analysis,English,news_bulletin,,,,False,2026-01-12 00:00:00.000000,56.76,,,,,,,,,,,key_moments,2026-01-12 04:08:18.775133,WS-TECH-ANALYSIS
YT0012460,- ARM vs x86: The ULTIMATE Laptop Battle!,source_460,source_460,True,Company_A,content_editor_03,Tech_Analysis,English,news_bulletin,shorts,Youtube,,True,2026-01-12 00:00:00.000000,19.14,7.633333333333333,3.22,568.0,Shorts Feed,25.4,371431.0,60787.0,2047.0,2666.0,13.756666666666666,key_moments,2026-01-12 04:20:35.372453,WS-TECH-ANALYSIS
YT0008823,- Living in the Vision Pro: I'm Not Okay 🤯,source_459,source_459,True,Company_A,content_editor_03,Tech_Analysis,English,speech,shorts,Youtube,,True,2026-01-12 00:00:00.000000,50.77,39.08333333333333,88.3,471.0,Suggested,4.4,1499933.0,75244.0,72.0,591.0,13159.134499999998,summary,2026-01-12 03:21:36.321425,WS-TECH-ANALYSIS
IG0014827,- Passkeys: The End of Passwords?! 🔑,source_461,source_461,False,Company_A,content_editor_03,Tech_Analysis,English,news_bulletin,,,,False,2026-01-12 00:00:00.000000,20.53,,,,,,,,,,,my_key_moments,2026-01-12 02:49:24.928729,WS-TECH-ANALYSIS
IG0001832,- Ditch Your Password Manager? Passkeys Explained!,source_461,source_461,True,Company_A,content_editor_03,Tech_Analysis,English,special_report,reels,Instagram,,True,2026-01-12 00:00:00.000000,56.76,40.31666666666667,71.0,131.0,Suggested,26.35,810950.0,50804.0,2005.0,486.0,5248.61,full_package,2026-01-12 04:43:36.288393,WS-TECH-ANALYSIS
IG0012460,- ARM vs x86: The ULTIMATE Laptop Battle!,source_460,source_460,False,Company_A,content_editor_03,Tech_Analysis,English,interview,,,,False,2026-01-12 00:00:00.000000,19.14,,,,,,,,,,,key_moments,2026-01-12 02:40:08.576115,WS-TECH-ANALYSIS
IG0008823,- Living in the Vision Pro: I'm Not Okay 🤯,source_459,source_459,True,Company_A,content_editor_03,Tech_Analysis,English,interview,reels,Instagram,,True,2026-01-12 00:00:00.000000,50.77,39.08333333333333,87.0,251.0,Suggested,4.4,650880.0,43241.0,52.0,412.0,4967.93,key_moments,2026-01-12 03:33:37.562015,WS-TECH-ANALYSIS
YT0024027,- Passkeys vs. Passwords: The Future of Security! 🔒,source_461,source_461,True,Company_A,content_editor_03,Tech_Analysis,English,interview,shorts,Youtube,,True,2026-01-15 00:00:00.000000,59.67,36.18333333333334,64.21,386.0,Channel Page,21.71,1861407.0,76330.0,2463.0,1448.0,14830.932666666666,summary,2026-01-15 02:07:30.847617,WS-TECH-ANALYSIS
YT0010616,"- Google, Apple & Microsoft: Passkeys Are HERE!",source_461,source_461,True,Company_A,content_editor_03,Tech_Analysis,English,interview,shorts,Youtube,,True,2026-01-15 00:00:00.000000,62.15,47.0,83.78,671.0,Notifications,6.53,1205336.0,97061.0,74.0,2530.0,13225.2145,key_moments,2026-01-15 04:21:39.637929,WS-TECH-ANALYSIS
IG0024027,- Passkeys vs. Passwords: The Future of Security! 🔒,source_461,source_461,True,Company_A,content_editor_03,Tech_Analysis,English,special_report,reels,Instagram,,True,2026-01-15 00:00:00.000000,59.67,36.18333333333334,55.0,278.0,Channel Page,21.71,1006527.0,39390.0,1908.0,1104.0,4410.78,full_package,2026-01-15 06:22:59.078279,WS-TECH-ANALYSIS
IG0010616,"- Google, Apple & Microsoft: Passkeys Are HERE!",source_461,source_461,True,Company_A,content_editor_03,Tech_Analysis,English,speech,reels,Instagram,,True,2026-01-15 00:00:00.000000,62.15,47.0,78.0,406.0,Notifications,6.53,781614.0,56360.0,37.0,1720.0,6689.31,chapters,2026-01-15 03:22:34.461678,WS-TECH-ANALYSIS
YT0011389,- Passkeys: Ultimate Security or Just Hype? 🤔,source_461,source_461,True,Company_A,content_editor_03,Tech_Analysis,English,speech,shorts,Youtube,,True,2026-01-16 00:00:00.000000,67.21000000000001,30.816666666666663,44.66,511.0,Notifications,15.46,1309628.0,99484.0,7833.0,327.0,8482.2665,summary,2026-01-16 00:48:07.888052,WS-TECH-ANALYSIS
YT0003949,- Passwordless Future: How to Use Passkeys NOW!,source_461,source_461,False,Company_A,content_editor_03,Tech_Analysis,English,special_report,,,,False,2026-01-16 00:00:00.000000,58.66,,,,,,,,,,,chapters,2026-01-16 06:24:52.905331,WS-TECH-ANALYSIS
IG0011389,- Passkeys: Ultimate Security or Just Hype? 🤔,source_461,source_461,True,Company_A,content_editor_03,Tech_Analysis,English,interview,reels,Instagram,,True,2026-01-16 00:00:00.000000,67.21000000000001,30.816666666666663,41.0,385.0,Notifications,15.46,649021.0,63097.0,4717.0,250.0,1723.48,key_moments,2026-01-16 04:24:13.261956,WS-TECH-ANALYSIS
IG0003949,- Passwordless Future: How to Use Passkeys NOW!,source_461,source_461,False,Company_A,content_editor_03,Tech_Analysis,English,speech,,,,False,2026-01-16 00:00:00.000000,58.66,,,,,,,,,,,summary,2026-01-16 01:48:25.467951,WS-TECH-ANALYSIS
YT0022644,- Build Your Dream Keyboard: A Beginner's Guide!,source_462,source_462,True,Company_A,content_editor_03,Tech_Analysis,English,special_report,shorts,Youtube,,True,2026-01-17 00:00:00.000000,61.52,33.95,56.86,481.0,Channel Page,6.29,1174028.0,95376.0,5147.0,521.0,8625.844666666666,my_key_moments,2026-01-17 07:25:31.546918,WS-TECH-ANALYSIS
YT0002763,"- Custom Keyboards 101: Sound Tests, Mods & More!",source_462,source_462,True,Company_A,content_editor_03,Tech_Analysis,English,interview,shorts,Youtube,,True,2026-01-17 00:00:00.000000,24.29,15.583333333333334,87.01,89.0,Channel Page,19.83,1757606.0,87740.0,1822.0,2647.0,3946.4765,chapters,2026-01-17 01:18:24.352039,WS-TECH-ANALYSIS
YT0025734,- Apple Vision Pro: Hype or the Future? (My Honest Review),source_463,source_463,True,Company_A,content_editor_03,Tech_Analysis,English,interview,shorts,Youtube,,True,2026-01-17 00:00:00.000000,52.06,33.45,70.02,443.0,Browse,26.52,811438.0,70218.0,6192.0,771.0,5849.115666666667,full_package,2026-01-17 09:13:53.363594,WS-TECH-ANALYSIS
IG0022644,- Build Your Dream Keyboard: A Beginner's Guide!,source_462,source_462,False,Company_A,content_editor_03,Tech_Analysis,English,interview,,,,False,2026-01-17 00:00:00.000000,61.52,,,,,,,,,,,chapters,2026-01-17 03:49:14.071796,WS-TECH-ANALYSIS
IG0002763,"- Custom Keyboards 101: Sound Tests, Mods & More!",source_462,source_462,True,Company_A,content_editor_03,Tech_Analysis,English,interview,reels,Instagram,,True,2026-01-17 00:00:00.000000,24.29,15.583333333333334,85.0,66.0,Channel Page,19.83,942126.0,45228.0,1126.0,2084.0,1798.11,key_moments,2026-01-17 00:39:04.650022,WS-TECH-ANALYSIS
IG0025734,- Apple Vision Pro: Hype or the Future? (My Honest Review),source_463,source_463,True,Company_A,content_editor_03,Tech_Analysis,English,speech,reels,Instagram,,True,2026-01-17 00:00:00.000000,52.06,33.45,59.0,222.0,Browse,26.52,384053.0,43736.0,4264.0,620.0,1633.35,chapters,2026-01-17 04:36:48.122392,WS-TECH-ANALYSIS
YT0015044,- I Used Apple Vision Pro for a Week...Here's What I REALLY Think,source_463,source_463,True,Company_A,content_editor_03,Tech_Analysis,English,speech,shorts,Youtube,,True,2026-01-18 00:00:00.000000,55.25,14.2,16.65,654.0,Channel Page,4.04,1083932.0,99387.0,5737.0,407.0,2017.3178333333333,key_moments,2026-01-18 02:53:24.873604,WS-TECH-ANALYSIS
IG0015044,- I Used Apple Vision Pro for a Week...Here's What I REALLY Think,source_463,source_463,True,Company_A,content_editor_03,Tech_Analysis,English,speech,reels,Instagram,,True,2026-01-18 00:00:00.000000,55.25,14.2,16.0,467.0,Channel Page,4.04,518770.0,56321.0,3634.0,269.0,154.48,summary,2026-01-18 02:33:43.446486,WS-TECH-ANALYSIS
YT0009904,"- Apple Vision Pro: The Good, The Bad, and The Ugly",source_463,source_463,False,Company_A,content_editor_03,Tech_Analysis,English,interview,,,,False,2026-01-20 00:00:00.000000,61.27,,,,,,,,,,,key_moments,2026-01-20 02:13:00.871351,WS-TECH-ANALYSIS
IG0009904,"- Apple Vision Pro: The Good, The Bad, and The Ugly",source_463,source_463,False,Company_A,content_editor_03,Tech_Analysis,English,speech,,,,False,2026-01-20 00:00:00.000000,61.27,,,,,,,,,,,key_moments,2026-01-20 03:36:46.582480,WS-TECH-ANALYSIS
YT0006025,- Apple Vision Pro: One Week Later...Am I Keeping It?,source_463,source_463,True,Company_A,content_editor_03,Lifestyle,English,speech,shorts,Youtube,,True,2026-01-21 00:00:00.000000,16.55,8.5,64.52,384.0,Channel Page,6.66,1678420.0,10977.0,3577.0,1508.0,466.2278333333333,chapters,2026-01-21 02:42:47.663252,WS-LIFESTYLE
IG0006025,- Apple Vision Pro: One Week Later...Am I Keeping It?,source_463,source_463,True,Company_A,content_editor_03,Lifestyle,English,interview,reels,Instagram,,True,2026-01-21 00:00:00.000000,16.55,8.5,73.0,443.0,Channel Page,6.66,3036050.0,25709.0,5314.0,4434.0,615.64,key_moments,2026-01-21 00:54:20.485178,WS-LIFESTYLE
YT0023384,- My Week in a Nutshell (Grumpy Cat Included!),source_464,source_464,False,Company_A,content_editor_03,Lifestyle,English,speech,,,,False,2026-01-22 00:00:00.000000,27.76,,,,,,,,,,,full_package,2026-01-22 11:04:00.441557,WS-LIFESTYLE
YT0004237,- From Emails to Epic Eats: A Day in My Life,source_464,source_464,True,Company_A,content_editor_03,Lifestyle,English,special_report,shorts,Youtube,,True,2026-01-22 00:00:00.000000,37.99,24.166666666666668,72.5,424.0,Shorts Feed,1.34,42860.0,98341.0,5925.0,2348.0,198.426,chapters,2026-01-22 03:17:23.060471,WS-LIFESTYLE
YT0029802,"- Unboxing Joy & Taco Nights: My Chaotic, Cozy Week",source_464,source_464,True,Company_A,content_editor_03,Tech_Analysis,English,special_report,shorts,Youtube,,True,2026-01-22 00:00:00.000000,44.97,35.18333333333334,92.37,28.0,Channel Page,8.55,1337641.0,88086.0,1052.0,2022.0,10286.2115,key_moments,2026-01-22 02:13:37.929279,WS-TECH-ANALYSIS
IG0029802,"- Unboxing Joy & Taco Nights: My Chaotic, Cozy Week",source_464,source_464,False,Company_A,content_editor_03,Tech_Analysis,English,interview,,,,False,2026-01-22 00:00:00.000000,44.97,,,,,,,,,,,key_moments,2026-01-22 01:37:18.589598,WS-TECH-ANALYSIS
IG0023384,- My Week in a Nutshell (Grumpy Cat Included!),source_464,source_464,True,Company_A,content_editor_03,Lifestyle,English,special_report,reels,Instagram,,True,2026-01-22 00:00:00.000000,27.76,8.666666666666666,11.0,870.0,Notifications,3.38,2813523.0,221761.0,4014.0,9232.0,100.3,full_package,2026-01-22 07:24:37.322516,WS-LIFESTYLE
IG0004237,- From Emails to Epic Eats: A Day in My Life,source_464,source_464,False,Company_A,content_editor_03,Lifestyle,English,interview,,,,False,2026-01-22 00:00:00.000000,37.99,,,,,,,,,,,key_moments,2026-01-22 01:24:56.136131,WS-LIFESTYLE
YT0012375,"- My Real Life: Unfiltered, Unplanned, and Utterly Me",source_464,source_464,True,Company_A,content_editor_03,Tech_Analysis,English,interview,shorts,Youtube,,True,2026-01-23 00:00:00.000000,16.77,8.683333333333334,66.85,560.0,Suggested,23.17,1895849.0,79802.0,1833.0,1255.0,623.1726666666667,key_moments,2026-01-23 04:27:09.296001,WS-TECH-ANALYSIS
YT0009020,- Apple Vision Pro: $3500 Regret?! (Honest Review),source_465,source_465,False,Company_A,content_editor_03,Tech_Analysis,English,interview,,,,False,2026-01-23 00:00:00.000000,62.5,,,,,,,,,,,key_moments,2026-01-23 02:30:27.802705,WS-TECH-ANALYSIS
YT0008767,- Building My DREAM Keyboard! (From SCRATCH!),source_466,source_466,False,Company_A,content_editor_03,Tech_Analysis,English,news_bulletin,,,,False,2026-01-23 00:00:00.000000,64.28,,,,,,,,,,,full_package,2026-01-23 02:37:38.298252,WS-TECH-ANALYSIS
IG0012375,"- My Real Life: Unfiltered, Unplanned, and Utterly Me",source_464,source_464,False,Company_A,content_editor_03,Tech_Analysis,English,interview,,,,False,2026-01-23 00:00:00.000000,16.77,,,,,,,,,,,full_package,2026-01-23 01:39:15.889618,WS-TECH-ANALYSIS
IG0009020,- Apple Vision Pro: $3500 Regret?! (Honest Review),source_465,source_465,True,Company_A,content_editor_03,Tech_Analysis,English,special_report,reels,Instagram,,True,2026-01-23 00:00:00.000000,62.5,12.066666666666666,9.0,58.0,Search,17.2,522068.0,62752.0,4991.0,1987.0,59.6,key_moments,2026-01-23 02:26:06.807023,WS-TECH-ANALYSIS
IG0008767,- Building My DREAM Keyboard! (From SCRATCH!),source_466,source_466,True,Company_A,content_editor_03,Tech_Analysis,English,interview,reels,Instagram,,True,2026-01-23 00:00:00.000000,64.28,30.25,40.0,156.0,Browse,22.35,412298.0,54870.0,1242.0,953.0,1042.2,summary,2026-01-23 04:01:41.877442,WS-TECH-ANALYSIS
YT0028470,"- Custom Keyboard Guide: Size, Switches, & Keycaps!",source_466,source_466,False,Company_A,content_editor_03,Tech_Analysis,English,news_bulletin,,,,False,2026-01-24 00:00:00.000000,40.010000000000005,,,,,,,,,,,key_moments,2026-01-24 04:49:42.743959,WS-TECH-ANALYSIS
YT0028991,- STOP Buying Pre-Built Keyboards! (Do THIS Instead),source_466,source_466,True,Company_A,content_editor_03,Tech_Analysis,English,special_report,shorts,Youtube,,True,2026-01-24 00:00:00.000000,55.3,47.78333333333333,99.96,250.0,Suggested,22.34,1933587.0,92298.0,7389.0,1065.0,21636.4805,key_moments,2026-01-24 02:08:01.034369,WS-TECH-ANALYSIS
IG0028470,"- Custom Keyboard Guide: Size, Switches, & Keycaps!",source_466,source_466,True,Company_A,content_editor_03,Tech_Analysis,English,news_bulletin,reels,Instagram,,True,2026-01-24 00:00:00.000000,40.010000000000005,14.6,26.0,169.0,Notifications,21.46,286772.0,48636.0,4316.0,441.0,147.05,full_package,2026-01-24 03:43:09.632114,WS-TECH-ANALYSIS
IG0028991,- STOP Buying Pre-Built Keyboards! (Do THIS Instead),source_466,source_466,True,Company_A,content_editor_03,Tech_Analysis,English,interview,reels,Instagram,,True,2026-01-24 00:00:00.000000,55.3,47.78333333333333,84.0,179.0,Suggested,22.34,1091559.0,62558.0,4444.0,537.0,10260.05,full_package,2026-01-24 08:08:31.846490,WS-TECH-ANALYSIS
YT0018651,- The ULTIMATE Keyboard Build: A Step-by-Step Guide,source_466,source_466,True,Company_A,content_editor_03,Tech_Analysis,English,interview,shorts,Youtube,,True,2026-01-25 00:00:00.000000,23.75,10.4,33.14,133.0,External,21.35,447728.0,89976.0,3403.0,1412.0,360.6698333333333,key_moments,2026-01-25 01:03:28.080898,WS-TECH-ANALYSIS
IG0018651,- The ULTIMATE Keyboard Build: A Step-by-Step Guide,source_466,source_466,False,Company_A,content_editor_03,Tech_Analysis,English,special_report,,,,False,2026-01-25 00:00:00.000000,23.75,,,,,,,,,,,chapters,2026-01-25 03:58:47.962216,WS-TECH-ANALYSIS
YT0018203,- Apple Vision Pro: Hype or the FUTURE?! (Honest Review),source_467,source_467,True,Company_A,content_editor_03,Tech_Analysis,English,interview,shorts,Youtube,,True,2026-01-26 00:00:00.000000,31.52,21.46666666666667,84.54,8.0,Notifications,24.7,1712133.0,93600.0,5858.0,651.0,6642.442,key_moments,2026-01-26 01:52:10.174354,WS-TECH-ANALYSIS
YT0006879,- Apple Vision Pro: One Week Later... Game Changer or Gimmick?,source_467,source_467,True,Company_A,content_editor_03,Tech_Analysis,English,speech,shorts,Youtube,,True,2026-01-26 00:00:00.000000,52.72,43.266666666666666,94.82,599.0,Playlist,24.52,586908.0,71449.0,6839.0,1126.0,5831.039666666667,key_moments,2026-01-26 01:43:23.296653,WS-TECH-ANALYSIS
YT0017576,- Building a Keyboard: Mistakes to AVOID!,source_466,source_466,True,Company_A,content_editor_03,Tech_Analysis,English,news_bulletin,shorts,Youtube,,True,2026-01-26 00:00:00.000000,44.99,36.61666666666667,97.09,571.0,Browse,7.55,1383387.0,69705.0,5547.0,2579.0,11188.782833333333,full_package,2026-01-26 04:55:43.822319,WS-TECH-ANALYSIS
IG0018203,- Apple Vision Pro: Hype or the FUTURE?! (Honest Review),source_467,source_467,True,Company_A,content_editor_03,Tech_Analysis,English,special_report,reels,Instagram,,True,2026-01-26 00:00:00.000000,31.52,21.46666666666667,75.0,5.0,Notifications,24.7,970580.0,40748.0,3899.0,332.0,2824.12,my_key_moments,2026-01-26 02:35:09.422243,WS-TECH-ANALYSIS
IG0006879,- Apple Vision Pro: One Week Later... Game Changer or Gimmick?,source_467,source_467,True,Company_A,content_editor_03,Tech_Analysis,English,news_bulletin,reels,Instagram,,True,2026-01-26 00:00:00.000000,52.72,43.266666666666666,82.0,303.0,Playlist,24.52,337982.0,37102.0,4394.0,965.0,2753.49,full_package,2026-01-26 01:30:40.036147,WS-TECH-ANALYSIS
IG0017576,- Building a Keyboard: Mistakes to AVOID!,source_466,source_466,True,Company_A,content_editor_03,Tech_Analysis,English,special_report,reels,Instagram,,True,2026-01-26 00:00:00.000000,44.99,36.61666666666667,97.0,340.0,Browse,7.55,740876.0,37924.0,3489.0,2206.0,5812.41,chapters,2026-01-26 11:32:19.914502,WS-TECH-ANALYSIS
YT0003181,- Apple Vision Pro: The Future... Or Just a $3500 Gimmick?,source_468,source_468,False,Company_A,content_editor_03,Tech_Analysis,English,interview,,,,False,2026-01-27 00:00:00.000000,33.25,,,,,,,,,,,chapters,2026-01-27 08:21:03.139442,WS-TECH-ANALYSIS
IG0003181,- Apple Vision Pro: The Future... Or Just a $3500 Gimmick?,source_468,source_468,True,Company_A,content_editor_03,Tech_Analysis,English,special_report,reels,Instagram,,True,2026-01-27 00:00:00.000000,33.25,19.05,61.0,361.0,Shorts Feed,16.06,729254.0,33821.0,2486.0,1564.0,1427.21,key_moments,2026-01-27 00:51:09.097184,WS-TECH-ANALYSIS
YT0007671,- I Lived in Apple Vision Pro for a Week... Here's What I REALLY Think,source_468,source_468,True,Company_A,content_editor_03,Lifestyle,English,interview,shorts,Youtube,,True,2026-01-28 00:00:00.000000,23.72,11.516666666666666,46.06,638.0,Browse,12.75,319538.0,89241.0,6565.0,549.0,356.5215,key_moments,2026-01-28 01:13:46.838641,WS-LIFESTYLE
IG0007671,- I Lived in Apple Vision Pro for a Week... Here's What I REALLY Think,source_468,source_468,False,Company_A,content_editor_03,Lifestyle,English,speech,,,,False,2026-01-28 00:00:00.000000,23.72,,,,,,,,,,,my_key_moments,2026-01-28 06:25:49.978774,WS-LIFESTYLE
YT0003511,- Apple Vision Pro Honest Review: Hype vs. Reality!,source_468,source_468,False,Company_A,content_editor_03,Tech_Analysis,English,interview,,,,False,2026-01-29 00:00:00.000000,56.9,,,,,,,,,,,key_moments,2026-01-29 03:11:05.346522,WS-TECH-ANALYSIS
YT0003674,- Vision Pro: It Blew My Mind (Then Broke My Back... and Bank),source_468,source_468,True,Company_A,content_editor_03,Tech_Analysis,English,interview,shorts,Youtube,,True,2026-01-29 00:00:00.000000,24.28,13.116666666666667,60.52,309.0,Playlist,3.45,725415.0,69767.0,6974.0,2563.0,1131.7816666666663,full_package,2026-01-29 13:17:11.667592,WS-TECH-ANALYSIS
YT0025561,- Don't Buy Apple Vision Pro Until You See This!,source_468,source_468,True,Company_A,content_editor_03,Tech_Analysis,English,special_report,shorts,Youtube,,True,2026-01-29 00:00:00.000000,24.06,13.716666666666669,68.62,119.0,Channel Page,16.63,384563.0,89136.0,7321.0,2516.0,664.0833333333334,key_moments,2026-01-29 06:32:57.605108,WS-TECH-ANALYSIS
IG0003511,- Apple Vision Pro Honest Review: Hype vs. Reality!,source_468,source_468,True,Company_A,content_editor_03,Tech_Analysis,English,interview,reels,Instagram,,True,2026-01-29 00:00:00.000000,56.9,16.85,22.0,319.0,Browse,8.37,177169.0,43053.0,595.0,1599.0,101.23,full_package,2026-01-29 05:04:58.162147,WS-TECH-ANALYSIS
IG0003674,- Vision Pro: It Blew My Mind (Then Broke My Back... and Bank),source_468,source_468,True,Company_A,content_editor_03,Tech_Analysis,English,interview,reels,Instagram,,True,2026-01-29 00:00:00.000000,24.28,13.116666666666667,60.0,210.0,Playlist,3.45,421720.0,43887.0,4834.0,1560.0,394.78,key_moments,2026-01-29 01:45:58.153806,WS-TECH-ANALYSIS
IG0025561,- Don't Buy Apple Vision Pro Until You See This!,source_468,source_468,True,Company_A,content_editor_03,Tech_Analysis,English,speech,reels,Instagram,,True,2026-01-29 00:00:00.000000,24.06,13.716666666666669,60.0,78.0,Channel Page,16.63,222635.0,36010.0,4908.0,1327.0,230.67,my_key_moments,2026-01-29 05:55:35.672614,WS-TECH-ANALYSIS
YT0000162,- Apple Vision Pro: One Week Later... Hype or Reality?,source_470,source_470,True,Company_A,content_editor_03,Tech_Analysis,English,interview,shorts,Youtube,,True,2026-01-30 00:00:00.000000,67.02000000000001,59.0,99.0,418.0,Notifications,14.86,584414.0,75773.0,430.0,247.0,8360.367,chapters,2026-01-30 01:26:29.394599,WS-TECH-ANALYSIS
YT0027792,- I Lived in the Apple Vision Pro for a Week (Here's What I Found),source_470,source_470,True,Company_A,content_editor_03,Tech_Analysis,English,special_report,shorts,Youtube,,True,2026-01-30 00:00:00.000000,72.44,42.98333333333333,61.77,630.0,Notifications,15.79,1052066.0,75617.0,5347.0,195.0,10369.669,key_moments,2026-01-30 11:21:52.016969,WS-TECH-ANALYSIS
YT0014178,- $3500 Apple Vision Pro: Don't Buy It Until You See THIS!,source_469,source_469,True,Company_A,content_editor_03,Tech_Analysis,English,interview,shorts,Youtube,,True,2026-01-30 00:00:00.000000,46.7,19.633333333333333,38.28,587.0,Search,27.69,1781707.0,71085.0,7993.0,2222.0,6005.0125,chapters,2026-01-30 05:36:24.986345,WS-TECH-ANALYSIS
IG0000162,- Apple Vision Pro: One Week Later... Hype or Reality?,source_470,source_470,False,Company_A,content_editor_03,Tech_Analysis,English,interview,,,,False,2026-01-30 00:00:00.000000,67.02000000000001,,,,,,,,,,,chapters,2026-01-30 02:04:03.668053,WS-TECH-ANALYSIS
IG0027792,- I Lived in the Apple Vision Pro for a Week (Here's What I Found),source_470,source_470,False,Company_A,content_editor_03,Tech_Analysis,English,interview,,,,False,2026-01-30 00:00:00.000000,72.44,,,,,,,,,,,key_moments,2026-01-30 07:36:51.706018,WS-TECH-ANALYSIS
IG0014178,- $3500 Apple Vision Pro: Don't Buy It Until You See THIS!,source_469,source_469,True,Company_A,content_editor_03,Tech_Analysis,English,speech,reels,Instagram,,True,2026-01-30 00:00:00.000000,46.7,19.633333333333333,38.0,455.0,Search,27.69,1080290.0,47789.0,5009.0,1939.0,1383.57,summary,2026-01-31 00:02:06.274382,WS-TECH-ANALYSIS
YT0011356,"- Vision Pro: The Good, The Bad, and The $3500",source_470,source_470,True,Company_A,content_editor_03,Lifestyle,English,news_bulletin,shorts,Youtube,,True,2026-02-01 00:00:00.000000,22.43,12.566666666666666,68.19,232.0,Suggested,14.73,939159.0,15882.0,251.0,378.0,1321.7793333333332,chapters,2026-02-01 03:21:39.141827,WS-LIFESTYLE
YT0025089,- Vision Pro vs. Reality: My Honest One-Week Review,source_470,source_470,False,Company_A,content_editor_03,Tech_Analysis,English,interview,,,,False,2026-02-01 00:00:00.000000,33.14,,,,,,,,,,,full_package,2026-02-01 06:12:46.375970,WS-TECH-ANALYSIS
YT0018286,- Apple Vision Pro: The TRUTH After 7 Days!,source_470,source_470,True,Company_A,content_editor_03,Tech_Analysis,English,news_bulletin,shorts,Youtube,,True,2026-02-01 00:00:00.000000,54.88,28.65,53.03,296.0,External,24.01,1303942.0,82467.0,1976.0,2291.0,7660.659333333333,key_moments,2026-02-01 02:49:53.647690,WS-TECH-ANALYSIS
IG0025089,- Vision Pro vs. Reality: My Honest One-Week Review,source_470,source_470,True,Company_A,content_editor_03,Tech_Analysis,English,special_report,reels,Instagram,,True,2026-02-01 00:00:00.000000,33.14,17.116666666666667,46.0,227.0,Suggested,27.53,4481.0,56436.0,2023.0,2171.0,5.51,summary,2026-02-01 04:16:57.604112,WS-TECH-ANALYSIS
IG0018286,- Apple Vision Pro: The TRUTH After 7 Days!,source_470,source_470,True,Company_A,content_editor_03,Tech_Analysis,English,speech,reels,Instagram,,True,2026-02-01 00:00:00.000000,54.88,28.65,45.0,230.0,External,24.01,761592.0,36755.0,1342.0,1176.0,2013.46,summary,2026-02-01 01:11:52.166985,WS-TECH-ANALYSIS
IG0011356,"- Vision Pro: The Good, The Bad, and The $3500",source_470,source_470,True,Company_A,content_editor_03,Lifestyle,English,speech,reels,Instagram,,True,2026-02-01 00:00:00.000000,22.43,12.566666666666666,83.0,312.0,Suggested,14.73,1460364.0,42426.0,343.0,1321.0,1705.92,summary,2026-02-01 03:59:53.901296,WS-LIFESTYLE
YT0015901,- $3500 Apple Vision Pro: Worth It or Nah?,source_470,source_470,True,Company_A,content_editor_03,Lifestyle,English,speech,shorts,Youtube,,True,2026-02-02 00:00:00.000000,19.04,9.166666666666666,41.25,25.0,Browse,10.52,413688.0,12095.0,7716.0,1535.0,191.52216666666664,key_moments,2026-02-02 04:08:30.863935,WS-LIFESTYLE
YT0002606,- Neuralink: Is This the Future or a Sci-Fi Nightmare?,source_471,source_471,True,Company_A,content_editor_03,Tech_Analysis,English,speech,shorts,Youtube,,True,2026-02-02 00:00:00.000000,41.31,9.983333333333334,9.44,393.0,Notifications,19.03,715648.0,63647.0,1696.0,1717.0,493.6646666666667,summary,2026-02-02 16:52:09.308784,WS-TECH-ANALYSIS
YT0000878,"- Vision Pro: The Future Is Here, But Is It Ready?",source_470,source_470,True,Company_A,content_editor_03,Lifestyle,English,special_report,shorts,Youtube,,True,2026-02-02 00:00:00.000000,38.25,12.366666666666667,20.93,553.0,Notifications,24.6,266587.0,83698.0,5402.0,2952.0,360.3861666666666,key_moments,2026-02-02 00:57:05.425565,WS-LIFESTYLE
IG0002606,- Neuralink: Is This the Future or a Sci-Fi Nightmare?,source_471,source_471,True,Company_A,content_editor_03,Tech_Analysis,English,special_report,reels,Instagram,,True,2026-02-02 00:00:00.000000,41.31,9.983333333333334,8.0,244.0,Notifications,19.03,397199.0,34356.0,1213.0,1386.0,21.92,chapters,2026-02-02 03:11:42.005820,WS-TECH-ANALYSIS
IG0015901,- $3500 Apple Vision Pro: Worth It or Nah?,source_470,source_470,True,Company_A,content_editor_03,Lifestyle,English,interview,reels,Instagram,,True,2026-02-02 00:00:00.000000,19.04,9.166666666666666,52.0,29.0,Browse,10.52,836739.0,35362.0,13064.0,4184.0,201.44,key_moments,2026-02-02 11:12:35.269494,WS-LIFESTYLE
IG0000878,"- Vision Pro: The Future Is Here, But Is It Ready?",source_470,source_470,False,Company_A,content_editor_03,Lifestyle,English,interview,,,,False,2026-02-02 00:00:00.000000,38.25,,,,,,,,,,,key_moments,2026-02-02 03:17:47.588277,WS-LIFESTYLE
YT0027712,- Neuralink's New Chip: Mind Control is HERE!,source_471,source_471,True,Company_A,content_editor_03,Tech_Analysis,English,speech,shorts,Youtube,,True,2026-02-03 00:00:00.000000,31.02,19.2,73.03,131.0,Channel Page,25.23,305286.0,87498.0,19.0,1707.0,992.1795,chapters,2026-02-03 03:29:15.451832,WS-TECH-ANALYSIS
YT0004527,- I Tried Neuralink (Sort Of): My Brain's Honest Reaction,source_471,source_471,True,Company_A,content_editor_03,Lifestyle,English,interview,shorts,Youtube,,True,2026-02-03 00:00:00.000000,31.37,22.35,90.71,450.0,Playlist,6.25,136967.0,84917.0,1339.0,120.0,564.9888333333333,chapters,2026-02-03 02:03:13.646029,WS-LIFESTYLE
IG0027712,- Neuralink's New Chip: Mind Control is HERE!,source_471,source_471,False,Company_A,content_editor_03,Tech_Analysis,English,interview,,,,False,2026-02-03 00:00:00.000000,31.02,,,,,,,,,,,full_package,2026-02-03 01:53:48.765444,WS-TECH-ANALYSIS
IG0004527,- I Tried Neuralink (Sort Of): My Brain's Honest Reaction,source_471,source_471,True,Company_A,content_editor_03,Lifestyle,English,interview,reels,Instagram,,True,2026-02-03 00:00:00.000000,31.37,22.35,100.0,468.0,Playlist,6.25,240194.0,179461.0,2156.0,367.0,1089.88,chapters,2026-02-03 00:55:41.919003,WS-LIFESTYLE
YT0008778,- Neuralink: Solving Paralysis or Opening Pandora’s Box?,source_471,source_471,False,Company_A,content_editor_03,Tech_Analysis,English,interview,,,,False,2026-02-04 00:00:00.000000,71.25,,,,,,,,,,,key_moments,2026-02-04 02:25:04.638186,WS-TECH-ANALYSIS
IG0008778,- Neuralink: Solving Paralysis or Opening Pandora’s Box?,source_471,source_471,True,Company_A,content_editor_03,Tech_Analysis,English,speech,reels,Instagram,,True,2026-02-04 00:00:00.000000,71.25,9.9,4.0,399.0,Search,5.24,823523.0,35179.0,3425.0,924.0,21.96,summary,2026-02-04 01:48:45.673475,WS-TECH-ANALYSIS
YT0010812,- Neuralink's Chip: Hacking the Human Brain?,source_471,source_471,True,Company_A,content_editor_03,Tech_Analysis,English,special_report,shorts,Youtube,,True,2026-02-05 00:00:00.000000,38.61,11.416666666666666,16.59,72.0,External,25.76,1840174.0,78585.0,847.0,1396.0,2002.0411666666664,full_package,2026-02-05 04:23:46.080971,WS-TECH-ANALYSIS
YT0000037,"- Neuralink: The Ethics, the Tech, and the Future of YOU",source_471,source_471,True,Company_A,content_editor_03,Lifestyle,English,special_report,shorts,Youtube,,True,2026-02-05 00:00:00.000000,21.44,12.616666666666667,79.45,86.0,Search,7.59,592845.0,98214.0,3477.0,21.0,842.6083333333333,key_moments,2026-02-05 02:07:48.290005,WS-LIFESTYLE
YT0011868,- My Day Went Completely Off the Rails! 🤪,source_472,source_472,False,Company_A,content_editor_03,Lifestyle,English,interview,,,,False,2026-02-05 00:00:00.000000,24.48,,,,,,,,,,,key_moments,2026-02-05 02:43:31.502467,WS-LIFESTYLE
IG0010812,- Neuralink's Chip: Hacking the Human Brain?,source_471,source_471,True,Company_A,content_editor_03,Tech_Analysis,English,special_report,reels,Instagram,,True,2026-02-05 00:00:00.000000,38.61,11.416666666666666,14.0,41.0,External,25.76,1145610.0,32882.0,541.0,928.0,174.49,full_package,2026-02-05 02:47:08.829469,WS-TECH-ANALYSIS
IG0000037,"- Neuralink: The Ethics, the Tech, and the Future of YOU",source_471,source_471,True,Company_A,content_editor_03,Lifestyle,English,interview,reels,Instagram,,True,2026-02-05 00:00:00.000000,21.44,12.616666666666667,100.0,114.0,Search,7.59,1271667.0,287131.0,4772.0,68.0,1843.56,full_package,2026-02-05 03:50:55.691138,WS-LIFESTYLE
IG0011868,- My Day Went Completely Off the Rails! 🤪,source_472,source_472,True,Company_A,content_editor_03,Lifestyle,English,speech,reels,Instagram,,True,2026-02-05 00:00:00.000000,24.48,7.65,2.0,114.0,Channel Page,20.39,2015675.0,171182.0,4820.0,946.0,1.68,key_moments,2026-02-05 02:37:14.851142,WS-LIFESTYLE
YT0017436,- Chaos Coordinator: A Day in My Wild Life,source_472,source_472,True,Company_A,content_editor_03,Tech_Analysis,English,special_report,shorts,Youtube,,True,2026-02-06 00:00:00.000000,46.48,12.566666666666666,16.09,276.0,Browse,27.36,204135.0,76303.0,95.0,1042.0,287.3011666666667,key_moments,2026-02-06 01:42:38.291189,WS-TECH-ANALYSIS
YT0006240,- From Bad to Bonkers: My Unexpected Day,source_472,source_472,True,Company_A,content_editor_03,Tech_Analysis,English,special_report,shorts,Youtube,,True,2026-02-06 00:00:00.000000,20.69,12.983333333333334,96.37,407.0,Browse,15.1,53470.0,63599.0,1306.0,2719.0,81.44266666666667,key_moments,2026-02-06 04:17:02.714060,WS-TECH-ANALYSIS
IG0017436,- Chaos Coordinator: A Day in My Wild Life,source_472,source_472,True,Company_A,content_editor_03,Tech_Analysis,English,special_report,reels,Instagram,,True,2026-02-06 00:00:00.000000,46.48,12.566666666666666,15.0,213.0,Browse,27.36,140936.0,46320.0,64.0,612.0,29.75,chapters,2026-02-06 09:23:45.494036,WS-TECH-ANALYSIS
IG0006240,- From Bad to Bonkers: My Unexpected Day,source_472,source_472,True,Company_A,content_editor_03,Tech_Analysis,English,news_bulletin,reels,Instagram,,True,2026-02-06 00:00:00.000000,20.69,12.983333333333334,83.0,305.0,Browse,15.1,33887.0,32557.0,1040.0,1533.0,42.84,chapters,2026-02-06 04:25:58.652573,WS-TECH-ANALYSIS
YT0007115,- Adulting Fails & Friend Rescues! 🚨,source_472,source_472,False,Company_A,content_editor_03,Tech_Analysis,English,speech,,,,False,2026-02-08 00:00:00.000000,58.67,,,,,,,,,,,key_moments,2026-02-08 02:27:20.751249,WS-TECH-ANALYSIS
YT0029675,- Life's a Glitch: One Crazy Day Documented,source_472,source_472,True,Company_A,content_editor_03,Tech_Analysis,English,special_report,shorts,Youtube,,True,2026-02-08 00:00:00.000000,58.53,19.9,28.49,28.0,Channel Page,18.11,1340415.0,62915.0,2673.0,1273.0,4616.985,key_moments,2026-02-08 03:37:28.994520,WS-TECH-ANALYSIS
YT0004174,"- My ""Normal"" Day? Think Again! 😜",source_472,source_472,True,Company_A,content_editor_03,Tech_Analysis,English,special_report,shorts,Youtube,,True,2026-02-08 00:00:00.000000,26.66,11.683333333333334,35.88,366.0,Channel Page,1.37,1037909.0,97146.0,819.0,1849.0,1206.0886666666668,key_moments,2026-02-08 00:46:31.898946,WS-TECH-ANALYSIS
IG0007115,- Adulting Fails & Friend Rescues! 🚨,source_472,source_472,True,Company_A,content_editor_03,Tech_Analysis,English,interview,reels,Instagram,,True,2026-02-08 00:00:00.000000,58.67,33.3,56.0,123.0,Notifications,8.87,736965.0,46728.0,733.0,1517.0,2957.69,chapters,2026-02-08 03:34:40.390093,WS-TECH-ANALYSIS
IG0029675,- Life's a Glitch: One Crazy Day Documented,source_472,source_472,False,Company_A,content_editor_03,Tech_Analysis,English,news_bulletin,,,,False,2026-02-08 00:00:00.000000,58.53,,,,,,,,,,,full_package,2026-02-08 02:54:13.582173,WS-TECH-ANALYSIS
IG0004174,"- My ""Normal"" Day? Think Again! 😜",source_472,source_472,True,Company_A,content_editor_03,Tech_Analysis,English,interview,reels,Instagram,,True,2026-02-08 00:00:00.000000,26.66,11.683333333333334,30.0,286.0,Channel Page,1.37,715457.0,41685.0,572.0,1231.0,249.42,key_moments,2026-02-08 01:53:44.096287,WS-TECH-ANALYSIS
YT0003838,- Apple Vision Pro: One Month Later... Hype or Rip-Off?,source_473,source_473,True,Company_A,content_editor_03,Tech_Analysis,English,interview,shorts,Youtube,,True,2026-02-09 00:00:00.000000,23.36,11.316666666666666,45.65,244.0,Channel Page,10.9,618301.0,81631.0,1111.0,1025.0,655.5134999999999,key_moments,2026-02-09 02:11:29.632255,WS-TECH-ANALYSIS
YT0026531,- $3500 Apple Vision Pro: My HONEST Review (Don't Buy It Yet!),source_473,source_473,True,Company_A,content_editor_03,Lifestyle,English,news_bulletin,shorts,Youtube,,True,2026-02-09 00:00:00.000000,34.59,19.933333333333334,63.47,209.0,Suggested,24.72,1942817.0,96438.0,6020.0,256.0,6709.914333333333,key_moments,2026-02-09 02:52:51.281636,WS-LIFESTYLE
YT0017158,- Apple Vision Pro: The Future is HERE... But Should You Care?,source_473,source_473,True,Company_A,content_editor_03,Tech_Analysis,English,speech,shorts,Youtube,,True,2026-02-09 00:00:00.000000,72.28999999999999,20.916666666666664,23.42,162.0,Channel Page,25.66,1542665.0,98598.0,2306.0,1645.0,5749.283833333334,summary,2026-02-09 08:50:55.015030,WS-TECH-ANALYSIS
YT0011699,- Vision Pro: I Lived in It For a Month... Here's What I Regret,source_473,source_473,True,Company_A,content_editor_03,Tech_Analysis,English,interview,shorts,Youtube,,True,2026-02-09 00:00:00.000000,25.62,13.483333333333334,56.34,87.0,External,21.22,1182245.0,80743.0,1029.0,2472.0,1964.935,chapters,2026-02-09 09:34:57.144069,WS-TECH-ANALYSIS
IG0003838,- Apple Vision Pro: One Month Later... Hype or Rip-Off?,source_473,source_473,True,Company_A,content_editor_03,Tech_Analysis,English,interview,reels,Instagram,,True,2026-02-09 00:00:00.000000,23.36,11.316666666666666,46.0,164.0,Channel Page,10.9,298838.0,33510.0,762.0,806.0,145.74,key_moments,2026-02-09 01:54:13.284849,WS-TECH-ANALYSIS
IG0017158,- Apple Vision Pro: The Future is HERE... But Should You Care?,source_473,source_473,True,Company_A,content_editor_03,Tech_Analysis,English,interview,reels,Instagram,,True,2026-02-09 00:00:00.000000,72.28999999999999,20.916666666666664,21.0,127.0,Channel Page,25.66,768207.0,46315.0,1602.0,864.0,601.23,chapters,2026-02-09 02:38:34.018172,WS-TECH-ANALYSIS
IG0011699,- Vision Pro: I Lived in It For a Month... Here's What I Regret,source_473,source_473,True,Company_A,content_editor_03,Tech_Analysis,English,special_report,reels,Instagram,,True,2026-02-09 00:00:00.000000,25.62,13.483333333333334,49.0,57.0,External,21.22,629600.0,44603.0,601.0,1660.0,512.75,full_package,2026-02-09 02:41:49.999597,WS-TECH-ANALYSIS
IG0026531,- $3500 Apple Vision Pro: My HONEST Review (Don't Buy It Yet!),source_473,source_473,True,Company_A,content_editor_03,Lifestyle,English,interview,reels,Instagram,,True,2026-02-09 00:00:00.000000,34.59,19.933333333333334,70.0,262.0,Suggested,24.72,4221582.0,186693.0,11653.0,600.0,10206.07,my_key_moments,2026-02-09 07:38:38.668228,WS-LIFESTYLE
YT0019139,- iPhone 16 Pro Max: Worth the Hype?! (1 Month Later),source_474,source_474,True,Company_A,content_editor_03,Tech_Analysis,English,news_bulletin,shorts,Youtube,,True,2026-02-10 00:00:00.000000,51.33,10.883333333333333,9.31,339.0,Playlist,27.12,556098.0,92515.0,4853.0,1220.0,522.6291666666667,summary,2026-02-10 04:29:37.695114,WS-TECH-ANALYSIS
IG0019139,- iPhone 16 Pro Max: Worth the Hype?! (1 Month Later),source_474,source_474,True,Company_A,content_editor_03,Tech_Analysis,English,news_bulletin,reels,Instagram,,True,2026-02-10 00:00:00.000000,51.33,10.883333333333333,8.0,222.0,Playlist,27.12,358406.0,38164.0,3235.0,798.0,26.95,key_moments,2026-02-10 04:18:29.614108,WS-TECH-ANALYSIS
YT0003914,- iPhone 16 Pro Max: Don't Buy It Until You See This!,source_474,source_474,True,Company_A,content_editor_03,Tech_Analysis,English,special_report,shorts,Youtube,,True,2026-02-11 00:00:00.000000,61.43,29.83333333333333,48.1,416.0,Channel Page,24.77,1797459.0,69016.0,7448.0,2776.0,11150.903,key_moments,2026-02-11 06:08:34.606047,WS-TECH-ANALYSIS
YT0004401,- iPhone 16 Pro Max vs. iPhone 15 Pro Max: The SHOCKING Truth!,source_474,source_474,True,Company_A,content_editor_03,Tech_Analysis,English,special_report,shorts,Youtube,,True,2026-02-11 00:00:00.000000,18.46,8.9,40.46,614.0,Suggested,27.98,534734.0,96073.0,6099.0,1093.0,207.95216666666664,key_moments,2026-02-11 02:28:56.084160,WS-TECH-ANALYSIS
YT0025091,- iPhone 16 Pro Max: The Ultimate Camera Test!,source_474,source_474,False,Company_A,content_editor_03,Lifestyle,English,interview,,,,False,2026-02-11 00:00:00.000000,31.33,,,,,,,,,,,full_package,2026-02-11 11:54:37.082085,WS-LIFESTYLE
IG0003914,- iPhone 16 Pro Max: Don't Buy It Until You See This!,source_474,source_474,False,Company_A,content_editor_03,Tech_Analysis,English,interview,,,,False,2026-02-11 00:00:00.000000,61.43,,,,,,,,,,,key_moments,2026-02-11 03:59:39.915566,WS-TECH-ANALYSIS
IG0004401,- iPhone 16 Pro Max vs. iPhone 15 Pro Max: The SHOCKING Truth!,source_474,source_474,False,Company_A,content_editor_03,Tech_Analysis,English,speech,,,,False,2026-02-11 00:00:00.000000,18.46,,,,,,,,,,,summary,2026-02-11 02:01:00.859786,WS-TECH-ANALYSIS
IG0025091,- iPhone 16 Pro Max: The Ultimate Camera Test!,source_474,source_474,False,Company_A,content_editor_03,Lifestyle,English,interview,,,,False,2026-02-11 00:00:00.000000,31.33,,,,,,,,,,,key_moments,2026-02-11 03:19:43.323939,WS-LIFESTYLE
YT0017734,- Galaxy S24 Ultra Review: 1 Month Later... 😬,source_475,source_475,True,Company_A,content_editor_03,Tech_Analysis,English,interview,shorts,Youtube,,True,2026-02-13 00:00:00.000000,56.03,40.85,81.28,590.0,Playlist,24.66,53368.0,80250.0,7617.0,2050.0,494.3951666666666,key_moments,2026-02-13 10:43:01.422026,WS-TECH-ANALYSIS
YT0011069,- S24 Ultra Camera Test: 5x Zoom KILLS 10x?! 📸,source_475,source_475,False,Company_A,content_editor_03,Tech_Analysis,English,interview,,,,False,2026-02-13 00:00:00.000000,33.07,,,,,,,,,,,full_package,2026-02-13 02:50:48.327257,WS-TECH-ANALYSIS
YT0022530,- S24 Ultra Battery Drain: Truth Revealed! 🔋,source_475,source_475,True,Company_A,content_editor_03,Tech_Analysis,English,interview,shorts,Youtube,,True,2026-02-13 00:00:00.000000,74.8,55.98333333333333,81.08,204.0,Playlist,9.09,1294970.0,82301.0,6844.0,1428.0,17440.128333333334,chapters,2026-02-13 08:33:00.286791,WS-TECH-ANALYSIS
IG0017734,- Galaxy S24 Ultra Review: 1 Month Later... 😬,source_475,source_475,True,Company_A,content_editor_03,Tech_Analysis,English,special_report,reels,Instagram,,True,2026-02-13 00:00:00.000000,56.03,40.85,77.0,387.0,Playlist,24.66,30680.0,47545.0,6041.0,1700.0,218.85,chapters,2026-02-13 02:25:31.625699,WS-TECH-ANALYSIS
IG0011069,- S24 Ultra Camera Test: 5x Zoom KILLS 10x?! 📸,source_475,source_475,True,Company_A,content_editor_03,Tech_Analysis,English,speech,reels,Instagram,,True,2026-02-13 00:00:00.000000,33.07,23.83333333333333,88.0,66.0,Suggested,17.34,349317.0,58889.0,2752.0,636.0,1394.68,full_package,2026-02-13 02:10:04.474704,WS-TECH-ANALYSIS
IG0022530,- S24 Ultra Battery Drain: Truth Revealed! 🔋,source_475,source_475,True,Company_A,content_editor_03,Tech_Analysis,English,speech,reels,Instagram,,True,2026-02-13 00:00:00.000000,74.8,55.98333333333333,76.0,107.0,Playlist,9.09,725139.0,46851.0,4774.0,1031.0,7422.07,summary,2026-02-13 06:46:47.882540,WS-TECH-ANALYSIS
YT0003472,- My Day Went From 0 to 100 REAL QUICK,source_476,source_476,False,Company_A,content_editor_03,Lifestyle,English,special_report,,,,False,2026-02-14 00:00:00.000000,22.61,,,,,,,,,,,key_moments,2026-02-14 01:59:16.708425,WS-LIFESTYLE
YT0008526,- Samsung S24 Ultra: Worth the HYPE?! (Honest Review),source_475,source_475,True,Company_A,content_editor_03,Tech_Analysis,English,speech,shorts,Youtube,,True,2026-02-14 00:00:00.000000,71.07,15.933333333333334,15.04,312.0,Search,29.01,1486137.0,98407.0,2281.0,2913.0,3481.4135,summary,2026-02-14 07:43:26.238631,WS-TECH-ANALYSIS
IG0008526,- Samsung S24 Ultra: Worth the HYPE?! (Honest Review),source_475,source_475,True,Company_A,content_editor_03,Tech_Analysis,English,special_report,reels,Instagram,,True,2026-02-14 00:00:00.000000,71.07,15.933333333333334,12.0,216.0,Search,29.01,628807.0,68478.0,1687.0,2044.0,176.76,full_package,2026-02-14 05:17:57.869642,WS-TECH-ANALYSIS
IG0003472,- My Day Went From 0 to 100 REAL QUICK,source_476,source_476,True,Company_A,content_editor_03,Lifestyle,English,speech,reels,Instagram,,True,2026-02-14 00:00:00.000000,22.61,9.616666666666667,33.0,277.0,Channel Page,14.0,243148.0,19710.0,11999.0,1610.0,47.18,key_moments,2026-02-14 01:59:18.876527,WS-LIFESTYLE
YT0003176,- Healthy Breakfast? More Like Peanut Butter Disaster!,source_476,source_476,True,Company_A,content_editor_03,Tech_Analysis,English,special_report,shorts,Youtube,,True,2026-02-15 00:00:00.000000,67.77000000000001,44.93333333333333,70.94,378.0,Playlist,14.85,540618.0,71051.0,1059.0,71.0,5621.426,key_moments,2026-02-15 03:46:40.057374,WS-TECH-ANALYSIS
YT0023903,"- Squirrels, Smoothies & City Secrets: My Chaotic Day",source_476,source_476,True,Company_A,content_editor_03,Tech_Analysis,English,interview,shorts,Youtube,,True,2026-02-15 00:00:00.000000,44.79,12.0,15.11,376.0,Notifications,0.16,939365.0,96542.0,5843.0,2366.0,1174.2063333333333,my_key_moments,2026-02-15 02:34:43.222829,WS-TECH-ANALYSIS
YT0021333,- I Tried to Adult Today... It Didn't Go As Planned,source_476,source_476,True,Company_A,content_editor_03,Tech_Analysis,English,news_bulletin,shorts,Youtube,,True,2026-02-15 00:00:00.000000,70.9,34.016666666666666,47.44,479.0,Notifications,15.27,1656272.0,87109.0,2295.0,405.0,12199.670166666669,key_moments,2026-02-15 05:17:17.475893,WS-TECH-ANALYSIS
IG0003176,- Healthy Breakfast? More Like Peanut Butter Disaster!,source_476,source_476,False,Company_A,content_editor_03,Tech_Analysis,English,interview,,,,False,2026-02-15 00:00:00.000000,67.77000000000001,,,,,,,,,,,key_moments,2026-02-15 18:06:40.478153,WS-TECH-ANALYSIS
IG0023903,"- Squirrels, Smoothies & City Secrets: My Chaotic Day",source_476,source_476,False,Company_A,content_editor_03,Tech_Analysis,English,interview,,,,False,2026-02-15 00:00:00.000000,44.79,,,,,,,,,,,chapters,2026-02-15 02:58:24.503323,WS-TECH-ANALYSIS
IG0021333,- I Tried to Adult Today... It Didn't Go As Planned,source_476,source_476,True,Company_A,content_editor_03,Tech_Analysis,English,interview,reels,Instagram,,True,2026-02-15 00:00:00.000000,70.9,34.016666666666666,43.0,359.0,Notifications,15.27,742129.0,36883.0,1226.0,299.0,2350.52,summary,2026-02-15 06:07:50.662229,WS-TECH-ANALYSIS
YT0003986,- Ditching Work for Hidden Gems & Alleyway Photoshoots,source_476,source_476,False,Company_A,content_editor_03,Lifestyle,English,interview,,,,False,2026-02-16 00:00:00.000000,34.55,,,,,,,,,,,chapters,2026-02-16 04:04:44.326786,WS-LIFESTYLE
YT0001921,- Green Smoothie Explosion! Lunch Break Gone Wrong,source_476,source_476,True,Company_A,content_editor_03,Lifestyle,English,interview,shorts,Youtube,,True,2026-02-16 00:00:00.000000,16.65,8.483333333333333,59.6,61.0,Notifications,6.56,1530992.0,94204.0,2922.0,1439.0,418.1876666666666,my_key_moments,2026-02-16 04:04:39.828918,WS-LIFESTYLE
IG0003986,- Ditching Work for Hidden Gems & Alleyway Photoshoots,source_476,source_476,False,Company_A,content_editor_03,Lifestyle,English,special_report,,,,False,2026-02-16 00:00:00.000000,34.55,,,,,,,,,,,key_moments,2026-02-16 03:30:17.239713,WS-LIFESTYLE
IG0001921,- Green Smoothie Explosion! Lunch Break Gone Wrong,source_476,source_476,False,Company_A,content_editor_03,Lifestyle,English,news_bulletin,,,,False,2026-02-16 00:00:00.000000,16.65,,,,,,,,,,,full_package,2026-02-16 02:00:52.122970,WS-LIFESTYLE
YT0008264,- My Day in Paradise... NOT! (Vlog #12),source_477,source_477,False,Company_A,content_editor_03,Lifestyle,English,interview,,,,False,2026-02-17 00:00:00.000000,24.87,,,,,,,,,,,full_package,2026-02-17 05:13:47.906660,WS-LIFESTYLE
YT0010149,- Coffee Catastrophes & Bookstore Binges!,source_477,source_477,True,Company_A,content_editor_03,Tech_Analysis,English,special_report,shorts,Youtube,,True,2026-02-17 00:00:00.000000,48.48,33.766666666666666,78.45,616.0,Search,27.02,666433.0,82111.0,4679.0,340.0,4862.492666666667,chapters,2026-02-17 03:10:29.923749,WS-TECH-ANALYSIS
YT0001177,- Epic Recipe Fail + Italian Dinner Disaster!,source_477,source_477,False,Company_A,content_editor_03,Lifestyle,English,interview,,,,False,2026-02-17 00:00:00.000000,33.05,,,,,,,,,,,key_moments,2026-02-17 01:56:22.368177,WS-LIFESTYLE
YT0003346,- From Sunset Walks to Self-Care: My Chaotic Day,source_477,source_477,True,Company_A,content_editor_03,Tech_Analysis,English,speech,shorts,Youtube,,True,2026-02-17 00:00:00.000000,27.1,16.95,78.1,287.0,External,3.99,1767953.0,97447.0,7197.0,1014.0,4640.876666666666,my_key_moments,2026-02-17 09:00:13.234654,WS-TECH-ANALYSIS
YT0024028,- My TBR Pile is Judging Me (Book Haul!),source_477,source_477,True,Company_A,content_editor_03,Tech_Analysis,English,interview,shorts,Youtube,,True,2026-02-17 00:00:00.000000,25.380000000000003,8.266666666666667,7.39,448.0,Suggested,7.5,1471470.0,61381.0,107.0,1106.0,313.3686666666666,key_moments,2026-02-17 04:19:46.979289,WS-TECH-ANALYSIS
IG0010149,- Coffee Catastrophes & Bookstore Binges!,source_477,source_477,True,Company_A,content_editor_03,Tech_Analysis,English,interview,reels,Instagram,,True,2026-02-17 00:00:00.000000,48.48,33.766666666666666,66.0,372.0,Search,27.02,293371.0,45544.0,3416.0,187.0,1412.74,key_moments,2026-02-17 03:19:58.108840,WS-TECH-ANALYSIS
IG0003346,- From Sunset Walks to Self-Care: My Chaotic Day,source_477,source_477,False,Company_A,content_editor_03,Tech_Analysis,English,special_report,,,,False,2026-02-17 00:00:00.000000,27.1,,,,,,,,,,,summary,2026-02-17 11:41:07.417014,WS-TECH-ANALYSIS
IG0024028,- My TBR Pile is Judging Me (Book Haul!),source_477,source_477,True,Company_A,content_editor_03,Tech_Analysis,English,speech,reels,Instagram,,True,2026-02-17 00:00:00.000000,25.380000000000003,8.266666666666667,7.0,263.0,Suggested,7.5,653053.0,36285.0,85.0,914.0,9.74,full_package,2026-02-17 00:55:14.686265,WS-TECH-ANALYSIS
IG0008264,- My Day in Paradise... NOT! (Vlog #12),source_477,source_477,False,Company_A,content_editor_03,Lifestyle,English,speech,,,,False,2026-02-17 00:00:00.000000,24.87,,,,,,,,,,,my_key_moments,2026-02-17 11:04:24.446024,WS-LIFESTYLE
IG0001177,- Epic Recipe Fail + Italian Dinner Disaster!,source_477,source_477,False,Company_A,content_editor_03,Lifestyle,English,special_report,,,,False,2026-02-17 00:00:00.000000,33.05,,,,,,,,,,,summary,2026-02-17 01:58:41.211371,WS-LIFESTYLE
YT0009762,- Just Another Day of Hilarious Fails (Bloopers!),source_477,source_477,True,Company_A,content_editor_03,Tech_Analysis,English,speech,shorts,Youtube,,True,2026-02-18 00:00:00.000000,60.47,52.5,98.97,105.0,Browse,6.71,1736948.0,71252.0,4522.0,1048.0,21711.85,summary,2026-02-18 04:44:15.184574,WS-TECH-ANALYSIS
YT0025093,- iPhone 16 Pro Max: Worth the Hype?! (1 Month Later),source_479,source_479,True,Company_A,content_editor_03,Tech_Analysis,English,special_report,shorts,Youtube,,True,2026-02-18 00:00:00.000000,68.63,42.766666666666666,65.76,272.0,Suggested,19.51,1055515.0,73828.0,3482.0,1476.0,10340.137666666667,summary,2026-02-18 02:29:55.974534,WS-TECH-ANALYSIS
YT0005704,- My Monday Morning Routine vs. Reality,source_477,source_477,True,Company_A,content_editor_03,Tech_Analysis,English,interview,shorts,Youtube,,True,2026-02-18 00:00:00.000000,39.72,31.25,96.08,315.0,Channel Page,12.39,172442.0,76060.0,4694.0,1449.0,1137.6381666666666,key_moments,2026-02-18 01:54:41.436159,WS-TECH-ANALYSIS
IG0009762,- Just Another Day of Hilarious Fails (Bloopers!),source_477,source_477,True,Company_A,content_editor_03,Tech_Analysis,English,interview,reels,Instagram,,True,2026-02-18 00:00:00.000000,60.47,52.5,87.0,80.0,Browse,6.71,1009572.0,29369.0,2637.0,711.0,10979.1,chapters,2026-02-18 11:26:35.846055,WS-TECH-ANALYSIS
IG0025093,- iPhone 16 Pro Max: Worth the Hype?! (1 Month Later),source_479,source_479,True,Company_A,content_editor_03,Tech_Analysis,English,interview,reels,Instagram,,True,2026-02-18 00:00:00.000000,68.63,42.766666666666666,54.0,200.0,Suggested,19.51,701434.0,45025.0,2081.0,803.0,3710.59,key_moments,2026-02-18 17:39:33.801571,WS-TECH-ANALYSIS
IG0005704,- My Monday Morning Routine vs. Reality,source_477,source_477,True,Company_A,content_editor_03,Tech_Analysis,English,interview,reels,Instagram,,True,2026-02-18 00:00:00.000000,39.72,31.25,86.0,170.0,Channel Page,12.39,111584.0,46481.0,3721.0,1222.0,633.08,full_package,2026-02-18 03:21:04.263900,WS-TECH-ANALYSIS
YT0001140,- iPhone 16 Pro Max: Don't Upgrade Until You See THIS!,source_479,source_479,True,Company_A,content_editor_03,Tech_Analysis,English,special_report,shorts,Youtube,,True,2026-02-19 00:00:00.000000,27.89,12.583333333333332,39.44,664.0,Browse,10.91,234397.0,95257.0,897.0,421.0,330.9771666666667,chapters,2026-02-19 05:13:52.949492,WS-TECH-ANALYSIS
IG0001140,- iPhone 16 Pro Max: Don't Upgrade Until You See THIS!,source_479,source_479,True,Company_A,content_editor_03,Tech_Analysis,English,special_report,reels,Instagram,,True,2026-02-19 00:00:00.000000,27.89,12.583333333333332,35.0,482.0,Browse,10.91,100066.0,59067.0,484.0,367.0,49.45,full_package,2026-02-19 04:11:11.736093,WS-TECH-ANALYSIS
YT0004886,- iPhone 16 Pro Max: The Ultimate Upgrade Guide!,source_479,source_479,False,Company_A,content_editor_03,Tech_Analysis,English,special_report,,,,False,2026-02-20 00:00:00.000000,74.67,,,,,,,,,,,key_moments,2026-02-20 15:58:11.302556,WS-TECH-ANALYSIS
IG0004886,- iPhone 16 Pro Max: The Ultimate Upgrade Guide!,source_479,source_479,True,Company_A,content_editor_03,Tech_Analysis,English,special_report,reels,Instagram,,True,2026-02-20 00:00:00.000000,74.67,33.61666666666667,41.0,61.0,External,17.68,388889.0,41074.0,5522.0,490.0,1156.71,key_moments,2026-02-20 00:44:15.698872,WS-TECH-ANALYSIS
YT0022102,- iPhone 16: Worth the Hype?! (Don't Buy Until You See This!),source_480,source_480,True,Company_A,content_editor_03,Tech_Analysis,English,speech,shorts,Youtube,,True,2026-02-21 00:00:00.000000,70.46000000000001,24.816666666666663,31.22,216.0,Notifications,15.45,962999.0,65549.0,7026.0,346.0,4632.2035000000005,key_moments,2026-02-21 05:24:31.015196,WS-TECH-ANALYSIS
IG0022102,- iPhone 16: Worth the Hype?! (Don't Buy Until You See This!),source_480,source_480,True,Company_A,content_editor_03,Tech_Analysis,English,speech,reels,Instagram,,True,2026-02-21 00:00:00.000000,70.46000000000001,24.816666666666663,26.0,112.0,Notifications,15.45,428520.0,33838.0,4930.0,208.0,535.93,summary,2026-02-21 02:14:08.833348,WS-TECH-ANALYSIS
YT0007224,- iPhone 16 Pro Max: Worth the Hype?! (1 Month Later),source_481,source_481,True,Company_A,content_editor_03,Tech_Analysis,English,interview,shorts,Youtube,,True,2026-02-22 00:00:00.000000,36.17,8.033333333333333,2.52,557.0,Shorts Feed,23.51,1381082.0,97738.0,837.0,992.0,204.60466666666667,chapters,2026-02-22 00:36:26.838710,WS-TECH-ANALYSIS
IG0007224,- iPhone 16 Pro Max: Worth the Hype?! (1 Month Later),source_481,source_481,True,Company_A,content_editor_03,Tech_Analysis,English,interview,reels,Instagram,,True,2026-02-22 00:00:00.000000,36.17,8.033333333333333,2.0,403.0,Shorts Feed,23.51,939951.0,39458.0,648.0,671.0,2.79,key_moments,2026-02-22 02:59:51.989313,WS-TECH-ANALYSIS
YT0021433,- iPhone 16 Pro Max Camera TESTED: You Won't Believe This!,source_481,source_481,True,Company_A,content_editor_03,Lifestyle,English,special_report,shorts,Youtube,,True,2026-02-23 00:00:00.000000,24.77,9.65,22.01,372.0,Channel Page,4.23,1847572.0,18505.0,3458.0,2773.0,1103.411,chapters,2026-02-23 17:32:39.750514,WS-LIFESTYLE
YT0009513,- iPhone 16 Pro Max vs. 15 Pro Max: The TRUTH!,source_481,source_481,True,Company_A,content_editor_03,Tech_Analysis,English,special_report,shorts,Youtube,,True,2026-02-23 00:00:00.000000,56.32,23.9,39.69,666.0,Search,18.95,808037.0,72408.0,1602.0,2470.0,3681.0575,key_moments,2026-02-23 02:21:59.765818,WS-TECH-ANALYSIS
IG0009513,- iPhone 16 Pro Max vs. 15 Pro Max: The TRUTH!,source_481,source_481,True,Company_A,content_editor_03,Tech_Analysis,English,interview,reels,Instagram,,True,2026-02-23 00:00:00.000000,56.32,23.9,36.0,390.0,Search,18.95,527258.0,30406.0,1192.0,1285.0,864.7,key_moments,2026-02-23 07:31:48.317831,WS-TECH-ANALYSIS
IG0021433,- iPhone 16 Pro Max Camera TESTED: You Won't Believe This!,source_481,source_481,False,Company_A,content_editor_03,Lifestyle,English,interview,,,,False,2026-02-23 00:00:00.000000,24.77,,,,,,,,,,,chapters,2026-02-23 10:26:08.501161,WS-LIFESTYLE
YT0000375,- My Day in Paradise... NOT! (Vlog),source_482,source_482,True,Company_A,content_editor_03,Lifestyle,English,speech,shorts,Youtube,,True,2026-02-24 00:00:00.000000,30.59,19.78333333333333,78.79,184.0,Channel Page,17.0,978863.0,2091.0,1103.0,175.0,3339.9168333333337,summary,2026-02-24 03:57:34.473175,WS-LIFESTYLE
IG0000375,- My Day in Paradise... NOT! (Vlog),source_482,source_482,True,Company_A,content_editor_03,Lifestyle,English,speech,reels,Instagram,,True,2026-02-24 00:00:00.000000,30.59,19.78333333333333,100.0,213.0,Channel Page,17.0,1975650.0,4336.0,1654.0,461.0,6875.81,summary,2026-02-24 04:24:16.709155,WS-LIFESTYLE
YT0013403,"- Kombucha, Chaos & a Glitter Bomb: My Tuesday!",source_482,source_482,True,Company_A,content_editor_03,Lifestyle,English,interview,shorts,Youtube,,True,2026-02-25 00:00:00.000000,27.94,15.133333333333333,58.99,473.0,Channel Page,7.42,418555.0,16194.0,5084.0,2469.0,887.4916666666667,key_moments,2026-02-25 01:00:48.039432,WS-LIFESTYLE
YT0003493,- Just Another Day? More Like a Hilarious Disaster!,source_482,source_482,True,Company_A,content_editor_03,Lifestyle,English,special_report,shorts,Youtube,,True,2026-02-25 00:00:00.000000,29.74,14.733333333333334,49.07,182.0,External,3.44,1378875.0,15365.0,6877.0,2641.0,2770.5173333333337,key_moments,2026-02-25 02:15:19.731735,WS-LIFESTYLE
YT0002239,- From Coffee to Cat Cameos: A Day in My Life,source_482,source_482,True,Company_A,content_editor_03,Tech_Analysis,English,news_bulletin,shorts,Youtube,,True,2026-02-25 00:00:00.000000,21.09,9.566666666666666,33.94,235.0,Browse,22.62,1120124.0,96038.0,6601.0,2371.0,643.0341666666667,full_package,2026-02-25 08:15:50.153929,WS-TECH-ANALYSIS
IG0002239,- From Coffee to Cat Cameos: A Day in My Life,source_482,source_482,True,Company_A,content_editor_03,Tech_Analysis,English,interview,reels,Instagram,,True,2026-02-25 00:00:00.000000,21.09,9.566666666666666,29.0,185.0,Browse,22.62,637217.0,57752.0,3918.0,1541.0,106.08,key_moments,2026-02-25 04:11:56.267536,WS-TECH-ANALYSIS
IG0013403,"- Kombucha, Chaos & a Glitter Bomb: My Tuesday!",source_482,source_482,True,Company_A,content_editor_03,Lifestyle,English,news_bulletin,reels,Instagram,,True,2026-02-25 00:00:00.000000,27.94,15.133333333333333,72.0,529.0,Channel Page,7.42,841848.0,43697.0,7609.0,7300.0,1285.22,key_moments,2026-02-25 05:21:59.237473,WS-LIFESTYLE
IG0003493,- Just Another Day? More Like a Hilarious Disaster!,source_482,source_482,True,Company_A,content_editor_03,Lifestyle,English,interview,reels,Instagram,,True,2026-02-25 00:00:00.000000,29.74,14.733333333333334,58.0,204.0,External,3.44,2545025.0,44079.0,13741.0,8689.0,2965.9,chapters,2026-02-25 04:26:58.659642,WS-LIFESTYLE
YT0019954,- Adulting Fails & Dance Parties: Come Spend the Day With Me!,source_482,source_482,False,Company_A,content_editor_03,Lifestyle,English,special_report,,,,False,2026-02-27 00:00:00.000000,36.75,,,,,,,,,,,chapters,2026-02-27 23:06:05.397178,WS-LIFESTYLE
YT0013027,- Finding Joy in the Mess: My Perfectly Imperfect Day,source_482,source_482,True,Company_A,content_editor_03,Tech_Analysis,English,special_report,shorts,Youtube,,True,2026-02-27 00:00:00.000000,59.49,28.55,47.31,132.0,Shorts Feed,6.34,1489967.0,74382.0,6133.0,1971.0,8712.168166666666,chapters,2026-02-27 02:50:04.332057,WS-TECH-ANALYSIS
IG0013027,- Finding Joy in the Mess: My Perfectly Imperfect Day,source_482,source_482,False,Company_A,content_editor_03,Tech_Analysis,English,interview,,,,False,2026-02-27 00:00:00.000000,59.49,,,,,,,,,,,key_moments,2026-02-27 14:26:56.253704,WS-TECH-ANALYSIS
IG0019954,- Adulting Fails & Dance Parties: Come Spend the Day With Me!,source_482,source_482,False,Company_A,content_editor_03,Lifestyle,English,news_bulletin,,,,False,2026-02-27 00:00:00.000000,36.75,,,,,,,,,,,summary,2026-02-27 04:27:03.089638,WS-LIFESTYLE
YT0024006,- My Week Was a MESS (But I Survived!),source_483,source_483,True,Company_A,content_editor_03,Lifestyle,English,special_report,shorts,Youtube,,True,2026-02-28 00:00:00.000000,23.77,11.866666666666667,49.79,12.0,Browse,17.29,571468.0,7398.0,5009.0,1326.0,693.1695,chapters,2026-02-28 15:30:45.412710,WS-LIFESTYLE
YT0019730,"- Realistic Week in My Life: Chaos, Coffee & Kitchen Fires",source_483,source_483,True,Company_A,content_editor_03,Tech_Analysis,English,news_bulletin,shorts,Youtube,,True,2026-02-28 00:00:00.000000,63.57,12.35,9.99,272.0,External,25.95,1372486.0,78624.0,1560.0,1030.0,1849.0436666666667,key_moments,2026-02-28 01:30:04.574557,WS-TECH-ANALYSIS
YT0016961,- Unfiltered Week Vlog: Adulting Fails & Impromptu Dance Parties,source_483,source_483,True,Company_A,content_editor_03,Tech_Analysis,English,interview,shorts,Youtube,,True,2026-02-28 00:00:00.000000,19.96,10.85,67.54,137.0,Playlist,26.58,1811508.0,65609.0,5388.0,1254.0,1685.7088333333334,summary,2026-02-28 04:38:12.340686,WS-TECH-ANALYSIS
IG0019730,"- Realistic Week in My Life: Chaos, Coffee & Kitchen Fires",source_483,source_483,True,Company_A,content_editor_03,Tech_Analysis,English,news_bulletin,reels,Instagram,,True,2026-02-28 00:00:00.000000,63.57,12.35,10.0,172.0,External,25.95,676979.0,34568.0,850.0,772.0,91.2,full_package,2026-02-28 02:55:09.491271,WS-TECH-ANALYSIS
IG0016961,- Unfiltered Week Vlog: Adulting Fails & Impromptu Dance Parties,source_483,source_483,True,Company_A,content_editor_03,Tech_Analysis,English,news_bulletin,reels,Instagram,,True,2026-02-28 00:00:00.000000,19.96,10.85,55.0,84.0,Playlist,26.58,1113707.0,37835.0,3295.0,1109.0,570.0,full_package,2026-02-28 04:28:19.787534,WS-TECH-ANALYSIS
IG0024006,- My Week Was a MESS (But I Survived!),source_483,source_483,False,Company_A,content_editor_03,Lifestyle,English,special_report,,,,False,2026-02-28 00:00:00.000000,23.77,,,,,,,,,,,summary,2026-02-28 10:38:07.719945,WS-LIFESTYLE
YT0004437,- Vision Pro: The TRUTH Apple Doesn't Want You To Know!,source_484,source_484,True,Company_A,content_editor_03,Tech_Analysis,English,interview,shorts,Youtube,,True,2026-03-01 00:00:00.000000,62.8,45.48333333333333,79.46,361.0,Playlist,29.98,782649.0,73634.0,2929.0,434.0,8257.671666666667,key_moments,2026-03-01 05:24:57.297981,WS-TECH-ANALYSIS
IG0004437,- Vision Pro: The TRUTH Apple Doesn't Want You To Know!,source_484,source_484,True,Company_A,content_editor_03,Tech_Analysis,English,speech,reels,Instagram,,True,2026-03-01 00:00:00.000000,62.8,45.48333333333333,71.0,222.0,Playlist,29.98,350548.0,50599.0,1885.0,224.0,2626.01,chapters,2026-03-01 10:37:06.705133,WS-TECH-ANALYSIS
YT0028847,"- Apple Vision Pro: The Future is Here, But Should You Buy It?",source_484,source_484,False,Company_A,content_editor_03,Tech_Analysis,English,special_report,,,,False,2026-03-02 00:00:00.000000,69.24000000000001,,,,,,,,,,,full_package,2026-03-02 02:20:23.718282,WS-TECH-ANALYSIS
YT0018935,- Vision Pro Review: Groundbreaking or Gimmick?,source_484,source_484,True,Company_A,content_editor_03,Lifestyle,English,news_bulletin,shorts,Youtube,,True,2026-03-02 00:00:00.000000,34.760000000000005,15.166666666666668,38.8,30.0,Playlist,16.93,1046258.0,93354.0,7357.0,1705.0,2228.142,key_moments,2026-03-02 02:04:15.564308,WS-LIFESTYLE
IG0028847,"- Apple Vision Pro: The Future is Here, But Should You Buy It?",source_484,source_484,True,Company_A,content_editor_03,Tech_Analysis,English,special_report,reels,Instagram,,True,2026-03-02 00:00:00.000000,69.24000000000001,19.21666666666667,18.0,176.0,Browse,27.04,205861.0,46397.0,1200.0,1247.0,120.6,key_moments,2026-03-02 04:03:06.730785,WS-TECH-ANALYSIS
IG0018935,- Vision Pro Review: Groundbreaking or Gimmick?,source_484,source_484,False,Company_A,content_editor_03,Lifestyle,English,interview,,,,False,2026-03-02 00:00:00.000000,34.760000000000005,,,,,,,,,,,key_moments,2026-03-02 03:52:41.540802,WS-LIFESTYLE
YT0017921,- I Said YES to EVERYTHING for a Week! (Regrets?),source_485,source_485,False,Company_A,content_editor_03,Lifestyle,English,interview,,,,False,2026-03-04 00:00:00.000000,20.41,,,,,,,,,,,summary,2026-03-04 03:26:50.472983,WS-LIFESTYLE
YT0013917,"- Pottery, Piercings & Panic! My Week of Firsts",source_485,source_485,False,Company_A,content_editor_03,Tech_Analysis,English,speech,,,,False,2026-03-04 00:00:00.000000,65.03999999999999,,,,,,,,,,,summary,2026-03-04 01:51:28.053172,WS-TECH-ANALYSIS
IG0013917,"- Pottery, Piercings & Panic! My Week of Firsts",source_485,source_485,True,Company_A,content_editor_03,Tech_Analysis,English,news_bulletin,reels,Instagram,,True,2026-03-04 00:00:00.000000,65.03999999999999,32.2,48.0,250.0,Playlist,7.14,171947.0,34280.0,2892.0,541.0,566.28,key_moments,2026-03-04 10:26:07.881821,WS-TECH-ANALYSIS
IG0017921,- I Said YES to EVERYTHING for a Week! (Regrets?),source_485,source_485,False,Company_A,content_editor_03,Lifestyle,English,interview,,,,False,2026-03-04 00:00:00.000000,20.41,,,,,,,,,,,chapters,2026-03-04 02:59:32.089097,WS-LIFESTYLE
YT0008514,- Don't Buy the iPhone 16 Until You See THIS!,source_486,source_486,True,Company_A,content_editor_03,Tech_Analysis,English,speech,shorts,Youtube,,True,2026-03-06 00:00:00.000000,56.43,25.416666666666668,43.25,31.0,Playlist,12.52,238750.0,75926.0,3051.0,279.0,1188.2233333333331,chapters,2026-03-06 12:31:04.315573,WS-TECH-ANALYSIS
YT0000182,- iPhone 16: Don't Buy It Until You See This!,source_487,source_487,False,Company_A,content_editor_03,Tech_Analysis,English,news_bulletin,,,,False,2026-03-06 00:00:00.000000,19.85,,,,,,,,,,,key_moments,2026-03-06 04:02:27.554425,WS-TECH-ANALYSIS
IG0008514,- Don't Buy the iPhone 16 Until You See THIS!,source_486,source_486,True,Company_A,content_editor_03,Tech_Analysis,English,interview,reels,Instagram,,True,2026-03-06 00:00:00.000000,56.43,25.416666666666668,40.0,24.0,Playlist,12.52,151001.0,38576.0,1953.0,144.0,300.6,full_package,2026-03-06 06:43:10.774736,WS-TECH-ANALYSIS
IG0000182,- iPhone 16: Don't Buy It Until You See This!,source_487,source_487,True,Company_A,content_editor_03,Tech_Analysis,English,interview,reels,Instagram,,True,2026-03-06 00:00:00.000000,19.85,11.183333333333334,74.0,419.0,Shorts Feed,0.99,944812.0,42706.0,697.0,415.0,715.35,chapters,2026-03-06 06:14:57.313925,WS-TECH-ANALYSIS
YT0026190,- iPhone 16 Review: Worth the Hype or a Waste of Money?,source_487,source_487,True,Company_A,content_editor_03,Lifestyle,English,speech,shorts,Youtube,,True,2026-03-07 00:00:00.000000,20.43,10.45,54.33,337.0,Search,19.29,1624379.0,7390.0,6852.0,1453.0,1331.0883333333334,chapters,2026-03-07 02:04:06.978758,WS-LIFESTYLE
IG0026190,- iPhone 16 Review: Worth the Hype or a Waste of Money?,source_487,source_487,True,Company_A,content_editor_03,Lifestyle,English,speech,reels,Instagram,,True,2026-03-07 00:00:00.000000,20.43,10.45,60.0,380.0,Search,19.29,2542402.0,21238.0,10229.0,4008.0,1250.01,summary,2026-03-07 05:21:57.096713,WS-LIFESTYLE
YT0016730,- AI Apocalypse or Utopia? Experts Predict the Future,source_488,source_488,False,Company_A,content_editor_03,Tech_Analysis,English,interview,,,,False,2026-03-08 00:00:00.000000,65.84,,,,,,,,,,,key_moments,2026-03-08 18:42:29.438256,WS-TECH-ANALYSIS
YT0006511,- The REAL Future of AI: Unfiltered Truth From Insiders,source_488,source_488,False,Company_A,content_editor_03,Tech_Analysis,English,speech,,,,False,2026-03-08 00:00:00.000000,46.25,,,,,,,,,,,key_moments,2026-03-08 04:53:30.899657,WS-TECH-ANALYSIS
IG0016730,- AI Apocalypse or Utopia? Experts Predict the Future,source_488,source_488,True,Company_A,content_editor_03,Tech_Analysis,English,special_report,reels,Instagram,,True,2026-03-08 00:00:00.000000,65.84,50.35,69.0,253.0,Search,29.13,233897.0,57775.0,2122.0,1560.0,1920.98,key_moments,2026-03-08 08:13:34.070355,WS-TECH-ANALYSIS
IG0006511,- The REAL Future of AI: Unfiltered Truth From Insiders,source_488,source_488,True,Company_A,content_editor_03,Tech_Analysis,English,news_bulletin,reels,Instagram,,True,2026-03-08 00:00:00.000000,46.25,23.866666666666667,44.0,232.0,Suggested,20.09,1181020.0,40232.0,4100.0,988.0,2362.48,full_package,2026-03-08 06:57:54.356795,WS-TECH-ANALYSIS
YT0000244,- Self-Driving Cars & AI Doctors: Tech That Will Blow Your Mind,source_488,source_488,False,Company_A,content_editor_03,Lifestyle,English,news_bulletin,,,,False,2026-03-09 00:00:00.000000,20.04,,,,,,,,,,,key_moments,2026-03-09 05:06:49.520205,WS-LIFESTYLE
YT0015417,- AI: Humanity's Savior... or Destroyer?,source_488,source_488,True,Company_A,content_editor_03,Tech_Analysis,English,speech,shorts,Youtube,,True,2026-03-09 00:00:00.000000,63.77,32.8,51.88,676.0,Suggested,10.9,877792.0,83111.0,5679.0,1938.0,6168.927166666666,chapters,2026-03-09 04:38:36.749498,WS-TECH-ANALYSIS
YT0004200,- Apple Vision Pro: Worth $3500?! My *Real* Review,source_489,source_489,True,Company_A,content_editor_03,Tech_Analysis,English,special_report,shorts,Youtube,,True,2026-03-09 00:00:00.000000,55.3,46.18333333333333,95.99,579.0,Notifications,27.33,1930595.0,71987.0,7546.0,1509.0,20744.95833333333,summary,2026-03-09 06:11:51.018373,WS-TECH-ANALYSIS
IG0015417,- AI: Humanity's Savior... or Destroyer?,source_488,source_488,True,Company_A,content_editor_03,Tech_Analysis,English,interview,reels,Instagram,,True,2026-03-09 00:00:00.000000,63.77,32.8,50.0,370.0,Suggested,10.9,433096.0,45939.0,3112.0,994.0,1521.85,full_package,2026-03-09 07:21:58.808707,WS-TECH-ANALYSIS
IG0004200,- Apple Vision Pro: Worth $3500?! My *Real* Review,source_489,source_489,True,Company_A,content_editor_03,Tech_Analysis,English,special_report,reels,Instagram,,True,2026-03-09 00:00:00.000000,55.3,46.18333333333333,89.0,404.0,Notifications,27.33,1236506.0,38342.0,3952.0,913.0,11825.18,my_key_moments,2026-03-09 01:21:21.716798,WS-TECH-ANALYSIS
IG0000244,- Self-Driving Cars & AI Doctors: Tech That Will Blow Your Mind,source_488,source_488,True,Company_A,content_editor_03,Lifestyle,English,interview,reels,Instagram,,True,2026-03-09 00:00:00.000000,20.04,10.9,78.0,537.0,Browse,21.26,3791359.0,12261.0,2134.0,5368.0,2792.97,summary,2026-03-09 04:52:30.290770,WS-LIFESTYLE
YT0014963,- Apple Vision Pro: The TRUTH They Don't Want You To Know,source_489,source_489,True,Company_A,content_editor_03,Lifestyle,English,speech,shorts,Youtube,,True,2026-03-10 00:00:00.000000,35.28,19.166666666666664,57.53,597.0,Suggested,15.47,63408.0,81926.0,1794.0,960.0,205.48883333333333,key_moments,2026-03-10 03:27:08.172880,WS-LIFESTYLE
YT0008683,- I Used Vision Pro for 2 Weeks... Here's What I Found,source_489,source_489,True,Company_A,content_editor_03,Tech_Analysis,English,interview,shorts,Youtube,,True,2026-03-10 00:00:00.000000,40.82,24.666666666666668,66.49,571.0,Shorts Feed,13.47,1523728.0,87215.0,7160.0,130.0,7265.925166666667,key_moments,2026-03-10 02:55:27.666869,WS-TECH-ANALYSIS
YT0016190,"- Vision Pro: The Good, The Bad, and The $3500",source_489,source_489,True,Company_A,content_editor_03,Tech_Analysis,English,special_report,shorts,Youtube,,True,2026-03-10 00:00:00.000000,18.51,8.033333333333333,15.19,301.0,Shorts Feed,21.68,1869259.0,95632.0,5124.0,176.0,276.9273333333333,summary,2026-03-10 11:16:49.405803,WS-TECH-ANALYSIS
YT0005282,- Apple Vision Pro: Is This the Future or a Flop?,source_489,source_489,True,Company_A,content_editor_03,Tech_Analysis,English,interview,shorts,Youtube,,True,2026-03-10 00:00:00.000000,70.14,34.15,48.33,296.0,Browse,17.44,1939325.0,75987.0,3826.0,1924.0,14356.392,summary,2026-03-10 02:13:30.163783,WS-TECH-ANALYSIS
YT0004257,- Don't Buy Vision Pro Until You See This!,source_489,source_489,True,Company_A,content_editor_03,Tech_Analysis,English,interview,shorts,Youtube,,True,2026-03-10 00:00:00.000000,47.67,15.433333333333334,24.28,312.0,Search,21.45,1161028.0,92687.0,7790.0,1861.0,2558.561666666667,my_key_moments,2026-03-10 01:18:38.131999,WS-TECH-ANALYSIS
IG0008683,- I Used Vision Pro for 2 Weeks... Here's What I Found,source_489,source_489,True,Company_A,content_editor_03,Tech_Analysis,English,interview,reels,Instagram,,True,2026-03-10 00:00:00.000000,40.82,24.666666666666668,55.0,342.0,Shorts Feed,13.47,720484.0,44956.0,4889.0,66.0,1889.6,full_package,2026-03-10 07:33:35.895252,WS-TECH-ANALYSIS
IG0016190,"- Vision Pro: The Good, The Bad, and The $3500",source_489,source_489,True,Company_A,content_editor_03,Tech_Analysis,English,special_report,reels,Instagram,,True,2026-03-10 00:00:00.000000,18.51,8.033333333333333,14.0,179.0,Shorts Feed,21.68,754530.0,62120.0,3661.0,156.0,15.65,key_moments,2026-03-10 01:17:02.395704,WS-TECH-ANALYSIS
IG0005282,- Apple Vision Pro: Is This the Future or a Flop?,source_489,source_489,True,Company_A,content_editor_03,Tech_Analysis,English,speech,reels,Instagram,,True,2026-03-10 00:00:00.000000,70.14,34.15,44.0,160.0,Browse,17.44,776542.0,47524.0,2308.0,1125.0,2529.37,full_package,2026-03-10 00:51:19.827978,WS-TECH-ANALYSIS
IG0004257,- Don't Buy Vision Pro Until You See This!,source_489,source_489,False,Company_A,content_editor_03,Tech_Analysis,English,interview,,,,False,2026-03-10 00:00:00.000000,47.67,,,,,,,,,,,summary,2026-03-10 08:16:20.158767,WS-TECH-ANALYSIS
IG0014963,- Apple Vision Pro: The TRUTH They Don't Want You To Know,source_489,source_489,True,Company_A,content_editor_03,Lifestyle,English,news_bulletin,reels,Instagram,,True,2026-03-10 00:00:00.000000,35.28,19.166666666666664,72.0,651.0,Suggested,15.47,116407.0,153187.0,3138.0,2466.0,271.62,full_package,2026-03-10 04:32:29.642097,WS-LIFESTYLE
YT0007241,- iPhone 16 Pro Max: Worth the Hype?! (1 Month Later),source_490,source_490,True,Company_A,content_editor_03,Tech_Analysis,English,news_bulletin,shorts,Youtube,,True,2026-03-11 00:00:00.000000,33.84,18.71666666666667,59.54,469.0,Browse,9.37,1894045.0,80283.0,1165.0,528.0,5901.353166666667,summary,2026-03-11 05:50:18.519047,WS-TECH-ANALYSIS
IG0007241,- iPhone 16 Pro Max: Worth the Hype?! (1 Month Later),source_490,source_490,True,Company_A,content_editor_03,Tech_Analysis,English,interview,reels,Instagram,,True,2026-03-11 00:00:00.000000,33.84,18.71666666666667,48.0,262.0,Browse,9.37,1261736.0,37427.0,778.0,326.0,1887.0,chapters,2026-03-11 02:48:27.585148,WS-TECH-ANALYSIS
YT0023462,- iPhone 16 Pro Max vs 15 Pro Max: HUGE Camera Upgrade?!,source_490,source_490,True,Company_A,content_editor_03,Lifestyle,English,speech,shorts,Youtube,,True,2026-03-12 00:00:00.000000,34.230000000000004,23.5,83.2,54.0,Channel Page,7.29,9370.0,11194.0,4392.0,2654.0,41.6445,full_package,2026-03-12 01:19:17.409518,WS-LIFESTYLE
IG0023462,- iPhone 16 Pro Max vs 15 Pro Max: HUGE Camera Upgrade?!,source_490,source_490,True,Company_A,content_editor_03,Lifestyle,English,special_report,reels,Instagram,,True,2026-03-12 00:00:00.000000,34.230000000000004,23.5,100.0,65.0,Channel Page,7.29,16477.0,32503.0,7794.0,8897.0,74.7,key_moments,2026-03-12 01:32:56.706871,WS-LIFESTYLE
YT0018242,- iPhone 16 Pro Max: The ULTIMATE Review,source_490,source_490,False,Company_A,content_editor_03,Lifestyle,English,interview,,,,False,2026-03-13 00:00:00.000000,30.06,,,,,,,,,,,summary,2026-03-13 03:13:02.288607,WS-LIFESTYLE
IG0018242,- iPhone 16 Pro Max: The ULTIMATE Review,source_490,source_490,False,Company_A,content_editor_03,Lifestyle,English,special_report,,,,False,2026-03-13 00:00:00.000000,30.06,,,,,,,,,,,key_moments,2026-03-13 01:26:43.367022,WS-LIFESTYLE
YT0017909,- Build Your DREAM Keyboard! (From SCRATCH!),source_491,source_491,True,Company_A,content_editor_03,Tech_Analysis,English,interview,shorts,Youtube,,True,2026-03-14 00:00:00.000000,31.19,9.3,11.12,683.0,Search,28.21,979350.0,72607.0,3502.0,65.0,489.675,key_moments,2026-03-14 05:06:49.568051,WS-TECH-ANALYSIS
YT0009892,- Custom Keyboards 101: Beginner's Guide!,source_491,source_491,True,Company_A,content_editor_03,Tech_Analysis,English,news_bulletin,shorts,Youtube,,True,2026-03-14 00:00:00.000000,32.370000000000005,21.8,82.33,173.0,Shorts Feed,27.46,1231733.0,73583.0,738.0,2936.0,4892.717166666667,key_moments,2026-03-14 02:45:46.909065,WS-TECH-ANALYSIS
YT0006636,"- STOP Buying, START Building: Custom Keyboard Guide",source_491,source_491,True,Company_A,content_editor_03,Tech_Analysis,English,news_bulletin,shorts,Youtube,,True,2026-03-14 00:00:00.000000,74.59,34.4,45.14,658.0,Search,23.47,1288856.0,64304.0,190.0,2651.0,9630.6185,full_package,2026-03-14 04:38:17.467220,WS-TECH-ANALYSIS
IG0017909,- Build Your DREAM Keyboard! (From SCRATCH!),source_491,source_491,False,Company_A,content_editor_03,Tech_Analysis,English,speech,,,,False,2026-03-14 00:00:00.000000,31.19,,,,,,,,,,,summary,2026-03-14 04:31:42.960371,WS-TECH-ANALYSIS
IG0009892,- Custom Keyboards 101: Beginner's Guide!,source_491,source_491,False,Company_A,content_editor_03,Tech_Analysis,English,special_report,,,,False,2026-03-14 00:00:00.000000,32.370000000000005,,,,,,,,,,,my_key_moments,2026-03-14 05:27:02.323067,WS-TECH-ANALYSIS
IG0006636,"- STOP Buying, START Building: Custom Keyboard Guide",source_491,source_491,True,Company_A,content_editor_03,Tech_Analysis,English,special_report,reels,Instagram,,True,2026-03-14 00:00:00.000000,74.59,34.4,39.0,481.0,Search,23.47,671803.0,40723.0,123.0,1775.0,1957.75,chapters,2026-03-14 05:57:53.384293,WS-TECH-ANALYSIS
YT0004721,- Level Up Your Setup: Custom Keyboard Build!,source_491,source_491,True,Company_A,content_editor_03,Tech_Analysis,English,news_bulletin,shorts,Youtube,,True,2026-03-15 00:00:00.000000,59.45,18.65,25.08,435.0,Shorts Feed,9.0,1197344.0,92017.0,4076.0,2830.0,3708.4405,summary,2026-03-15 03:02:16.520944,WS-TECH-ANALYSIS
YT0018553,- Keyboard ASMR: Building My Dream Board,source_491,source_491,True,Company_A,content_editor_03,Tech_Analysis,English,interview,shorts,Youtube,,True,2026-03-15 00:00:00.000000,18.16,8.8,41.14,475.0,Search,4.48,771443.0,83322.0,7649.0,1113.0,278.57666666666665,key_moments,2026-03-15 04:38:03.223270,WS-TECH-ANALYSIS
YT0010770,- Unlock Keyboard Nirvana: The ULTIMATE Guide,source_491,source_491,True,Company_A,content_editor_03,Tech_Analysis,English,interview,shorts,Youtube,,True,2026-03-15 00:00:00.000000,68.91,40.0,60.29,273.0,Suggested,5.25,1633017.0,74685.0,987.0,2044.0,14742.514666666666,key_moments,2026-03-15 04:49:52.424004,WS-TECH-ANALYSIS
IG0004721,- Level Up Your Setup: Custom Keyboard Build!,source_491,source_491,False,Company_A,content_editor_03,Tech_Analysis,English,special_report,,,,False,2026-03-15 00:00:00.000000,59.45,,,,,,,,,,,full_package,2026-03-15 00:34:22.906600,WS-TECH-ANALYSIS
IG0018553,- Keyboard ASMR: Building My Dream Board,source_491,source_491,True,Company_A,content_editor_03,Tech_Analysis,English,interview,reels,Instagram,,True,2026-03-15 00:00:00.000000,18.16,8.8,37.0,349.0,Search,4.48,438521.0,57945.0,4471.0,805.0,58.59,full_package,2026-03-15 06:42:33.971146,WS-TECH-ANALYSIS
IG0010770,- Unlock Keyboard Nirvana: The ULTIMATE Guide,source_491,source_491,False,Company_A,content_editor_03,Tech_Analysis,English,interview,,,,False,2026-03-15 00:00:00.000000,68.91,,,,,,,,,,,chapters,2026-03-15 04:30:35.203880,WS-TECH-ANALYSIS
YT0001718,- QMK Firmware: Keyboard Customization UNLOCKED!,source_491,source_491,False,Company_A,content_editor_03,Tech_Analysis,English,interview,,,,False,2026-03-16 00:00:00.000000,17.14,,,,,,,,,,,full_package,2026-03-16 06:16:51.696096,WS-TECH-ANALYSIS
YT0013632,- Typing Perfection: Custom Keyboard Secrets REVEALED!,source_491,source_491,False,Company_A,content_editor_03,Tech_Analysis,English,special_report,,,,False,2026-03-16 00:00:00.000000,70.91,,,,,,,,,,,full_package,2026-03-16 01:25:43.600549,WS-TECH-ANALYSIS
YT0024508,- My Week in Chaos: Questionable Decisions & Caffeine Overload,source_492,source_492,True,Company_A,content_editor_03,Lifestyle,English,interview,shorts,Youtube,,True,2026-03-16 00:00:00.000000,23.75,10.833333333333332,38.1,502.0,Channel Page,0.38,1778657.0,99301.0,7145.0,1666.0,1646.9046666666666,chapters,2026-03-16 03:06:25.403467,WS-LIFESTYLE
IG0001718,- QMK Firmware: Keyboard Customization UNLOCKED!,source_491,source_491,True,Company_A,content_editor_03,Tech_Analysis,English,interview,reels,Instagram,,True,2026-03-16 00:00:00.000000,17.14,7.733333333333333,9.0,284.0,Notifications,20.88,252104.0,46747.0,3070.0,1740.0,1.47,my_key_moments,2026-03-16 01:40:13.486166,WS-TECH-ANALYSIS
IG0013632,- Typing Perfection: Custom Keyboard Secrets REVEALED!,source_491,source_491,True,Company_A,content_editor_03,Tech_Analysis,English,interview,reels,Instagram,,True,2026-03-16 00:00:00.000000,70.91,25.433333333333334,28.0,383.0,Playlist,28.7,1070593.0,59737.0,6057.0,977.0,1493.28,full_package,2026-03-16 07:15:25.433607,WS-TECH-ANALYSIS
IG0024508,- My Week in Chaos: Questionable Decisions & Caffeine Overload,source_492,source_492,True,Company_A,content_editor_03,Lifestyle,English,interview,reels,Instagram,,True,2026-03-16 00:00:00.000000,23.75,10.833333333333332,46.0,639.0,Channel Page,0.38,3972560.0,296107.0,9876.0,4015.0,1692.02,chapters,2026-03-16 01:17:59.236581,WS-LIFESTYLE
YT0006967,- Adulting Fails & Glue Gun Mishaps: A Week in My Life,source_492,source_492,False,Company_A,content_editor_03,Tech_Analysis,English,news_bulletin,,,,False,2026-03-17 00:00:00.000000,64.77000000000001,,,,,,,,,,,key_moments,2026-03-17 01:54:10.381753,WS-TECH-ANALYSIS
YT0013117,- From Workout Snoozes to Recipe Disasters: My Week Unfiltered,source_492,source_492,True,Company_A,content_editor_03,Tech_Analysis,English,interview,shorts,Youtube,,True,2026-03-17 00:00:00.000000,23.79,13.1,63.71,189.0,Channel Page,26.85,1464338.0,61755.0,200.0,2882.0,2277.8591666666666,key_moments,2026-03-17 06:08:00.160915,WS-TECH-ANALYSIS
IG0006967,- Adulting Fails & Glue Gun Mishaps: A Week in My Life,source_492,source_492,True,Company_A,content_editor_03,Tech_Analysis,English,speech,reels,Instagram,,True,2026-03-17 00:00:00.000000,64.77000000000001,49.65,83.0,272.0,Suggested,18.89,118916.0,46859.0,775.0,2102.0,1155.62,summary,2026-03-17 02:25:03.529045,WS-TECH-ANALYSIS
IG0013117,- From Workout Snoozes to Recipe Disasters: My Week Unfiltered,source_492,source_492,True,Company_A,content_editor_03,Tech_Analysis,English,speech,reels,Instagram,,True,2026-03-17 00:00:00.000000,23.79,13.1,55.0,139.0,Channel Page,26.85,955778.0,27165.0,134.0,1881.0,817.72,chapters,2026-03-17 01:54:11.829392,WS-TECH-ANALYSIS
YT0024845,"- My Chaotic Week: Friends, Fails, and Face Masks",source_492,source_492,True,Company_A,content_editor_03,Lifestyle,English,interview,shorts,Youtube,,True,2026-03-18 00:00:00.000000,32.29,13.533333333333331,34.89,66.0,Suggested,20.21,556590.0,91000.0,6581.0,1935.0,932.8036666666668,full_package,2026-03-18 08:15:43.295648,WS-LIFESTYLE
YT0004432,- Inbox Zero? More Like Inbox Infinity: My Week of Struggles,source_492,source_492,True,Company_A,content_editor_03,Tech_Analysis,English,speech,shorts,Youtube,,True,2026-03-18 00:00:00.000000,40.8,18.46666666666667,42.51,203.0,Suggested,22.63,539597.0,70302.0,5753.0,2131.0,1643.772333333333,summary,2026-03-18 08:32:14.862968,WS-TECH-ANALYSIS
YT0015878,- Sunsets & Self-Care: Finding Balance in a Crazy Week,source_492,source_492,True,Company_A,content_editor_03,Tech_Analysis,English,speech,shorts,Youtube,,True,2026-03-18 00:00:00.000000,66.58,42.65,68.15,431.0,Shorts Feed,26.3,1684679.0,65287.0,2790.0,1323.0,16449.0185,key_moments,2026-03-18 07:07:38.763254,WS-TECH-ANALYSIS
IG0004432,- Inbox Zero? More Like Inbox Infinity: My Week of Struggles,source_492,source_492,True,Company_A,content_editor_03,Tech_Analysis,English,special_report,reels,Instagram,,True,2026-03-18 00:00:00.000000,40.8,18.46666666666667,34.0,143.0,Suggested,22.63,302795.0,29885.0,3090.0,1783.0,313.62,key_moments,2026-03-18 07:53:14.513666,WS-TECH-ANALYSIS
IG0015878,- Sunsets & Self-Care: Finding Balance in a Crazy Week,source_492,source_492,False,Company_A,content_editor_03,Tech_Analysis,English,interview,,,,False,2026-03-18 00:00:00.000000,66.58,,,,,,,,,,,key_moments,2026-03-18 03:19:24.749480,WS-TECH-ANALYSIS
IG0024845,"- My Chaotic Week: Friends, Fails, and Face Masks",source_492,source_492,True,Company_A,content_editor_03,Lifestyle,English,interview,reels,Instagram,,True,2026-03-18 00:00:00.000000,32.29,13.533333333333331,45.0,77.0,Suggested,20.21,1014310.0,219572.0,8840.0,4273.0,764.96,summary,2026-03-18 03:23:45.865457,WS-LIFESTYLE
YT0003553,- Pancakes & Brainstorms: A Week of Highs and Lows,source_492,source_492,True,Company_A,content_editor_03,Tech_Analysis,English,news_bulletin,shorts,Youtube,,True,2026-03-19 00:00:00.000000,45.95,35.233333333333334,89.61,146.0,Suggested,10.76,997352.0,87529.0,5476.0,1280.0,7683.304333333333,full_package,2026-03-19 02:22:54.247068,WS-TECH-ANALYSIS
YT0009256,- STOP Buying Pre-Built Keyboards! (Build a BETTER One!),source_493,source_493,False,Company_A,content_editor_03,Lifestyle,English,speech,,,,False,2026-03-19 00:00:00.000000,21.08,,,,,,,,,,,summary,2026-03-19 04:34:27.875450,WS-LIFESTYLE
IG0003553,- Pancakes & Brainstorms: A Week of Highs and Lows,source_492,source_492,True,Company_A,content_editor_03,Tech_Analysis,English,news_bulletin,reels,Instagram,,True,2026-03-19 00:00:00.000000,45.95,35.233333333333334,86.0,89.0,Suggested,10.76,666752.0,53518.0,3449.0,694.0,4417.36,full_package,2026-03-19 02:37:19.561660,WS-TECH-ANALYSIS
IG0009256,- STOP Buying Pre-Built Keyboards! (Build a BETTER One!),source_493,source_493,True,Company_A,content_editor_03,Lifestyle,English,news_bulletin,reels,Instagram,,True,2026-03-19 00:00:00.000000,21.08,9.6,39.0,544.0,Channel Page,0.57,428045.0,229614.0,6849.0,5071.0,97.38,key_moments,2026-03-19 02:49:43.565973,WS-LIFESTYLE
0010051,- Is MicroLED the FUTURE of TVs? (Deep Dive),source_293,source_293,False,Company_A,content_editor_03,Lifestyle,English,interview,,,,False,,32.9,,,,,,,,,,,full_package,,WS-LIFESTYLE
0013287,- MicroLED: Too Good to Be True?,source_293,source_293,False,Company_A,content_editor_03,Lifestyle,English,speech,,,,False,,21.21,,,,,,,,,,,my_key_moments,,WS-LIFESTYLE
0021612,- Vision Pro: $3500 Well Spent? My HONEST Review!,source_294,source_294,False,Company_A,content_editor_03,Tech_Analysis,English,special_report,,,,False,,60.51,,,,,,,,,,,chapters,,WS-TECH-ANALYSIS
0013326,- I Used Vision Pro For a Week... Here's What REALLY Matters.,source_294,source_294,False,Company_A,content_editor_03,Lifestyle,English,speech,,,,False,,26.66,,,,,,,,,,,key_moments,,WS-LIFESTYLE
0000450,- Forget Intel! Is THIS the Future of PCs?,source_295,source_295,False,Company_A,content_editor_03,Lifestyle,English,interview,,,,False,,23.72,,,,,,,,,,,key_moments,,WS-LIFESTYLE
0019912,- Apple Vision Pro: Hype or the FUTURE?! (1-Week Honest Review),source_296,source_296,False,Company_A,content_editor_03,Tech_Analysis,English,interview,,,,False,,64.25999999999999,,,,,,,,,,,chapters,,WS-TECH-ANALYSIS
0018741,- Vision Pro: I Lived in It For a Week... Here's What I Found,source_296,source_296,False,Company_A,content_editor_03,Tech_Analysis,English,speech,,,,False,,73.95,,,,,,,,,,,summary,,WS-TECH-ANALYSIS
0027649,"- Vision Pro: My HONEST Review (The Good, Bad, & Ugly)",source_296,source_296,False,Company_A,content_editor_03,Tech_Analysis,English,speech,,,,False,,17.47,,,,,,,,,,,summary,,WS-TECH-ANALYSIS
0022116,- Apple Vision Pro: $3500 Well Spent?!,source_298,source_298,False,Company_A,content_editor_03,Tech_Analysis,English,special_report,,,,False,,28.68,,,,,,,,,,,summary,,WS-TECH-ANALYSIS
0017363,- Nvidia Killer?! AI Chipset Shocks the World!,source_300,source_300,False,Company_A,content_editor_03,Tech_Analysis,English,interview,,,,False,,63.26,,,,,,,,,,,key_moments,,WS-TECH-ANALYSIS
0007475,- Vision Pro: $3500 GONE WRONG?! (Honest Review),source_302,source_302,False,Company_A,content_editor_03,Tech_Analysis,English,interview,,,,False,,61.98,,,,,,,,,,,key_moments,,WS-TECH-ANALYSIS
0021664,- Don't Buy iPhone 16 Before Watching THIS!,source_301,source_301,False,Company_A,content_editor_03,Lifestyle,English,news_bulletin,,,,False,,35.67,,,,,,,,,,,key_moments,,WS-LIFESTYLE
0007435,- I Lived in the Vision Pro for a Week... Here's What I Found.,source_302,source_302,False,Company_A,content_editor_03,Tech_Analysis,English,special_report,,,,False,,23.97,,,,,,,,,,,full_package,,WS-TECH-ANALYSIS
0012281,- Vision Pro Review: Save Your Money (Unless...),source_302,source_302,False,Company_A,content_editor_03,Lifestyle,English,special_report,,,,False,,28.34,,,,,,,,,,,key_moments,,WS-LIFESTYLE
0006759,- iPhone 16 vs iPhone 15 Pro Max: The ULTIMATE Camera Test,source_304,source_304,False,Company_A,content_editor_03,Tech_Analysis,English,special_report,,,,False,,39.21,,,,,,,,,,,chapters,,WS-TECH-ANALYSIS
0009151,- iPhone 16: The TRUTH After 30 Days,source_304,source_304,False,Company_A,content_editor_03,Tech_Analysis,English,special_report,,,,False,,29.39,,,,,,,,,,,full_package,,WS-TECH-ANALYSIS
0022683,- I Lived in Apple Vision Pro for a Week...Here's What I Found,source_305,source_305,False,Company_A,content_editor_03,Tech_Analysis,English,special_report,,,,False,,37.73,,,,,,,,,,,chapters,,WS-TECH-ANALYSIS
0010034,"- Vision Pro: The Good, The Bad, and the $3500 Truth",source_305,source_305,False,Company_A,content_editor_03,Tech_Analysis,English,special_report,,,,False,,58.72,,,,,,,,,,,summary,,WS-TECH-ANALYSIS
0005622,- My Week in Chaos: Sourdough Fails & Sunrise Hikes!,source_308,source_308,False,Company_A,content_editor_03,Lifestyle,English,speech,,,,False,,29.68,,,,,,,,,,,summary,,WS-LIFESTYLE
0014816,"- Sunrise to Sunset: A Week of Real Life (the Good, the Bad, & the Pasta!)",source_308,source_308,False,Company_A,content_editor_03,Tech_Analysis,English,news_bulletin,,,,False,,57.62,,,,,,,,,,,chapters,,WS-TECH-ANALYSIS
0027675,- Vision Pro: The TRUTH After 1 Week (You Won't Believe This),source_309,source_309,False,Company_A,content_editor_03,Tech_Analysis,English,news_bulletin,,,,False,,29.32,,,,,,,,,,,my_key_moments,,WS-TECH-ANALYSIS
0003672,- Forget Midjourney! DALL-E 3 is the Future! ✨,source_311,source_311,False,Company_A,content_editor_03,Tech_Analysis,English,special_report,,,,False,,18.46,,,,,,,,,,,chapters,,WS-TECH-ANALYSIS
0015746,- iPhone 15 Pro Max: Worth the Hype?! (Honest Review),source_312,source_312,False,Company_A,content_editor_03,Tech_Analysis,English,special_report,,,,False,,65.63,,,,,,,,,,,full_package,,WS-TECH-ANALYSIS
0009720,- iPhone 15 Pro Max: Don't Upgrade Until You See This!,source_312,source_312,False,Company_A,content_editor_03,Tech_Analysis,English,speech,,,,False,,37.5,,,,,,,,,,,summary,,WS-TECH-ANALYSIS
0001456,- Apple Vision Pro: $3500 Paperweight?! (Honest Review),source_313,source_313,False,Company_A,content_editor_03,Tech_Analysis,English,speech,,,,False,,54.59,,,,,,,,,,,chapters,,WS-TECH-ANALYSIS
0012794,- My Week in Chaos: Adulting Fails & Coffee Shop Temptations!,source_316,source_316,False,Company_A,content_editor_03,Lifestyle,English,special_report,,,,False,,25.96,,,,,,,,,,,summary,,WS-LIFESTYLE
0018573,- Vision Pro: The Metaverse Killer...Or Just a Headache?,source_317,source_317,False,Company_A,content_editor_03,Tech_Analysis,English,speech,,,,False,,40.620000000000005,,,,,,,,,,,chapters,,WS-TECH-ANALYSIS
0007409,"- Tokyo Solo: Lost in Translation, Found Myself",source_319,source_319,False,Company_A,content_editor_03,Lifestyle,English,speech,,,,False,,16.39,,,,,,,,,,,full_package,,WS-LIFESTYLE
0014022,- M3 MacBook Air Review: The TRUTH After 7 Days,source_320,source_320,False,Company_A,content_editor_03,Tech_Analysis,English,speech,,,,False,,35.75,,,,,,,,,,,key_moments,,WS-TECH-ANALYSIS
0002358,- M3 MacBook Air Battery Test: You Won't Believe This!,source_320,source_320,False,Company_A,content_editor_03,Lifestyle,English,speech,,,,False,,20.62,,,,,,,,,,,key_moments,,WS-LIFESTYLE
0016609,- From Bad Coffee to Epic Thrift Finds: A Day in My Life,source_323,source_323,False,Company_A,content_editor_03,Lifestyle,English,interview,,,,False,,21.9,,,,,,,,,,,key_moments,,WS-LIFESTYLE
0006968,- Total Chaos Vlog: You Won't Believe What Happened!,source_323,source_323,False,Company_A,content_editor_03,Tech_Analysis,English,special_report,,,,False,,69.15,,,,,,,,,,,full_package,,WS-TECH-ANALYSIS
0013995,- Cat Movie Night After a Day of Disasters!,source_323,source_323,False,Company_A,content_editor_03,Lifestyle,English,special_report,,,,False,,34.91,,,,,,,,,,,summary,,WS-LIFESTYLE
0001420,- iPhone 16 Upgrade: Don't Buy Until You See THIS!,source_329,source_329,False,Company_A,content_editor_03,Tech_Analysis,English,interview,,,,False,,30.66,,,,,,,,,,,chapters,,WS-TECH-ANALYSIS
0005884,- iPhone 16: Worth the Hype?! (vs. iPhone 14 Pro),source_331,source_331,False,Company_A,content_editor_03,Tech_Analysis,English,news_bulletin,,,,False,,37.73,,,,,,,,,,,key_moments,,WS-TECH-ANALYSIS
0001004,- I Tried to Adult Today (and Failed Hilariously),source_330,source_330,False,Company_A,content_editor_03,Tech_Analysis,English,special_report,,,,False,,33.46,,,,,,,,,,,chapters,,WS-TECH-ANALYSIS
0014189,- iPhone 16 Pro Max: The TRUTH About Upgrading!,source_332,source_332,False,Company_A,content_editor_03,Tech_Analysis,English,interview,,,,False,,52.57,,,,,,,,,,,full_package,,WS-TECH-ANALYSIS
0009658,- Apple Vision Pro: My HONEST Review After 1 Week! 🤯,source_333,source_333,False,Company_A,content_editor_03,Tech_Analysis,English,speech,,,,False,,69.47999999999999,,,,,,,,,,,full_package,,WS-TECH-ANALYSIS
0002530,"- PS5 Case, PC Power: The Ultimate Hybrid?",source_334,source_334,False,Company_A,content_editor_03,Lifestyle,English,speech,,,,False,,19.63,,,,,,,,,,,summary,,WS-LIFESTYLE
0014560,- Project PS5-PC: Did I Go Too Far?,source_334,source_334,False,Company_A,content_editor_03,Lifestyle,English,speech,,,,False,,24.58,,,,,,,,,,,summary,,WS-LIFESTYLE
0026010,"- iPhone 16 Pro Max: The Good, The Bad & The Pricey!",source_336,source_336,False,Company_A,content_editor_03,Tech_Analysis,English,special_report,,,,False,,33.6,,,,,,,,,,,chapters,,WS-TECH-ANALYSIS
0010600,- AI vs. Doctors: The Future of Healthcare is HERE!,source_337,source_337,False,Company_A,content_editor_03,Tech_Analysis,English,news_bulletin,,,,False,,61.57,,,,,,,,,,,key_moments,,WS-TECH-ANALYSIS
0016708,- Self-Driving Cars: Are We Ready for the Robot Apocalypse?,source_337,source_337,False,Company_A,content_editor_03,Lifestyle,English,special_report,,,,False,,21.43,,,,,,,,,,,my_key_moments,,WS-LIFESTYLE
0025190,- Will AI Destroy Humanity? (The TRUTH About Artificial Intelligence),source_337,source_337,False,Company_A,content_editor_03,Tech_Analysis,English,special_report,,,,False,,67.43,,,,,,,,,,,chapters,,WS-TECH-ANALYSIS
0001085,- From Burnt Broccoli to Epic Hikes: A Week of Wins & Fails,source_338,source_338,False,Company_A,content_editor_03,Tech_Analysis,English,interview,,,,False,,23.92,,,,,,,,,,,chapters,,WS-TECH-ANALYSIS
0022671,- Apple Vision Pro: One Week Later... Hype or the Future?,source_339,source_339,False,Company_A,content_editor_03,Tech_Analysis,English,speech,,,,False,,72.46000000000001,,,,,,,,,,,summary,,WS-TECH-ANALYSIS
0024674,- AI is Changing EVERYTHING (Here's How),source_340,source_340,False,Company_A,content_editor_03,Lifestyle,English,speech,,,,False,,24.93,,,,,,,,,,,key_moments,,WS-LIFESTYLE
0006271,- AI's Dark Side: The Security Risks You NEED to Know,source_340,source_340,False,Company_A,content_editor_03,Lifestyle,English,special_report,,,,False,,27.44,,,,,,,,,,,my_key_moments,,WS-LIFESTYLE
0002935,- Decoding AI: A Beginner's Guide to the Future,source_340,source_340,False,Company_A,content_editor_03,Tech_Analysis,English,special_report,,,,False,,62.58,,,,,,,,,,,chapters,,WS-TECH-ANALYSIS
0001120,- My Tuesday Went Totally OFF THE RAILS! 🤯,source_341,source_341,False,Company_A,content_editor_03,Lifestyle,English,speech,,,,False,,30.98,,,,,,,,,,,summary,,WS-LIFESTYLE
0028556,- From Chill to Chaotic: A Day in My Life 🤪,source_341,source_341,False,Company_A,content_editor_03,Lifestyle,English,speech,,,,False,,26.93,,,,,,,,,,,summary,,WS-LIFESTYLE
0008536,- Adulting Fails & Sunset Wins: My Tuesday Rollercoaster,source_341,source_341,False,Company_A,content_editor_03,Tech_Analysis,English,interview,,,,False,,72.89,,,,,,,,,,,my_key_moments,,WS-TECH-ANALYSIS
0001812,- iPhone 16 Pro Max Review: The TRUTH Apple Doesn't Want You To Know! 🤫,source_342,source_342,False,Company_A,content_editor_03,Tech_Analysis,English,news_bulletin,,,,False,,38.47,,,,,,,,,,,my_key_moments,,WS-TECH-ANALYSIS
0004646,- Smoothie Disaster & Social Media Doom Scroll,source_343,source_343,False,Company_A,content_editor_03,Lifestyle,English,speech,,,,False,,36.74,,,,,,,,,,,summary,,WS-LIFESTYLE
0011338,- PC Build Fails 2024: Learn From My Pain!,source_344,source_344,False,Company_A,content_editor_03,Tech_Analysis,English,news_bulletin,,,,False,,47.28,,,,,,,,,,,full_package,,WS-TECH-ANALYSIS
0008255,- Galaxy S35 Ultra Battery Test: Does it LAST?,source_345,source_345,False,Company_A,content_editor_03,Tech_Analysis,English,news_bulletin,,,,False,,50.2,,,,,,,,,,,key_moments,,WS-TECH-ANALYSIS
0022689,- S35 Ultra vs. the Competition: Is it REALLY Better?,source_345,source_345,False,Company_A,content_editor_03,Tech_Analysis,English,news_bulletin,,,,False,,27.29,,,,,,,,,,,full_package,,WS-TECH-ANALYSIS
0029822,- PC Revolution: Is ARM the Future?,source_347,source_347,False,Company_A,content_editor_03,Tech_Analysis,English,speech,,,,False,,18.2,,,,,,,,,,,summary,,WS-TECH-ANALYSIS
0011080,- Vision Pro: Future or $3500 Gimmick?,source_348,source_348,False,Company_A,content_editor_03,Lifestyle,English,special_report,,,,False,,19.86,,,,,,,,,,,full_package,,WS-LIFESTYLE
0019656,- I Tried Apple Vision Pro: Here's What They DON'T Tell You!,source_348,source_348,False,Company_A,content_editor_03,Tech_Analysis,English,interview,,,,False,,27.6,,,,,,,,,,,summary,,WS-TECH-ANALYSIS
0008616,- Apple Vision Pro: The TRUTH After One Week!,source_348,source_348,False,Company_A,content_editor_03,Tech_Analysis,English,special_report,,,,False,,61.68,,,,,,,,,,,key_moments,,WS-TECH-ANALYSIS
0012163,"- My Day, My Mess: Expect the Unexpected!",source_349,source_349,False,Company_A,content_editor_03,Lifestyle,English,speech,,,,False,,18.61,,,,,,,,,,,key_moments,,WS-LIFESTYLE
0028527,"- My ""Normal"" Tuesday Was a TOTAL Disaster!",source_352,source_352,False,Company_A,content_editor_03,Lifestyle,English,special_report,,,,False,,18.05,,,,,,,,,,,key_moments,,WS-LIFESTYLE
0007579,- iPhone 16 Pro Max: The Ultimate Upgrade Guide!,source_351,source_351,False,Company_A,content_editor_03,Tech_Analysis,English,news_bulletin,,,,False,,35.42,,,,,,,,,,,key_moments,,WS-TECH-ANALYSIS
0022127,"- iPhone 16 Pro Max Review: 7 Days Later, Here's the TRUTH!",source_353,source_353,False,Company_A,content_editor_03,Tech_Analysis,English,interview,,,,False,,27.52,,,,,,,,,,,key_moments,,WS-TECH-ANALYSIS
0009891,- Apple Vision Pro: Reality Check After 1 Week!,source_354,source_354,False,Company_A,content_editor_03,Tech_Analysis,English,special_report,,,,False,,74.45,,,,,,,,,,,key_moments,,WS-TECH-ANALYSIS
0002224,- Vision Pro: The Future or Just an Expensive Toy?,source_354,source_354,False,Company_A,content_editor_03,Tech_Analysis,English,special_report,,,,False,,26.22,,,,,,,,,,,my_key_moments,,WS-TECH-ANALYSIS
0028872,- I Put a Gaming PC INSIDE a PS5!,source_355,source_355,False,Company_A,content_editor_03,Tech_Analysis,English,special_report,,,,False,,38.28,,,,,,,,,,,key_moments,,WS-TECH-ANALYSIS
0020628,- From PS5 to POWERHOUSE: The Ultimate PC Mod,source_355,source_355,False,Company_A,content_editor_03,Tech_Analysis,English,interview,,,,False,,47.02,,,,,,,,,,,summary,,WS-TECH-ANALYSIS
0013645,- Living My Best (Messy) Life: A Week in My Shoes,source_356,source_356,False,Company_A,content_editor_03,Tech_Analysis,English,interview,,,,False,,42.14,,,,,,,,,,,key_moments,,WS-TECH-ANALYSIS
0004112,"- My Friends, My Food, & My Face Masks: 7 Days of Realness",source_356,source_356,False,Company_A,content_editor_03,Lifestyle,English,speech,,,,False,,28.53,,,,,,,,,,,key_moments,,WS-LIFESTYLE
0000774,- $3500 Apple Vision Pro: Worth It?! (Brutally Honest),source_358,source_358,False,Company_A,content_editor_03,Lifestyle,English,special_report,,,,False,,37.34,,,,,,,,,,,chapters,,WS-LIFESTYLE
0010473,- Don't Buy the Apple Vision Pro Until You See This!,source_358,source_358,False,Company_A,content_editor_03,Tech_Analysis,English,interview,,,,False,,22.71,,,,,,,,,,,summary,,WS-TECH-ANALYSIS
0021420,- Vision Pro: My Productivity Experiment (You Won't Believe This!),source_358,source_358,False,Company_A,content_editor_03,Lifestyle,English,interview,,,,False,,35.72,,,,,,,,,,,key_moments,,WS-LIFESTYLE
0005449,- Keyboard Nirvana: Build Your DREAM Mechanical Keyboard!,source_359,source_359,False,Company_A,content_editor_03,Tech_Analysis,English,special_report,,,,False,,72.32,,,,,,,,,,,key_moments,,WS-TECH-ANALYSIS
0023381,- iOS 18 on iPhone 16 Pro Max: Game Changer or Gimmick?,source_360,source_360,False,Company_A,content_editor_03,Tech_Analysis,English,interview,,,,False,,45.68,,,,,,,,,,,full_package,,WS-TECH-ANALYSIS
0007371,- AI Apocalypse NOW? Experts Weigh In!,source_361,source_361,False,Company_A,content_editor_03,Tech_Analysis,English,speech,,,,False,,50.05,,,,,,,,,,,chapters,,WS-TECH-ANALYSIS
0010230,- AI Dangers: What You NEED to Know!,source_361,source_361,False,Company_A,content_editor_03,Lifestyle,English,speech,,,,False,,39.15,,,,,,,,,,,key_moments,,WS-LIFESTYLE
0025665,"- iPhone 16: The Good, The Bad, and the UGLY! 😬",source_362,source_362,False,Company_A,content_editor_03,Tech_Analysis,English,interview,,,,False,,68.06,,,,,,,,,,,key_moments,,WS-TECH-ANALYSIS
0004251,- I Almost Lost My Hamster! (Weekly Vlog),source_364,source_364,False,Company_A,content_editor_03,Lifestyle,English,special_report,,,,False,,27.52,,,,,,,,,,,key_moments,,WS-LIFESTYLE
0021325,- From Cake Wrecks to Hamster Hunts!,source_364,source_364,False,Company_A,content_editor_03,Tech_Analysis,English,interview,,,,False,,32.230000000000004,,,,,,,,,,,full_package,,WS-TECH-ANALYSIS
0001042,- Apple Vision Pro: Worth the HYPE or $3500 Mistake?,source_365,source_365,False,Company_A,content_editor_03,Tech_Analysis,English,interview,,,,False,,32.84,,,,,,,,,,,chapters,,WS-TECH-ANALYSIS
0014030,- iOS 18: The *Real* Reason to Upgrade to iPhone 16?,source_366,source_366,False,Company_A,content_editor_03,Tech_Analysis,English,news_bulletin,,,,False,,32.739999999999995,,,,,,,,,,,full_package,,WS-TECH-ANALYSIS
0011244,"- Errands, Hiking, & Farmer's Market Finds! ✨ Day in My Life",source_368,source_368,False,Company_A,content_editor_03,Lifestyle,English,special_report,,,,False,,32.6,,,,,,,,,,,key_moments,,WS-LIFESTYLE
0001074,- My Chaotic Day: Grocery Store to Gorgeous Views! 🤪,source_368,source_368,False,Company_A,content_editor_03,Tech_Analysis,English,news_bulletin,,,,False,,69.16,,,,,,,,,,,key_moments,,WS-TECH-ANALYSIS
0010364,- AI vs. Devs: Can AI REALLY Code? (I Tested It),source_369,source_369,False,Company_A,content_editor_03,Tech_Analysis,English,interview,,,,False,,52.55,,,,,,,,,,,summary,,WS-TECH-ANALYSIS
0029280,- High-End Gaming Rig: Benchmarking the Beast!,source_370,source_370,False,Company_A,content_editor_03,Lifestyle,English,interview,,,,False,,23.59,,,,,,,,,,,full_package,,WS-LIFESTYLE
0029417,- Road Trip FAIL! Exploding Chocolate & Questionable Diners,source_371,source_371,False,Company_A,content_editor_03,Lifestyle,English,special_report,,,,False,,24.3,,,,,,,,,,,key_moments,,WS-LIFESTYLE
0006631,- From Exploding Chocolate to Flat Tires: A Week of Unexpected Adventures,source_371,source_371,False,Company_A,content_editor_03,Tech_Analysis,English,special_report,,,,False,,24.2,,,,,,,,,,,summary,,WS-TECH-ANALYSIS
0028261,- $3500 for THIS?! Apple Vision Pro Honest Review,source_372,source_372,False,Company_A,content_editor_03,Tech_Analysis,English,news_bulletin,,,,False,,44.21,,,,,,,,,,,full_package,,WS-TECH-ANALYSIS
0006092,- Green Smoothies & Plumbing Nightmares: A Week in My Life,source_375,source_375,False,Company_A,content_editor_03,Lifestyle,English,interview,,,,False,,29.380000000000003,,,,,,,,,,,key_moments,,WS-LIFESTYLE
0003931,"- Apple Vision Pro: The Good, The Bad & The Ugly",source_377,source_377,False,Company_A,content_editor_03,Tech_Analysis,English,news_bulletin,,,,False,,53.02,,,,,,,,,,,key_moments,,WS-TECH-ANALYSIS
0016767,- I Used Vision Pro For a Week...Here's What I REALLY Think,source_377,source_377,False,Company_A,content_editor_03,Tech_Analysis,English,news_bulletin,,,,False,,65.15,,,,,,,,,,,chapters,,WS-TECH-ANALYSIS
0003696,- iPhone 16: Worth the Hype?! 🤔 (Real-World Review),source_379,source_379,False,Company_A,content_editor_03,Tech_Analysis,English,special_report,,,,False,,36.61,,,,,,,,,,,chapters,,WS-TECH-ANALYSIS
0019307,- Framework Laptop 16: Is This the END of Planned Obsolescence?,source_382,source_382,False,Company_A,content_editor_03,Tech_Analysis,English,interview,,,,False,,25.55,,,,,,,,,,,chapters,,WS-TECH-ANALYSIS
0004588,- Gaming on a MODULAR Laptop?! (Framework 16 Tested),source_382,source_382,False,Company_A,content_editor_03,Tech_Analysis,English,special_report,,,,False,,43.16,,,,,,,,,,,full_package,,WS-TECH-ANALYSIS
0021473,- AI Revolution: Hype or Reality?,source_383,source_383,False,Company_A,content_editor_03,Tech_Analysis,English,interview,,,,False,,70.78,,,,,,,,,,,key_moments,,WS-TECH-ANALYSIS
0011615,- The REAL State of AI in 2024,source_383,source_383,False,Company_A,content_editor_03,Tech_Analysis,English,speech,,,,False,,49.17,,,,,,,,,,,full_package,,WS-TECH-ANALYSIS
0022439,- AI Ethics: Are We Ready?,source_383,source_383,False,Company_A,content_editor_03,Tech_Analysis,English,special_report,,,,False,,43.98,,,,,,,,,,,chapters,,WS-TECH-ANALYSIS
0015689,- AI Apocalypse or Overhyped? We Put AI to the TEST!,source_384,source_384,False,Company_A,content_editor_03,Tech_Analysis,English,news_bulletin,,,,False,,73.37,,,,,,,,,,,full_package,,WS-TECH-ANALYSIS
0003588,- M3 MacBook Air: Worth it or Nah? (1 Week Honest Review),source_387,source_387,False,Company_A,content_editor_03,Tech_Analysis,English,special_report,,,,False,,44.53,,,,,,,,,,,full_package,,WS-TECH-ANALYSIS
0003623,- AI Upscaling: The Future of Photography is HERE!,source_388,source_388,False,Company_A,content_editor_03,Tech_Analysis,English,special_report,,,,False,,67.67,,,,,,,,,,,chapters,,WS-TECH-ANALYSIS
0009752,- Stop Throwing Away Old Photos! Upscale Them With AI!,source_388,source_388,False,Company_A,content_editor_03,Tech_Analysis,English,speech,,,,False,,36.58,,,,,,,,,,,key_moments,,WS-TECH-ANALYSIS
0011046,- AI Upscaling: The ULTIMATE Guide!,source_388,source_388,False,Company_A,content_editor_03,Tech_Analysis,English,special_report,,,,False,,59.91,,,,,,,,,,,chapters,,WS-TECH-ANALYSIS
0018733,- iPhone 16: Worth the Hype or Just Hype? 🤔,source_389,source_389,False,Company_A,content_editor_03,Tech_Analysis,English,news_bulletin,,,,False,,58.82,,,,,,,,,,,summary,,WS-TECH-ANALYSIS
0008702,- iPhone 16 Review: One Month Later... 😳,source_389,source_389,False,Company_A,content_editor_03,Tech_Analysis,English,interview,,,,False,,35.71,,,,,,,,,,,full_package,,WS-TECH-ANALYSIS
0006855,- Chaos & Coffee: My Day in a Nutshell!,source_390,source_390,False,Company_A,content_editor_03,Lifestyle,English,news_bulletin,,,,False,,32.1,,,,,,,,,,,chapters,,WS-LIFESTYLE
0007007,- Apple Vision Pro: The TRUTH After 1 Week! 😬,source_391,source_391,False,Company_A,content_editor_03,Tech_Analysis,English,speech,,,,False,,23.75,,,,,,,,,,,summary,,WS-TECH-ANALYSIS
0019508,- Adulting Fails & Green Smoothies: A Day in My Chaotic Life,source_392,source_392,False,Company_A,content_editor_03,Lifestyle,English,news_bulletin,,,,False,,25.3,,,,,,,,,,,full_package,,WS-LIFESTYLE
0007737,"- My Dog, My Dinner Disaster, & Online Shopping: Just Another Day!",source_392,source_392,False,Company_A,content_editor_03,Tech_Analysis,English,special_report,,,,False,,39.21,,,,,,,,,,,chapters,,WS-TECH-ANALYSIS
0024802,- Unfiltered Week: From Bookstore Debates to Dinner Disasters,source_394,source_394,False,Company_A,content_editor_03,Tech_Analysis,English,speech,,,,False,,47.39,,,,,,,,,,,summary,,WS-TECH-ANALYSIS
0012216,- Devs Beware? AI's Taking Over!,source_393,source_393,False,Company_A,content_editor_03,Tech_Analysis,English,interview,,,,False,,26.5,,,,,,,,,,,full_package,,WS-TECH-ANALYSIS
0000945,"- My Week, You're Invited: Get Ready for Some Laughs!",source_394,source_394,False,Company_A,content_editor_03,Tech_Analysis,English,speech,,,,False,,58.23,,,,,,,,,,,summary,,WS-TECH-ANALYSIS
0029710,"- Clicky, Thocky, or Linear? Keyboard Sound Test!",source_395,source_395,False,Company_A,content_editor_03,Tech_Analysis,English,interview,,,,False,,70.95,,,,,,,,,,,key_moments,,WS-TECH-ANALYSIS
0027337,- Hidden Gems & Hilarious Moments: Come Spend the Day With Me!,source_396,source_396,False,Company_A,content_editor_03,Lifestyle,English,interview,,,,False,,29.59,,,,,,,,,,,key_moments,,WS-LIFESTYLE
0007639,- Unexpected Adventures in My Everyday Routine!,source_396,source_396,False,Company_A,content_editor_03,Tech_Analysis,English,special_report,,,,False,,34.120000000000005,,,,,,,,,,,key_moments,,WS-TECH-ANALYSIS
0017975,- Dream Keyboard: Build It Yourself!,source_399,source_399,False,Company_A,content_editor_03,Tech_Analysis,English,interview,,,,False,,58.84,,,,,,,,,,,key_moments,,WS-TECH-ANALYSIS
0003380,- Existential Crisis & Burnt Garlic: A Day in My Chaotic Life,source_400,source_400,False,Company_A,content_editor_03,Tech_Analysis,English,special_report,,,,False,,18.65,,,,,,,,,,,chapters,,WS-TECH-ANALYSIS
0014373,- 1 Week With the M3 MacBook Air: Worth the Upgrade? 🤔,source_401,source_401,False,Company_A,content_editor_03,Tech_Analysis,English,speech,,,,False,,26.75,,,,,,,,,,,key_moments,,WS-TECH-ANALYSIS
0005981,"- M3 MacBook Air: The Good, The Bad, & The Ugly! 😬",source_401,source_401,False,Company_A,content_editor_03,Tech_Analysis,English,interview,,,,False,,16.1,,,,,,,,,,,key_moments,,WS-TECH-ANALYSIS
0010782,- I Tried to Adult Today...It Didn't Go Well,source_402,source_402,False,Company_A,content_editor_03,Tech_Analysis,English,speech,,,,False,,24.65,,,,,,,,,,,summary,,WS-TECH-ANALYSIS
0018329,- M3 MacBook Air: My HONEST Opinion (Real-World Test!) 💯,source_401,source_401,False,Company_A,content_editor_03,Tech_Analysis,English,interview,,,,False,,18.28,,,,,,,,,,,full_package,,WS-TECH-ANALYSIS
0000546,- Aspiring Plant Parent's Day: Hilarity & Horticultural Horror,source_404,source_404,False,Company_A,content_editor_03,Lifestyle,English,speech,,,,False,,19.95,,,,,,,,,,,summary,,WS-LIFESTYLE
0007908,- $3500 Apple Vision Pro: Worth It?! 🤔,source_405,source_405,False,Company_A,content_editor_03,Lifestyle,English,speech,,,,False,,16.03,,,,,,,,,,,key_moments,,WS-LIFESTYLE
0014959,- Plant Propagation & Panic: A Day in the Life of a Plant Lover,source_404,source_404,False,Company_A,content_editor_03,Tech_Analysis,English,special_report,,,,False,,37.64,,,,,,,,,,,chapters,,WS-TECH-ANALYSIS
0029706,- Cat Cafes & Karaoke Fails: My Tokyo Solo Trip,source_406,source_406,False,Company_A,content_editor_03,Tech_Analysis,English,speech,,,,False,,26.76,,,,,,,,,,,key_moments,,WS-TECH-ANALYSIS
0019268,- ARM vs. Intel: Who Wins the Laptop CPU War?,source_407,source_407,False,Company_A,content_editor_03,Tech_Analysis,English,news_bulletin,,,,False,,73.74000000000001,,,,,,,,,,,summary,,WS-TECH-ANALYSIS
0009432,- Apple Vision Pro: The Dystopian Future is Now,source_412,source_412,False,Company_A,content_editor_03,Tech_Analysis,English,speech,,,,False,,54.79,,,,,,,,,,,key_moments,,WS-TECH-ANALYSIS
0003164,- From Kitchen Disaster to DIY Queen (A Week in My Messy Life),source_413,source_413,False,Company_A,content_editor_03,Tech_Analysis,English,special_report,,,,False,,22.79,,,,,,,,,,,my_key_moments,,WS-TECH-ANALYSIS
0027283,- Goodbye Intel? The ARM Revolution is NOW!,source_416,source_416,False,Company_A,content_editor_03,Tech_Analysis,English,special_report,,,,False,,28.27,,,,,,,,,,,summary,,WS-TECH-ANALYSIS
0010533,- Laptops are CHANGING! (The CPU War),source_417,source_417,False,Company_A,content_editor_03,Tech_Analysis,English,speech,,,,False,,30.45,,,,,,,,,,,summary,,WS-TECH-ANALYSIS
0027230,- Plant Parent Fails & Sourdough Disasters: My Week in a Nutshell,source_421,source_421,False,Company_A,content_editor_03,Lifestyle,English,interview,,,,False,,35.44,,,,,,,,,,,key_moments,,WS-LIFESTYLE
0019604,- Farmers Market Finds & Baking Fails: A Week of Chaos,source_421,source_421,False,Company_A,content_editor_03,Lifestyle,English,speech,,,,False,,19.99,,,,,,,,,,,summary,,WS-LIFESTYLE
0015002,- Weekly Vlog: Life's a Rollercoaster (Hold On Tight!),source_421,source_421,False,Company_A,content_editor_03,Tech_Analysis,English,interview,,,,False,,19.79,,,,,,,,,,,key_moments,,WS-TECH-ANALYSIS
0018108,- Apple Vision Pro: 7 Days Later... Regrets?,source_423,source_423,False,Company_A,content_editor_03,Tech_Analysis,English,speech,,,,False,,36.84,,,,,,,,,,,key_moments,,WS-TECH-ANALYSIS
0014054,- Snapdragon X Elite: The M1 Killer?!,source_422,source_422,False,Company_A,content_editor_03,Lifestyle,English,interview,,,,False,,23.78,,,,,,,,,,,key_moments,,WS-LIFESTYLE
0002335,- I Lived in the Vision Pro for a Week... Here's What I Found,source_423,source_423,False,Company_A,content_editor_03,Tech_Analysis,English,interview,,,,False,,51.44,,,,,,,,,,,key_moments,,WS-TECH-ANALYSIS
0018594,- I Got a PIERCING?! + Other First-Time Fails & Wins!,source_424,source_424,False,Company_A,content_editor_03,Tech_Analysis,English,news_bulletin,,,,False,,38.35,,,,,,,,,,,key_moments,,WS-TECH-ANALYSIS
0000762,- $3500 Apple Vision Pro: Regret or Revolution?,source_425,source_425,False,Company_A,content_editor_03,Tech_Analysis,English,news_bulletin,,,,False,,49.25,,,,,,,,,,,full_package,,WS-TECH-ANALYSIS
0026982,"- Apple Vision Pro: The Good, The Bad, and The Ugly",source_425,source_425,False,Company_A,content_editor_03,Tech_Analysis,English,news_bulletin,,,,False,,64.42,,,,,,,,,,,full_package,,WS-TECH-ANALYSIS
0011059,- iPhone 16 Review: Worth the Hype?!,source_427,source_427,False,Company_A,content_editor_03,Tech_Analysis,English,news_bulletin,,,,False,,40.34,,,,,,,,,,,my_key_moments,,WS-TECH-ANALYSIS
0028742,- iPhone 16: The TRUTH Apple Doesn't Want You To Know!,source_427,source_427,False,Company_A,content_editor_03,Tech_Analysis,English,special_report,,,,False,,24.2,,,,,,,,,,,key_moments,,WS-TECH-ANALYSIS
0003171,- iPhone 16: The ULTIMATE Review (2024),source_427,source_427,False,Company_A,content_editor_03,Tech_Analysis,English,interview,,,,False,,51.52,,,,,,,,,,,key_moments,,WS-TECH-ANALYSIS
0011379,- iPhone 16 Hidden Problems: Is It a Flop?,source_428,source_428,False,Company_A,content_editor_03,Tech_Analysis,English,interview,,,,False,,36.64,,,,,,,,,,,my_key_moments,,WS-TECH-ANALYSIS
0012490,- iPhone 16: Who Should (and Shouldn't) Upgrade?,source_428,source_428,False,Company_A,content_editor_03,Tech_Analysis,English,special_report,,,,False,,42.78,,,,,,,,,,,full_package,,WS-TECH-ANALYSIS
0019434,- Apple Vision Pro: Worth $3500?! My Honest Week-Long Review,source_429,source_429,False,Company_A,content_editor_03,Tech_Analysis,English,interview,,,,False,,67.78,,,,,,,,,,,chapters,,WS-TECH-ANALYSIS
0021598,- Silent & Deadly: The Ultimate Mini Gaming Rig?,source_430,source_430,False,Company_A,content_editor_03,Tech_Analysis,English,news_bulletin,,,,False,,29.380000000000003,,,,,,,,,,,full_package,,WS-TECH-ANALYSIS
0025415,- iPhone 16 vs. iPhone 15: HUGE Upgrade or Nah?,source_432,source_432,False,Company_A,content_editor_03,Lifestyle,English,interview,,,,False,,22.45,,,,,,,,,,,key_moments,,WS-LIFESTYLE
0018282,- AI's Dirty Secret: Why It's Not as Smart as You Think,source_433,source_433,False,Company_A,content_editor_03,Tech_Analysis,English,interview,,,,False,,43.05,,,,,,,,,,,summary,,WS-TECH-ANALYSIS
0020072,- AI in 2024: Hype vs. REALITY,source_433,source_433,False,Company_A,content_editor_03,Lifestyle,English,interview,,,,False,,33.35,,,,,,,,,,,chapters,,WS-LIFESTYLE
0017256,- Apple Vision Pro: $3500 Gimmick or Genius? (Honest Review),source_435,source_435,False,Company_A,content_editor_03,Tech_Analysis,English,interview,,,,False,,56.56,,,,,,,,,,,chapters,,WS-TECH-ANALYSIS
0027937,- I Bought a Vision Pro: My Week of Hell (and a Little Heaven),source_435,source_435,False,Company_A,content_editor_03,Lifestyle,English,interview,,,,False,,19.91,,,,,,,,,,,chapters,,WS-LIFESTYLE
0021866,- Vision Pro: Save Your Money! (Unless...),source_435,source_435,False,Company_A,content_editor_03,Tech_Analysis,English,speech,,,,False,,17.14,,,,,,,,,,,summary,,WS-TECH-ANALYSIS
0005419,- iPhone 15 Pro Max: Worth the Hype?! (Honest Review),source_437,source_437,False,Company_A,content_editor_03,Tech_Analysis,English,interview,,,,False,,52.47,,,,,,,,,,,key_moments,,WS-TECH-ANALYSIS
0025207,- iPhone 15 Pro Max vs. My Old iPhone: You Won't Believe This!,source_437,source_437,False,Company_A,content_editor_03,Tech_Analysis,English,special_report,,,,False,,68.32,,,,,,,,,,,full_package,,WS-TECH-ANALYSIS
0018428,- Vision Pro: The TRUTH Apple Doesn't Want You To Know,source_438,source_438,False,Company_A,content_editor_03,Tech_Analysis,English,news_bulletin,,,,False,,38.21,,,,,,,,,,,full_package,,WS-TECH-ANALYSIS
0009738,- $3500 Apple Vision Pro: Is It Actually Good? (Full Review),source_438,source_438,False,Company_A,content_editor_03,Tech_Analysis,English,special_report,,,,False,,34.239999999999995,,,,,,,,,,,key_moments,,WS-TECH-ANALYSIS
0003635,- Apple Vision Pro: The TRUTH After 1 Week! 🤯,source_439,source_439,False,Company_A,content_editor_03,Tech_Analysis,English,speech,,,,False,,30.380000000000003,,,,,,,,,,,summary,,WS-TECH-ANALYSIS
0009897,- Vision Pro: Don't Buy It Until You Watch This!,source_438,source_438,False,Company_A,content_editor_03,Tech_Analysis,English,special_report,,,,False,,26.33,,,,,,,,,,,summary,,WS-TECH-ANALYSIS
0007122,- iPhone 16 Pro Max: 1 Month Later... The TRUTH!,source_440,source_440,False,Company_A,content_editor_03,Tech_Analysis,English,interview,,,,False,,35.14,,,,,,,,,,,key_moments,,WS-TECH-ANALYSIS
0027352,- AI Pin: Hype vs. Reality - My Honest Review,source_442,source_442,False,Company_A,content_editor_03,Tech_Analysis,English,interview,,,,False,,40.38,,,,,,,,,,,key_moments,,WS-TECH-ANALYSIS
0011352,- MicroLED: Too Good to Be True? (The TRUTH!),source_444,source_444,False,Company_A,content_editor_03,Lifestyle,English,news_bulletin,,,,False,,30.93,,,,,,,,,,,full_package,,WS-LIFESTYLE
0016392,- Apple Vision Pro: Honest Dev Review - Hype or the Future?,source_446,source_446,False,Company_A,content_editor_03,Tech_Analysis,English,special_report,,,,False,,56.1,,,,,,,,,,,full_package,,WS-TECH-ANALYSIS
0029616,- Vision Pro vs Reality: Is Apple's Gamble Worth It?,source_446,source_446,False,Company_A,content_editor_03,Tech_Analysis,English,interview,,,,False,,54.96,,,,,,,,,,,chapters,,WS-TECH-ANALYSIS
0009364,- Vision Pro: Future or Fail? 🤔 My Honest Week With Apple's Headset,source_447,source_447,False,Company_A,content_editor_03,Lifestyle,English,special_report,,,,False,,19.98,,,,,,,,,,,summary,,WS-LIFESTYLE
0006556,- iPhone 16 Review: The TRUTH Apple Doesn't Want You To Know!,source_448,source_448,False,Company_A,content_editor_03,Tech_Analysis,English,speech,,,,False,,57.44,,,,,,,,,,,summary,,WS-TECH-ANALYSIS
0013523,- iPhone 16 vs. iPhone 15 Pro: HUGE Camera Upgrade?!,source_448,source_448,False,Company_A,content_editor_03,Tech_Analysis,English,speech,,,,False,,22.68,,,,,,,,,,,full_package,,WS-TECH-ANALYSIS
0016909,- iPhone 16: Should You REALLY Upgrade?,source_448,source_448,False,Company_A,content_editor_03,Lifestyle,English,special_report,,,,False,,16.95,,,,,,,,,,,summary,,WS-LIFESTYLE
0002949,- iPhone 16 Unboxing & First Impressions: Titanium Scratches?!,source_448,source_448,False,Company_A,content_editor_03,Tech_Analysis,English,news_bulletin,,,,False,,29.81,,,,,,,,,,,full_package,,WS-TECH-ANALYSIS
0001346,- From Alarm Fails to Reality TV: My Wildly Mundane Week,source_449,source_449,False,Company_A,content_editor_03,Lifestyle,English,speech,,,,False,,32.8,,,,,,,,,,,key_moments,,WS-LIFESTYLE
0005340,- Apple Vision Pro: 7 Days Changed Everything!,source_451,source_451,False,Company_A,content_editor_03,Tech_Analysis,English,speech,,,,False,,57.75,,,,,,,,,,,summary,,WS-TECH-ANALYSIS
0001801,"- Apple Vision Pro: The Good, The Bad & The Price Tag!",source_451,source_451,False,Company_A,content_editor_03,Tech_Analysis,English,interview,,,,False,,41.83,,,,,,,,,,,key_moments,,WS-TECH-ANALYSIS
0022973,- Apple Vision Pro: Worth the Hype?!,source_451,source_451,False,Company_A,content_editor_03,Tech_Analysis,English,interview,,,,False,,37.23,,,,,,,,,,,key_moments,,WS-TECH-ANALYSIS
0011773,- Apple Vision Pro: The Loneliest Gadget Ever?,source_452,source_452,False,Company_A,content_editor_03,Lifestyle,English,news_bulletin,,,,False,,27.64,,,,,,,,,,,key_moments,,WS-LIFESTYLE
0014447,- Vision Pro Review: $3500 Gimmick or the FUTURE?,source_453,source_453,False,Company_A,content_editor_03,Lifestyle,English,special_report,,,,False,,36.84,,,,,,,,,,,my_key_moments,,WS-LIFESTYLE
0022917,- Samsung S24 Ultra: 1 Month Later... Still Worth It?,source_454,source_454,False,Company_A,content_editor_03,Tech_Analysis,English,special_report,,,,False,,47.15,,,,,,,,,,,key_moments,,WS-TECH-ANALYSIS
0005417,- My Day Went Completely Off the Rails! 🤪,source_455,source_455,False,Company_A,content_editor_03,Lifestyle,English,special_report,,,,False,,34.35,,,,,,,,,,,chapters,,WS-LIFESTYLE
0028464,- From Healthy to Hectic: My Day in a Nutshell 🥜,source_455,source_455,False,Company_A,content_editor_03,Lifestyle,English,interview,,,,False,,37.89,,,,,,,,,,,key_moments,,WS-LIFESTYLE
0012785,- Wireless Charging is a SCAM?!,source_456,source_456,False,Company_A,content_editor_03,Tech_Analysis,English,speech,,,,False,,56.89,,,,,,,,,,,summary,,WS-TECH-ANALYSIS
0007464,- Vision Pro: Performance Tested! Can it Handle Real Apps?,source_458,source_458,False,Company_A,content_editor_03,Tech_Analysis,English,interview,,,,False,,32.28,,,,,,,,,,,key_moments,,WS-TECH-ANALYSIS
0025924,- Apple Vision Pro: Worth $3500? A Developer's Verdict,source_458,source_458,False,Company_A,content_editor_03,Tech_Analysis,English,speech,,,,False,,70.49000000000001,,,,,,,,,,,summary,,WS-TECH-ANALYSIS
0010793,- Vision Pro: One Week Later... Regrets?,source_459,source_459,False,Company_A,content_editor_03,Tech_Analysis,English,special_report,,,,False,,59.68,,,,,,,,,,,chapters,,WS-TECH-ANALYSIS
0023732,- $3500 Apple Vision Pro: Worth It?! 🤔,source_459,source_459,False,Company_A,content_editor_03,Lifestyle,English,interview,,,,False,,35.6,,,,,,,,,,,my_key_moments,,WS-LIFESTYLE
0004479,- Vision Pro: My Eyes Hurt (But...),source_459,source_459,False,Company_A,content_editor_03,Tech_Analysis,English,interview,,,,False,,50.37,,,,,,,,,,,key_moments,,WS-TECH-ANALYSIS
0029901,- Vision Pro: Mind-Blowing or Just Overpriced?,source_463,source_463,False,Company_A,content_editor_03,Tech_Analysis,English,speech,,,,False,,63.02,,,,,,,,,,,my_key_moments,,WS-TECH-ANALYSIS
0011360,- Is Vision Pro Worth $3500? My Shocking Verdict!,source_463,source_463,False,Company_A,content_editor_03,Tech_Analysis,English,interview,,,,False,,16.23,,,,,,,,,,,chapters,,WS-TECH-ANALYSIS
0010047,- Linear vs. Tactile vs. Clicky: Which Switch is BEST?,source_466,source_466,False,Company_A,content_editor_03,Tech_Analysis,English,interview,,,,False,,18.91,,,,,,,,,,,chapters,,WS-TECH-ANALYSIS
0018936,- Keycap Profiles EXPLAINED! (Plus Where to Buy),source_466,source_466,False,Company_A,content_editor_03,Tech_Analysis,English,speech,,,,False,,32.8,,,,,,,,,,,summary,,WS-TECH-ANALYSIS
0017810,- Level Up Your Keyboard: Custom Cables & More!,source_466,source_466,False,Company_A,content_editor_03,Tech_Analysis,English,special_report,,,,False,,74.55,,,,,,,,,,,key_moments,,WS-TECH-ANALYSIS
0022568,- Apple Vision Pro: Honest Review After 1 Week 😳,source_469,source_469,False,Company_A,content_editor_03,Tech_Analysis,English,special_report,,,,False,,19.2,,,,,,,,,,,summary,,WS-TECH-ANALYSIS
0028394,- Apple Vision Pro Review: Future Tech or Expensive Toy?,source_470,source_470,False,Company_A,content_editor_03,Tech_Analysis,English,interview,,,,False,,67.47999999999999,,,,,,,,,,,chapters,,WS-TECH-ANALYSIS
0008818,- Epic Day of Fails & Wins! ✨,source_472,source_472,False,Company_A,content_editor_03,Tech_Analysis,English,news_bulletin,,,,False,,35.370000000000005,,,,,,,,,,,full_package,,WS-TECH-ANALYSIS
0027971,- S24 Ultra: King of Android or Overhyped? 🤔,source_475,source_475,False,Company_A,content_editor_03,Tech_Analysis,English,interview,,,,False,,53.43,,,,,,,,,,,full_package,,WS-TECH-ANALYSIS
0013593,- Galaxy AI: Game Changer or Gimmick? 🤔 S24 Ultra Review,source_475,source_475,False,Company_A,content_editor_03,Tech_Analysis,English,interview,,,,False,,34.129999999999995,,,,,,,,,,,key_moments,,WS-TECH-ANALYSIS
0017121,- Life's Too Short to Be Boring: Embracing the Chaos,source_476,source_476,False,Company_A,content_editor_03,Tech_Analysis,English,interview,,,,False,,28.130000000000003,,,,,,,,,,,full_package,,WS-TECH-ANALYSIS
0017319,- AI Photo Editor: Genius or Gimmick? You Won't Believe the Results!,source_478,source_478,False,Company_A,content_editor_03,Tech_Analysis,English,interview,,,,False,,18.43,,,,,,,,,,,key_moments,,WS-TECH-ANALYSIS
0008391,"- iPhone 16 Pro Max vs. The World: Camera, Battery & More!",source_479,source_479,False,Company_A,content_editor_03,Tech_Analysis,English,interview,,,,False,,31.05,,,,,,,,,,,summary,,WS-TECH-ANALYSIS
0023980,- iPhone 16 Pro Max: The TRUTH After 30 Days!,source_479,source_479,False,Company_A,content_editor_03,Tech_Analysis,English,interview,,,,False,,43.61,,,,,,,,,,,key_moments,,WS-TECH-ANALYSIS
0019835,- iPhone 16: Is It REALLY Better? (Honest Review),source_479,source_479,False,Company_A,content_editor_03,Tech_Analysis,English,interview,,,,False,,24.45,,,,,,,,,,,key_moments,,WS-TECH-ANALYSIS
0010642,- My Best Friend Ruined My To-Do List (and I Loved It!),source_482,source_482,False,Company_A,content_editor_03,Tech_Analysis,English,special_report,,,,False,,46.25,,,,,,,,,,,full_package,,WS-TECH-ANALYSIS
0007552,- Apple Vision Pro: Honest Review After 2 Weeks!,source_484,source_484,False,Company_A,content_editor_03,Tech_Analysis,English,news_bulletin,,,,False,,32.33,,,,,,,,,,,key_moments,,WS-TECH-ANALYSIS
0015855,- Apple Vision Pro: Worth $3500?! (Full Review),source_484,source_484,False,Company_A,content_editor_03,Tech_Analysis,English,interview,,,,False,,54.75,,,,,,,,,,,summary,,WS-TECH-ANALYSIS
0021450,- I Lived in the Apple Vision Pro for 2 Weeks... Here's What I Found,source_484,source_484,False,Company_A,content_editor_03,Tech_Analysis,English,interview,,,,False,,40.620000000000005,,,,,,,,,,,chapters,,WS-TECH-ANALYSIS
0011196,- Vision Pro: Hype vs. Reality - My Honest Take,source_484,source_484,False,Company_A,content_editor_03,Lifestyle,English,news_bulletin,,,,False,,20.29,,,,,,,,,,,key_moments,,WS-LIFESTYLE
0007531,- From Zero to Hero: Conquering Fears in 7 Days!,source_485,source_485,False,Company_A,content_editor_03,Tech_Analysis,English,news_bulletin,,,,False,,57.92,,,,,,,,,,,key_moments,,WS-TECH-ANALYSIS
0006760,- New Things Every Day?! My Wildest Week EVER,source_485,source_485,False,Company_A,content_editor_03,Lifestyle,English,speech,,,,False,,37.71,,,,,,,,,,,full_package,,WS-LIFESTYLE
0006161,- iPhone 16: Hype or Holy Grail? (Real-World Review),source_486,source_486,False,Company_A,content_editor_03,Tech_Analysis,English,interview,,,,False,,70.46000000000001,,,,,,,,,,,chapters,,WS-TECH-ANALYSIS
0009767,- AI is Changing EVERYTHING: Are We Ready?,source_488,source_488,False,Company_A,content_editor_03,Tech_Analysis,English,special_report,,,,False,,21.43,,,,,,,,,,,summary,,WS-TECH-ANALYSIS
0020179,- iPhone 16 vs iPhone 15 Pro: The TRUTH After 1 Month!,source_487,source_487,False,Company_A,content_editor_03,Tech_Analysis,English,interview,,,,False,,69.56,,,,,,,,,,,key_moments,,WS-TECH-ANALYSIS
0010099,- Vision Pro: 2 Weeks Later... Hype or Reality?,source_489,source_489,False,Company_A,content_editor_03,Tech_Analysis,English,interview,,,,False,,53.27,,,,,,,,,,,summary,,WS-TECH-ANALYSIS
0002014,- iPhone 16 Pro Max Battery Test: The SHOCKING Truth!,source_490,source_490,False,Company_A,content_editor_03,Tech_Analysis,English,special_report,,,,False,,21.21,,,,,,,,,,,chapters,,WS-TECH-ANALYSIS
0009424,- Don't Buy iPhone 16 Pro Max Until You See THIS!,source_490,source_490,False,Company_A,content_editor_03,Tech_Analysis,English,special_report,,,,False,,40.89,,,,,,,,,,,full_package,,WS-TECH-ANALYSIS
0018901,- Custom Keyboards 101: From Noob to Pro in One Build!,source_493,source_493,False,Company_A,content_editor_03,Tech_Analysis,English,special_report,,,,False,,61.32,,,,,,,,,,,chapters,,WS-TECH-ANALYSIS
YT0007522,- Cities: Skylines 2 - Building a DISASTER!,source_494,source_494,False,Company_A,content_editor_04,Sports_Live,English,discussion_show,,,,False,2025-03-19 00:00:00.000000,56.01,,,,,,,,,,,key_moments,2025-03-19 03:21:37.684325,WS-SPORTS-LIVE
YT0002075,- I Let a Meteor Destroy My City (Cities: Skylines 2),source_494,source_494,False,Company_A,content_editor_04,Sports_Live,English,interview,,,,False,2025-03-19 00:00:00.000000,43.42,,,,,,,,,,,my_key_moments,2025-03-20 17:28:47.651147,WS-SPORTS-LIVE
IG0007522,- Cities: Skylines 2 - Building a DISASTER!,source_494,source_494,False,Company_A,content_editor_04,Sports_Live,English,debate,,,,False,2025-03-19 00:00:00.000000,56.01,,,,,,,,,,,summary,2025-03-19 15:48:29.996552,WS-SPORTS-LIVE
IG0002075,- I Let a Meteor Destroy My City (Cities: Skylines 2),source_494,source_494,False,Company_A,content_editor_04,Sports_Live,English,discussion_show,,,,False,2025-03-19 00:00:00.000000,43.42,,,,,,,,,,,key_moments,2025-03-19 01:15:52.471067,WS-SPORTS-LIVE
YT0028941,- Elden Ring... But I Can ONLY Use a DANCE PAD?!,source_495,source_495,False,Company_A,content_editor_04,Sports_Live,English,press_conference,,,,False,2025-03-21 00:00:00.000000,21.86,,,,,,,,,,,chapters,2025-03-21 06:14:21.861979,WS-SPORTS-LIVE
YT0017491,- Fall Guys: Crown EVERY Round Challenge! (99% FAIL),source_496,source_496,False,Company_A,content_editor_04,Sports_Live,English,debate,,,,False,2025-03-21 00:00:00.000000,58.6,,,,,,,,,,,key_moments,2025-03-21 07:34:45.981612,WS-SPORTS-LIVE
YT0029521,- Fall Guys 100% Crown Rate... IMPOSSIBLE?!,source_496,source_496,False,Company_A,content_editor_04,Sports_Live,English,debate,,,,False,2025-03-21 00:00:00.000000,23.43,,,,,,,,,,,key_moments,2025-03-21 03:03:09.173240,WS-SPORTS-LIVE
YT0025509,"- Fall Guys, ONE HAND: Prepare for Maximum Jank!",source_497,source_497,True,Company_A,content_editor_04,Sports_Live,English,interview,shorts,Youtube,,True,2025-03-21 00:00:00.000000,44.16,25.23333333333333,60.81,468.0,Shorts Feed,16.69,1819556.0,96198.0,6617.0,1154.0,8962.998,key_moments,2025-03-21 04:36:47.830302,WS-SPORTS-LIVE
IG0028941,- Elden Ring... But I Can ONLY Use a DANCE PAD?!,source_495,source_495,False,Company_A,content_editor_04,Sports_Live,English,interview,,,,False,2025-03-21 00:00:00.000000,21.86,,,,,,,,,,,key_moments,2025-03-21 04:59:17.609856,WS-SPORTS-LIVE
IG0017491,- Fall Guys: Crown EVERY Round Challenge! (99% FAIL),source_496,source_496,True,Company_A,content_editor_04,Sports_Live,English,discussion_show,reels,Instagram,,True,2025-03-21 00:00:00.000000,58.6,12.25,10.0,266.0,Shorts Feed,28.35,741687.0,65058.0,5759.0,1040.0,97.86,key_moments,2025-03-21 01:21:43.450340,WS-SPORTS-LIVE
IG0029521,- Fall Guys 100% Crown Rate... IMPOSSIBLE?!,source_496,source_496,True,Company_A,content_editor_04,Sports_Live,English,interview,reels,Instagram,,True,2025-03-21 00:00:00.000000,23.43,12.35,57.0,274.0,External,26.88,355160.0,62655.0,2451.0,2654.0,272.73,key_moments,2025-03-21 01:45:10.183288,WS-SPORTS-LIVE
IG0025509,"- Fall Guys, ONE HAND: Prepare for Maximum Jank!",source_497,source_497,True,Company_A,content_editor_04,Sports_Live,English,debate,reels,Instagram,,True,2025-03-21 00:00:00.000000,44.16,25.23333333333333,62.0,281.0,Shorts Feed,16.69,1312377.0,83809.0,4418.0,1194.0,4008.1,key_moments,2025-03-21 04:35:28.159809,WS-SPORTS-LIVE
YT0023716,- Only Up! Hardcore Mod: Prepare to Rage Quit,source_498,source_498,True,Company_A,content_editor_04,Sports_Live,English,debate,shorts,Youtube,,True,2025-03-22 00:00:00.000000,34.1,23.966666666666665,86.21,432.0,Browse,29.77,1262917.0,97575.0,3847.0,2973.0,5776.675833333333,chapters,2025-03-22 04:19:51.879424,WS-SPORTS-LIVE
YT0001333,- Only Up! Turned Nightmare Mode: Can I Beat It?,source_498,source_498,True,Company_A,content_editor_04,Sports_Live,English,interview,shorts,Youtube,,True,2025-03-23 00:00:00.000000,62.01,41.56666666666667,72.47,591.0,Playlist,14.27,216594.0,82335.0,61.0,2405.0,2049.621,full_package,2025-03-23 02:16:09.257588,WS-SPORTS-LIVE
YT0016751,- Elden Ring...But I Can Only Use a Dance Pad?!,source_499,source_499,True,Company_A,content_editor_04,Sports_Live,English,interview,shorts,Youtube,,True,2025-03-24 00:00:00.000000,60.15,20.766666666666666,29.38,636.0,Suggested,19.8,1894233.0,57316.0,3299.0,1671.0,6980.599333333334,chapters,2025-03-24 02:07:07.249495,WS-SPORTS-LIVE
YT0013923,- Beating Elden Ring With My FEET?! (Dance Pad Challenge),source_499,source_499,False,Company_A,content_editor_04,Sports_Live,English,debate,,,,False,2025-03-25 00:00:00.000000,40.54,,,,,,,,,,,key_moments,2025-03-25 03:43:22.011489,WS-SPORTS-LIVE
IG0013923,- Beating Elden Ring With My FEET?! (Dance Pad Challenge),source_499,source_499,True,Company_A,content_editor_04,Sports_Live,English,press_conference,reels,Instagram,,True,2025-03-25 00:00:00.000000,40.54,13.0,21.0,251.0,Browse,11.79,75753.0,49902.0,901.0,1834.0,24.3,full_package,2025-03-25 08:07:37.880874,WS-SPORTS-LIVE
YT0007771,- Dance Pad Tarnished: Elden Ring's Most Ridiculous Run,source_499,source_499,False,Company_A,content_editor_04,Sports_Live,English,discussion_show,,,,False,2025-03-26 00:00:00.000000,28.4,,,,,,,,,,,key_moments,2025-03-26 03:45:45.299541,WS-SPORTS-LIVE
YT0020261,- Fall Guys CHAOS: Spin the Wheel of Misfortune!,source_500,source_500,True,Company_A,content_editor_04,Sports_Live,English,debate,shorts,Youtube,,True,2025-03-26 00:00:00.000000,36.94,10.8,15.04,519.0,Channel Page,12.67,1481860.0,57873.0,5846.0,175.0,1358.371666666667,chapters,2025-03-26 14:39:02.040559,WS-SPORTS-LIVE
YT0028881,"- Fall Guys, But We Made It 100x HARDER!",source_500,source_500,True,Company_A,content_editor_04,Sports_Live,English,interview,shorts,Youtube,,True,2025-03-26 00:00:00.000000,25.74,15.916666666666666,78.37,449.0,Notifications,15.52,1846880.0,88486.0,2316.0,1378.0,4317.937,chapters,2025-03-26 02:17:32.958717,WS-SPORTS-LIVE
YT0027718,- Fall Guys: Can We WIN With ONE HAND?! (Chaos Ensues),source_501,source_501,True,Company_A,content_editor_04,Sports_Live,English,discussion_show,shorts,Youtube,,True,2025-03-26 00:00:00.000000,50.1,38.31666666666666,87.8,552.0,Channel Page,8.05,346063.0,54748.0,7633.0,1455.0,2962.363333333333,key_moments,2025-03-26 04:40:05.665265,WS-SPORTS-LIVE
IG0007771,- Dance Pad Tarnished: Elden Ring's Most Ridiculous Run,source_499,source_499,False,Company_A,content_editor_04,Sports_Live,English,interview,,,,False,2025-03-26 00:00:00.000000,28.4,,,,,,,,,,,key_moments,2025-03-26 03:00:45.951354,WS-SPORTS-LIVE
IG0020261,- Fall Guys CHAOS: Spin the Wheel of Misfortune!,source_500,source_500,True,Company_A,content_editor_04,Sports_Live,English,debate,reels,Instagram,,True,2025-03-26 00:00:00.000000,36.94,10.8,14.0,255.0,Channel Page,12.67,1138477.0,46536.0,5178.0,160.0,146.1,chapters,2025-03-26 06:24:08.414082,WS-SPORTS-LIVE
IG0028881,"- Fall Guys, But We Made It 100x HARDER!",source_500,source_500,True,Company_A,content_editor_04,Sports_Live,English,discussion_show,reels,Instagram,,True,2025-03-26 00:00:00.000000,25.74,15.916666666666666,80.0,303.0,Notifications,15.52,1300534.0,58962.0,1526.0,1357.0,2432.48,my_key_moments,2025-03-26 02:08:25.681399,WS-SPORTS-LIVE
IG0027718,- Fall Guys: Can We WIN With ONE HAND?! (Chaos Ensues),source_501,source_501,True,Company_A,content_editor_04,Sports_Live,English,debate,reels,Instagram,,True,2025-03-26 00:00:00.000000,50.1,38.31666666666666,87.0,270.0,Channel Page,8.05,260394.0,39801.0,6718.0,1670.0,1939.25,full_package,2025-03-26 18:41:39.069458,WS-SPORTS-LIVE
YT0016682,Fall Guys: One Hand Only?! Prepare for Bean Mayhem!,source_502,source_502,False,Company_A,content_editor_04,Sports_Live,English,interview,,,,False,2025-03-27 00:00:00.000000,26.5,,,,,,,,,,,my_key_moments,2025-03-27 01:02:03.776286,WS-SPORTS-LIVE
YT0002018,- Cities: Skylines 2 - NO IMPORTS! What Could Go Wrong?,source_503,source_503,True,Company_A,content_editor_04,Sports_Live,English,interview,shorts,Youtube,,True,2025-03-27 00:00:00.000000,27.34,18.183333333333334,86.57,480.0,Channel Page,7.93,1149756.0,55943.0,958.0,2690.0,3412.007333333333,summary,2025-03-27 15:46:44.321088,WS-SPORTS-LIVE
YT0000690,Fall Guys: Single-Handed Disasterclass! (You HAVE to See This!),source_502,source_502,False,Company_A,content_editor_04,Sports_Live,English,interview,,,,False,2025-03-27 00:00:00.000000,48.65,,,,,,,,,,,key_moments,2025-03-27 04:17:54.894202,WS-SPORTS-LIVE
IG0016682,Fall Guys: One Hand Only?! Prepare for Bean Mayhem!,source_502,source_502,True,Company_A,content_editor_04,Sports_Live,English,debate,reels,Instagram,,True,2025-03-27 00:00:00.000000,26.5,14.066666666666666,58.0,364.0,Playlist,14.96,1044319.0,55002.0,3909.0,2185.0,1104.85,chapters,2025-03-27 06:13:22.394982,WS-SPORTS-LIVE
IG0000690,Fall Guys: Single-Handed Disasterclass! (You HAVE to See This!),source_502,source_502,False,Company_A,content_editor_04,Sports_Live,English,press_conference,,,,False,2025-03-27 00:00:00.000000,48.65,,,,,,,,,,,key_moments,2025-03-27 11:38:01.664472,WS-SPORTS-LIVE
YT0007133,- Cities: Skylines 2 - My Self-Sufficient City CRUMBLED!,source_503,source_503,False,Company_A,content_editor_04,Sports_Live,English,interview,,,,False,2025-03-28 00:00:00.000000,37.22,,,,,,,,,,,key_moments,2025-03-28 07:56:38.589623,WS-SPORTS-LIVE
IG0007133,- Cities: Skylines 2 - My Self-Sufficient City CRUMBLED!,source_503,source_503,False,Company_A,content_editor_04,Sports_Live,English,debate,,,,False,2025-03-28 00:00:00.000000,37.22,,,,,,,,,,,key_moments,2025-03-28 02:13:50.178014,WS-SPORTS-LIVE
YT0020687,- Cities: Skylines 2 - Garbage Apocalypse! (Challenge Run FAILED),source_503,source_503,False,Company_A,content_editor_04,Sports_Live,English,discussion_show,,,,False,2025-03-29 00:00:00.000000,51.53,,,,,,,,,,,summary,2025-03-29 06:27:53.138717,WS-SPORTS-LIVE
IG0020687,- Cities: Skylines 2 - Garbage Apocalypse! (Challenge Run FAILED),source_503,source_503,False,Company_A,content_editor_04,Sports_Live,English,interview,,,,False,2025-03-29 00:00:00.000000,51.53,,,,,,,,,,,full_package,2025-03-29 17:49:08.928295,WS-SPORTS-LIVE
YT0011112,- Fall Guys... With My FEET?! 🦶 Chaos Royale!,source_504,source_504,False,Company_A,content_editor_04,Sports_Live,English,interview,,,,False,2025-03-30 00:00:00.000000,22.27,,,,,,,,,,,key_moments,2025-03-30 01:58:00.856230,WS-SPORTS-LIVE
YT0003967,- Crown Royale... With My Toes?! Fall Guys Challenge,source_504,source_504,False,Company_A,content_editor_04,Sports_Live,English,debate,,,,False,2025-03-30 00:00:00.000000,56.81,,,,,,,,,,,key_moments,2025-03-30 21:46:51.532562,WS-SPORTS-LIVE
IG0011112,- Fall Guys... With My FEET?! 🦶 Chaos Royale!,source_504,source_504,False,Company_A,content_editor_04,Sports_Live,English,discussion_show,,,,False,2025-03-30 00:00:00.000000,22.27,,,,,,,,,,,chapters,2025-03-30 05:26:45.108997,WS-SPORTS-LIVE
IG0003967,- Crown Royale... With My Toes?! Fall Guys Challenge,source_504,source_504,False,Company_A,content_editor_04,Sports_Live,English,debate,,,,False,2025-03-30 00:00:00.000000,56.81,,,,,,,,,,,chapters,2025-03-30 02:49:42.249804,WS-SPORTS-LIVE
YT0009835,- I Tried Playing Fall Guys With My Feet... You Won't Believe What Happened!,source_504,source_504,False,Company_A,content_editor_04,Sports_Live,English,discussion_show,,,,False,2025-03-31 00:00:00.000000,73.82,,,,,,,,,,,my_key_moments,2025-03-31 01:57:26.962683,WS-SPORTS-LIVE
YT0016778,- Fall Guys IMPOSSIBLE Challenge: Can We Win With NO JUMPING?!,source_505,source_505,True,Company_A,content_editor_04,Sports_Live,English,press_conference,shorts,Youtube,,True,2025-03-31 00:00:00.000000,51.01,40.4,91.36,619.0,Playlist,26.61,1681858.0,56132.0,229.0,1506.0,15370.313333333334,key_moments,2025-03-31 03:20:44.384649,WS-SPORTS-LIVE
IG0009835,- I Tried Playing Fall Guys With My Feet... You Won't Believe What Happened!,source_504,source_504,False,Company_A,content_editor_04,Sports_Live,English,discussion_show,,,,False,2025-03-31 00:00:00.000000,73.82,,,,,,,,,,,chapters,2025-03-31 00:50:13.208753,WS-SPORTS-LIVE
IG0016778,- Fall Guys IMPOSSIBLE Challenge: Can We Win With NO JUMPING?!,source_505,source_505,False,Company_A,content_editor_04,Sports_Live,English,press_conference,,,,False,2025-03-31 00:00:00.000000,51.01,,,,,,,,,,,summary,2025-03-31 02:52:09.796999,WS-SPORTS-LIVE
YT0025676,"- Elden Ring, But Viewers CHOOSE My Suffering!",source_506,source_506,True,Company_A,content_editor_04,Sports_Live,English,discussion_show,shorts,Youtube,,True,2025-04-01 00:00:00.000000,70.89,51.583333333333336,78.88,476.0,Notifications,13.44,1811189.0,81247.0,197.0,1855.0,22178.68016666667,key_moments,2025-04-01 03:14:28.424250,WS-SPORTS-LIVE
IG0025676,"- Elden Ring, But Viewers CHOOSE My Suffering!",source_506,source_506,True,Company_A,content_editor_04,Sports_Live,English,press_conference,reels,Instagram,,True,2025-04-01 00:00:00.000000,70.89,51.583333333333336,79.0,288.0,Notifications,13.44,1041123.0,58037.0,148.0,1763.0,10071.66,summary,2025-04-01 01:41:36.393015,WS-SPORTS-LIVE
YT0017215,- Elden Ring: Can I Beat It With *YOUR* Rules?!,source_506,source_506,False,Company_A,content_editor_04,Sports_Live,English,press_conference,,,,False,2025-04-03 00:00:00.000000,21.78,,,,,,,,,,,key_moments,2025-04-03 07:16:33.318588,WS-SPORTS-LIVE
YT0023918,- Elden Ring... ON A DANCE PAD?! You Won't Believe What Happens,source_507,source_507,True,Company_A,content_editor_04,Sports_Live,English,discussion_show,shorts,Youtube,,True,2025-04-04 00:00:00.000000,27.76,13.95,50.55,455.0,Notifications,28.29,81083.0,97206.0,6597.0,2897.0,145.27366666666666,key_moments,2025-04-04 03:21:28.023588,WS-SPORTS-LIVE
YT0007673,"- Elden Ring Invasions: Chaos, Backstabs, and Gravity Kills!",source_508,source_508,True,Company_A,content_editor_04,Sports_Live,English,press_conference,shorts,Youtube,,True,2025-04-04 00:00:00.000000,57.16,36.91666666666667,69.77,471.0,Notifications,26.94,957734.0,50440.0,4677.0,105.0,7825.928333333333,summary,2025-04-04 02:24:18.942231,WS-SPORTS-LIVE
YT0020321,- Dance Pad Tarnished?! Elden Ring's WILD Ride Just Got Weirder,source_507,source_507,False,Company_A,content_editor_04,Sports_Live,English,press_conference,,,,False,2025-04-04 00:00:00.000000,28.62,,,,,,,,,,,chapters,2025-04-04 03:05:00.177049,WS-SPORTS-LIVE
IG0023918,- Elden Ring... ON A DANCE PAD?! You Won't Believe What Happens,source_507,source_507,True,Company_A,content_editor_04,Sports_Live,English,debate,reels,Instagram,,True,2025-04-04 00:00:00.000000,27.76,13.95,50.0,224.0,Notifications,28.29,54637.0,73079.0,4990.0,2510.0,48.95,key_moments,2025-04-04 05:18:51.078997,WS-SPORTS-LIVE
IG0007673,"- Elden Ring Invasions: Chaos, Backstabs, and Gravity Kills!",source_508,source_508,False,Company_A,content_editor_04,Sports_Live,English,discussion_show,,,,False,2025-04-04 00:00:00.000000,57.16,,,,,,,,,,,key_moments,2025-04-04 04:14:28.702956,WS-SPORTS-LIVE
IG0020321,- Dance Pad Tarnished?! Elden Ring's WILD Ride Just Got Weirder,source_507,source_507,False,Company_A,content_editor_04,Sports_Live,English,debate,,,,False,2025-04-04 00:00:00.000000,28.62,,,,,,,,,,,chapters,2025-04-04 02:16:58.996622,WS-SPORTS-LIVE
YT0016602,- Bronze to GM With *Heroes I Suck At*!,source_510,source_510,False,Company_A,content_editor_04,Sports_Live,English,press_conference,,,,False,2025-04-05 00:00:00.000000,43.91,,,,,,,,,,,chapters,2025-04-05 04:25:22.783145,WS-SPORTS-LIVE
YT0026206,- Elden Ring...But I Can Only Play With A Dance Pad?!,source_509,source_509,True,Company_A,content_editor_04,Sports_Live,English,debate,shorts,Youtube,,True,2025-04-05 00:00:00.000000,43.55,30.83333333333333,81.73,471.0,Shorts Feed,19.52,25805.0,77969.0,5039.0,1670.0,167.25466666666668,full_package,2025-04-05 03:50:27.888249,WS-SPORTS-LIVE
IG0016602,- Bronze to GM With *Heroes I Suck At*!,source_510,source_510,True,Company_A,content_editor_04,Sports_Live,English,press_conference,reels,Instagram,,True,2025-04-05 00:00:00.000000,43.91,15.866666666666667,27.0,353.0,Suggested,18.89,690209.0,61862.0,4288.0,1126.0,433.11,key_moments,2025-04-05 01:36:27.247721,WS-SPORTS-LIVE
IG0026206,- Elden Ring...But I Can Only Play With A Dance Pad?!,source_509,source_509,True,Company_A,content_editor_04,Sports_Live,English,discussion_show,reels,Instagram,,True,2025-04-05 00:00:00.000000,43.55,30.83333333333333,83.0,253.0,Shorts Feed,19.52,20245.0,53692.0,4283.0,1599.0,108.91,full_package,2025-04-05 03:10:32.091584,WS-SPORTS-LIVE
YT0012694,- Fall Guys...But I Can Only Use My FEET!,source_511,source_511,False,Company_A,content_editor_04,Sports_Live,English,press_conference,,,,False,2025-04-06 00:00:00.000000,45.13,,,,,,,,,,,summary,2025-04-06 06:21:29.969990,WS-SPORTS-LIVE
YT0006974,- Feet Don't Fail Me Now! Fall Guys Challenge,source_511,source_511,False,Company_A,content_editor_04,Sports_Live,English,interview,,,,False,2025-04-06 00:00:00.000000,23.59,,,,,,,,,,,chapters,2025-04-06 06:19:18.502561,WS-SPORTS-LIVE
YT0002746,- Fall Guys Victory...With My Toes?! You Won't Believe This!,source_511,source_511,True,Company_A,content_editor_04,Sports_Live,English,discussion_show,shorts,Youtube,,True,2025-04-06 00:00:00.000000,22.1,12.1,64.79,582.0,External,26.91,1171013.0,52192.0,1637.0,2233.0,1496.2943333333335,key_moments,2025-04-06 03:19:40.217415,WS-SPORTS-LIVE
YT0025600,- Minecraft MEGA-FACTORY: The ULTIMATE Create Mod Automation!,source_512,source_512,False,Company_A,content_editor_04,Sports_Live,English,discussion_show,,,,False,2025-04-06 00:00:00.000000,18.27,,,,,,,,,,,key_moments,2025-04-06 06:52:25.568993,WS-SPORTS-LIVE
IG0006974,- Feet Don't Fail Me Now! Fall Guys Challenge,source_511,source_511,False,Company_A,content_editor_04,Sports_Live,English,press_conference,,,,False,2025-04-06 00:00:00.000000,23.59,,,,,,,,,,,key_moments,2025-04-06 01:49:34.929194,WS-SPORTS-LIVE
IG0002746,- Fall Guys Victory...With My Toes?! You Won't Believe This!,source_511,source_511,False,Company_A,content_editor_04,Sports_Live,English,press_conference,,,,False,2025-04-06 00:00:00.000000,22.1,,,,,,,,,,,full_package,2025-04-06 01:52:19.851796,WS-SPORTS-LIVE
IG0025600,- Minecraft MEGA-FACTORY: The ULTIMATE Create Mod Automation!,source_512,source_512,False,Company_A,content_editor_04,Sports_Live,English,debate,,,,False,2025-04-06 00:00:00.000000,18.27,,,,,,,,,,,key_moments,2025-04-06 03:16:17.892249,WS-SPORTS-LIVE
YT0003266,- Create Mod CRAZY: Building a Self-Sustaining Minecraft Empire!,source_512,source_512,False,Company_A,content_editor_04,Sports_Live,English,debate,,,,False,2025-04-07 00:00:00.000000,24.66,,,,,,,,,,,key_moments,2025-04-07 13:15:16.684445,WS-SPORTS-LIVE
YT0020748,"- Gears, Belts & Automation: Minecraft's Create Mod at its FINEST!",source_512,source_512,False,Company_A,content_editor_04,Sports_Live,English,interview,,,,False,2025-04-07 00:00:00.000000,48.87,,,,,,,,,,,key_moments,2025-04-07 04:33:28.992501,WS-SPORTS-LIVE
YT0022927,- Elden Ring... But I Can Only Use a Dance Pad?!,source_513,source_513,False,Company_A,content_editor_04,Sports_Live,English,press_conference,,,,False,2025-04-07 00:00:00.000000,26.17,,,,,,,,,,,full_package,2025-04-07 03:12:32.889269,WS-SPORTS-LIVE
IG0003266,- Create Mod CRAZY: Building a Self-Sustaining Minecraft Empire!,source_512,source_512,True,Company_A,content_editor_04,Sports_Live,English,interview,reels,Instagram,,True,2025-04-07 00:00:00.000000,24.66,16.3,84.0,359.0,Search,17.7,1218195.0,74378.0,572.0,931.0,2501.36,key_moments,2025-04-07 13:45:28.021858,WS-SPORTS-LIVE
IG0020748,"- Gears, Belts & Automation: Minecraft's Create Mod at its FINEST!",source_512,source_512,True,Company_A,content_editor_04,Sports_Live,English,discussion_show,reels,Instagram,,True,2025-04-07 00:00:00.000000,48.87,36.91666666666667,85.0,262.0,Search,14.25,319406.0,38705.0,244.0,2632.0,2218.47,full_package,2025-04-07 03:10:46.425049,WS-SPORTS-LIVE
IG0022927,- Elden Ring... But I Can Only Use a Dance Pad?!,source_513,source_513,False,Company_A,content_editor_04,Sports_Live,English,discussion_show,,,,False,2025-04-07 00:00:00.000000,26.17,,,,,,,,,,,full_package,2025-04-07 23:54:17.424177,WS-SPORTS-LIVE
YT0015563,- Beating Elden Ring With My FEET?! (Challenge Failed?),source_513,source_513,True,Company_A,content_editor_04,Sports_Live,English,debate,shorts,Youtube,,True,2025-04-08 00:00:00.000000,32.4,19.25,67.53,527.0,Playlist,2.85,292051.0,83937.0,527.0,1471.0,953.222,key_moments,2025-04-08 02:39:25.871457,WS-SPORTS-LIVE
IG0015563,- Beating Elden Ring With My FEET?! (Challenge Failed?),source_513,source_513,False,Company_A,content_editor_04,Sports_Live,English,interview,,,,False,2025-04-08 00:00:00.000000,32.4,,,,,,,,,,,my_key_moments,2025-04-08 01:46:49.909955,WS-SPORTS-LIVE
YT0022336,- Dance Pad Souls: My Elden Ring Nightmare,source_513,source_513,True,Company_A,content_editor_04,Sports_Live,English,interview,shorts,Youtube,,True,2025-04-09 00:00:00.000000,53.24,21.516666666666666,36.65,498.0,Browse,6.56,1272252.0,73590.0,1299.0,798.0,4953.536666666667,summary,2025-04-09 03:30:05.568070,WS-SPORTS-LIVE
YT0027819,- Crab Game: Squid Game's WILD Cousin?!,source_514,source_514,False,Company_A,content_editor_04,Sports_Live,English,press_conference,,,,False,2025-04-09 00:00:00.000000,65.78,,,,,,,,,,,key_moments,2025-04-09 03:16:38.363058,WS-SPORTS-LIVE
IG0027819,- Crab Game: Squid Game's WILD Cousin?!,source_514,source_514,False,Company_A,content_editor_04,Sports_Live,English,debate,,,,False,2025-04-09 00:00:00.000000,65.78,,,,,,,,,,,key_moments,2025-04-09 02:05:46.261126,WS-SPORTS-LIVE
YT0027497,"- Rage, Fails & Betrayal: My Crab Game Addiction",source_514,source_514,False,Company_A,content_editor_04,Sports_Live,English,interview,,,,False,2025-04-11 00:00:00.000000,48.02,,,,,,,,,,,key_moments,2025-04-12 08:04:06.528853,WS-SPORTS-LIVE
YT0009748,- Cities: Skylines 2 - NO PLAN Challenge! (Chaos City),source_515,source_515,False,Company_A,content_editor_04,Sports_Live,English,discussion_show,,,,False,2025-04-11 00:00:00.000000,35.33,,,,,,,,,,,key_moments,2025-04-11 05:09:40.812474,WS-SPORTS-LIVE
IG0027497,"- Rage, Fails & Betrayal: My Crab Game Addiction",source_514,source_514,False,Company_A,content_editor_04,Sports_Live,English,interview,,,,False,2025-04-11 00:00:00.000000,48.02,,,,,,,,,,,chapters,2025-04-11 05:47:56.578101,WS-SPORTS-LIVE
IG0004113,- You NEED to Play This FREE Game! (Crab Game Chaos),source_514,source_514,True,Company_A,content_editor_04,Sports_Live,English,press_conference,reels,Instagram,,True,2025-04-11 00:00:00.000000,42.06,9.683333333333334,8.0,289.0,Channel Page,9.93,736922.0,67289.0,925.0,2486.0,35.75,chapters,2025-04-11 02:45:51.514920,WS-SPORTS-LIVE
IG0009748,- Cities: Skylines 2 - NO PLAN Challenge! (Chaos City),source_515,source_515,False,Company_A,content_editor_04,Sports_Live,English,debate,,,,False,2025-04-11 00:00:00.000000,35.33,,,,,,,,,,,my_key_moments,2025-04-11 02:31:11.092408,WS-SPORTS-LIVE
YT0018766,- I Built a City with NO PLANNING in Cities: Skylines 2... and it WORKS?!,source_515,source_515,True,Company_A,content_editor_04,Sports_Live,English,interview,shorts,Youtube,,True,2025-04-12 00:00:00.000000,56.38,32.766666666666666,61.06,609.0,Suggested,11.05,1750645.0,85942.0,2985.0,2187.0,12286.934333333336,key_moments,2025-04-12 09:05:09.805363,WS-SPORTS-LIVE
YT0005295,- Elden Ring: UNETHICAL Boss DESTROYER Guide,source_516,source_516,False,Company_A,content_editor_04,Sports_Live,English,interview,,,,False,2025-04-12 00:00:00.000000,37.34,,,,,,,,,,,key_moments,2025-04-12 01:02:48.039307,WS-SPORTS-LIVE
YT0021411,- Cities: Skylines 2 - Unplanned DISASTER Turns Into Unexpected SUCCESS!,source_515,source_515,True,Company_A,content_editor_04,Sports_Live,English,debate,shorts,Youtube,,True,2025-04-12 00:00:00.000000,28.23,16.25,66.14,585.0,Notifications,27.1,1188230.0,52486.0,5339.0,1090.0,2888.059,key_moments,2025-04-12 01:36:11.526643,WS-SPORTS-LIVE
IG0018766,- I Built a City with NO PLANNING in Cities: Skylines 2... and it WORKS?!,source_515,source_515,False,Company_A,content_editor_04,Sports_Live,English,debate,,,,False,2025-04-12 00:00:00.000000,56.38,,,,,,,,,,,full_package,2025-04-12 03:16:55.135772,WS-SPORTS-LIVE
IG0005295,- Elden Ring: UNETHICAL Boss DESTROYER Guide,source_516,source_516,False,Company_A,content_editor_04,Sports_Live,English,discussion_show,,,,False,2025-04-12 00:00:00.000000,37.34,,,,,,,,,,,key_moments,2025-04-12 11:47:18.927866,WS-SPORTS-LIVE
YT0022394,- Elden Ring: UNINTENDED GAME BREAKING GLITCHES!,source_517,source_517,False,Company_A,content_editor_04,Sports_Live,English,debate,,,,False,2025-04-13 00:00:00.000000,63.55,,,,,,,,,,,my_key_moments,2025-04-13 02:57:51.905436,WS-SPORTS-LIVE
YT0015667,"- Elden Ring: Glitches, Exploits, and Cheese!",source_517,source_517,False,Company_A,content_editor_04,Sports_Live,English,debate,,,,False,2025-04-14 00:00:00.000000,68.38,,,,,,,,,,,my_key_moments,2025-04-14 05:34:48.538979,WS-SPORTS-LIVE
YT0017271,- Elden Ring: Beyond the Lands Between!,source_517,source_517,False,Company_A,content_editor_04,Sports_Live,English,interview,,,,False,2025-04-14 00:00:00.000000,69.1,,,,,,,,,,,key_moments,2025-04-14 04:05:23.003728,WS-SPORTS-LIVE
IG0015667,"- Elden Ring: Glitches, Exploits, and Cheese!",source_517,source_517,False,Company_A,content_editor_04,Sports_Live,English,interview,,,,False,2025-04-14 00:00:00.000000,68.38,,,,,,,,,,,chapters,2025-04-14 11:16:58.959361,WS-SPORTS-LIVE
YT0000448,- Elden Ring Beaten...With a Dance Pad?! You Won't Believe This!,source_518,source_518,False,Company_A,content_editor_04,Sports_Live,English,press_conference,,,,False,2025-04-15 00:00:00.000000,39.45,,,,,,,,,,,summary,2025-04-15 01:07:32.969377,WS-SPORTS-LIVE
IG0000448,- Elden Ring Beaten...With a Dance Pad?! You Won't Believe This!,source_518,source_518,False,Company_A,content_editor_04,Sports_Live,English,interview,,,,False,2025-04-15 00:00:00.000000,39.45,,,,,,,,,,,full_package,2025-04-15 07:12:25.515188,WS-SPORTS-LIVE
YT0013045,- Elden Ring: I Beat Every Boss With My Bare Fists...Why?!,source_519,source_519,False,Company_A,content_editor_04,Sports_Live,English,press_conference,,,,False,2025-04-16 00:00:00.000000,48.16,,,,,,,,,,,summary,2025-04-16 03:24:41.684196,WS-SPORTS-LIVE
YT0029681,- Level 1 Wretch Punches Elden Ring to Death (No Weapons!),source_519,source_519,False,Company_A,content_editor_04,Sports_Live,English,debate,,,,False,2025-04-16 00:00:00.000000,52.87,,,,,,,,,,,key_moments,2025-04-16 08:22:58.675380,WS-SPORTS-LIVE
YT0024163,Fall Guys Bean Parkour: Prepare to Faceplant!,source_520,source_520,True,Company_A,content_editor_04,Sports_Live,English,interview,shorts,Youtube,,True,2025-04-16 00:00:00.000000,34.3,7.95,2.33,647.0,Suggested,7.67,1619167.0,95660.0,861.0,999.0,202.3958333333333,chapters,2025-04-16 02:04:36.782271,WS-SPORTS-LIVE
YT0009223,Bean Parkour CHAOS! Fall Guys Custom Maps & EPIC Fails,source_520,source_520,False,Company_A,content_editor_04,Sports_Live,English,interview,,,,False,2025-04-16 00:00:00.000000,45.43,,,,,,,,,,,key_moments,2025-04-16 04:04:43.767948,WS-SPORTS-LIVE
IG0013045,- Elden Ring: I Beat Every Boss With My Bare Fists...Why?!,source_519,source_519,True,Company_A,content_editor_04,Sports_Live,English,interview,reels,Instagram,,True,2025-04-16 00:00:00.000000,48.16,32.25,76.0,362.0,Channel Page,25.59,641664.0,69176.0,1234.0,40.0,3352.69,chapters,2025-04-16 03:41:06.244982,WS-SPORTS-LIVE
IG0024163,Fall Guys Bean Parkour: Prepare to Faceplant!,source_520,source_520,False,Company_A,content_editor_04,Sports_Live,English,discussion_show,,,,False,2025-04-16 00:00:00.000000,34.3,,,,,,,,,,,key_moments,2025-04-16 01:47:37.742700,WS-SPORTS-LIVE
IG0009223,Bean Parkour CHAOS! Fall Guys Custom Maps & EPIC Fails,source_520,source_520,False,Company_A,content_editor_04,Sports_Live,English,debate,,,,False,2025-04-16 00:00:00.000000,45.43,,,,,,,,,,,full_package,2025-04-16 01:26:10.129808,WS-SPORTS-LIVE
YT0024112,"- Fall Guys, ONE HAND?! This Was a Mistake.",source_521,source_521,True,Company_A,content_editor_04,Sports_Live,English,debate,shorts,Youtube,,True,2025-04-17 00:00:00.000000,35.129999999999995,13.733333333333334,30.97,527.0,External,27.97,1021523.0,73932.0,2585.0,584.0,1768.7481666666667,chapters,2025-04-17 02:30:51.216034,WS-SPORTS-LIVE
YT0023844,"- Fall Guys: One Hand, Zero Skill, ALL FAILS!",source_521,source_521,False,Company_A,content_editor_04,Sports_Live,English,discussion_show,,,,False,2025-04-17 00:00:00.000000,30.95,,,,,,,,,,,key_moments,2025-04-17 04:26:17.366225,WS-SPORTS-LIVE
IG0024112,"- Fall Guys, ONE HAND?! This Was a Mistake.",source_521,source_521,False,Company_A,content_editor_04,Sports_Live,English,discussion_show,,,,False,2025-04-17 00:00:00.000000,35.129999999999995,,,,,,,,,,,chapters,2025-04-17 02:10:59.306941,WS-SPORTS-LIVE
IG0023844,"- Fall Guys: One Hand, Zero Skill, ALL FAILS!",source_521,source_521,False,Company_A,content_editor_04,Sports_Live,English,press_conference,,,,False,2025-04-17 00:00:00.000000,30.95,,,,,,,,,,,full_package,2025-04-17 03:04:18.168174,WS-SPORTS-LIVE
YT0014245,- Elden Ring...But I Can ONLY Use a Dance Pad?!,source_522,source_522,False,Company_A,content_editor_04,Sports_Live,English,press_conference,,,,False,2025-04-18 00:00:00.000000,71.56,,,,,,,,,,,key_moments,2025-04-18 00:53:05.439669,WS-SPORTS-LIVE
IG0014245,- Elden Ring...But I Can ONLY Use a Dance Pad?!,source_522,source_522,True,Company_A,content_editor_04,Sports_Live,English,discussion_show,reels,Instagram,,True,2025-04-18 00:00:00.000000,71.56,16.483333333333334,16.0,318.0,Notifications,18.8,481549.0,51295.0,2819.0,2025.0,192.26,chapters,2025-04-18 02:58:24.971612,WS-SPORTS-LIVE
YT0026260,- Fall Guys: Random Duos... Friendship DESTROYER!,source_523,source_523,True,Company_A,content_editor_04,Sports_Live,English,press_conference,shorts,Youtube,,True,2025-04-19 00:00:00.000000,65.97,41.38333333333333,66.48,605.0,Playlist,5.13,941217.0,53260.0,4423.0,2412.0,8858.769333333334,full_package,2025-04-19 09:04:18.250658,WS-SPORTS-LIVE
IG0026260,- Fall Guys: Random Duos... Friendship DESTROYER!,source_523,source_523,False,Company_A,content_editor_04,Sports_Live,English,discussion_show,,,,False,2025-04-19 00:00:00.000000,65.97,,,,,,,,,,,key_moments,2025-04-19 07:01:54.376295,WS-SPORTS-LIVE
YT0021082,- Elden Ring Randomizer: Prepare to Die... Laughing!,source_524,source_524,False,Company_A,content_editor_04,Sports_Live,English,debate,,,,False,2025-04-20 00:00:00.000000,37.54,,,,,,,,,,,chapters,2025-04-20 03:43:52.681519,WS-SPORTS-LIVE
IG0021082,- Elden Ring Randomizer: Prepare to Die... Laughing!,source_524,source_524,True,Company_A,content_editor_04,Sports_Live,English,discussion_show,reels,Instagram,,True,2025-04-20 00:00:00.000000,37.54,18.98333333333333,49.0,311.0,Notifications,7.48,1332109.0,86696.0,3593.0,2330.0,2082.1,chapters,2025-04-20 04:51:39.116371,WS-SPORTS-LIVE
YT0003178,- Elden Ring Gone WILD: Randomizer Ruins Everything!,source_524,source_524,True,Company_A,content_editor_04,Sports_Live,English,interview,shorts,Youtube,,True,2025-04-22 00:00:00.000000,54.87,41.7,85.78,433.0,Notifications,27.94,1282351.0,85974.0,6801.0,105.0,12182.3345,chapters,2025-04-22 02:03:43.271701,WS-SPORTS-LIVE
IG0003178,- Elden Ring Gone WILD: Randomizer Ruins Everything!,source_524,source_524,True,Company_A,content_editor_04,Sports_Live,English,discussion_show,reels,Instagram,,True,2025-04-22 00:00:00.000000,54.87,41.7,81.0,275.0,Notifications,27.94,912291.0,69919.0,4825.0,104.0,7020.08,key_moments,2025-04-22 14:40:14.150316,WS-SPORTS-LIVE
YT0027544,- Elden Ring Randomizer: The Most Chaotic Run EVER!,source_524,source_524,True,Company_A,content_editor_04,Sports_Live,English,press_conference,shorts,Youtube,,True,2025-04-24 00:00:00.000000,71.93,18.28333333333333,18.94,570.0,Browse,29.96,241046.0,91656.0,2732.0,2671.0,722.022,key_moments,2025-04-24 20:54:56.843263,WS-SPORTS-LIVE
IG0027544,- Elden Ring Randomizer: The Most Chaotic Run EVER!,source_524,source_524,False,Company_A,content_editor_04,Sports_Live,English,interview,,,,False,2025-04-24 00:00:00.000000,71.93,,,,,,,,,,,key_moments,2025-04-24 04:33:49.641486,WS-SPORTS-LIVE
YT0010969,"- Fall Guys, But I Can't Jump! (Impossible Challenge)",source_525,source_525,False,Company_A,content_editor_04,Sports_Live,English,press_conference,,,,False,2025-04-25 00:00:00.000000,49.14,,,,,,,,,,,chapters,2025-04-26 07:46:48.671447,WS-SPORTS-LIVE
YT0020859,- Elden Ring: Level 1... But I Hate Myself,source_526,source_526,False,Company_A,content_editor_04,Sports_Live,English,press_conference,,,,False,2025-04-25 00:00:00.000000,38.48,,,,,,,,,,,chapters,2025-04-25 02:19:16.856247,WS-SPORTS-LIVE
IG0010969,"- Fall Guys, But I Can't Jump! (Impossible Challenge)",source_525,source_525,True,Company_A,content_editor_04,Sports_Live,English,interview,reels,Instagram,,True,2025-04-25 00:00:00.000000,49.14,22.95,41.0,362.0,Suggested,18.15,1141162.0,83598.0,2804.0,440.0,2007.97,full_package,2025-04-25 01:28:12.892138,WS-SPORTS-LIVE
IG0020859,- Elden Ring: Level 1... But I Hate Myself,source_526,source_526,False,Company_A,content_editor_04,Sports_Live,English,debate,,,,False,2025-04-25 00:00:00.000000,38.48,,,,,,,,,,,key_moments,2025-04-25 02:16:02.326212,WS-SPORTS-LIVE
YT0019100,- TABS God Unit: Can It Beat EVERYTHING?!,source_527,source_527,False,Company_A,content_editor_04,Sports_Live,English,press_conference,,,,False,2025-04-26 00:00:00.000000,35.93,,,,,,,,,,,summary,2025-04-26 03:21:21.024452,WS-SPORTS-LIVE
IG0019100,- TABS God Unit: Can It Beat EVERYTHING?!,source_527,source_527,False,Company_A,content_editor_04,Sports_Live,English,press_conference,,,,False,2025-04-26 00:00:00.000000,35.93,,,,,,,,,,,full_package,2025-04-27 01:25:49.649952,WS-SPORTS-LIVE
YT0026944,- Overpowered Unit Challenge! (TABS Physics Mayhem),source_527,source_527,True,Company_A,content_editor_04,Sports_Live,English,interview,shorts,Youtube,,True,2025-04-27 00:00:00.000000,53.59,31.85,63.1,613.0,Suggested,27.79,458492.0,87889.0,4562.0,1235.0,3101.189,chapters,2025-04-27 03:11:39.469509,WS-SPORTS-LIVE
YT0018436,- TABS Community Creates UNKILLABLE Warriors!,source_527,source_527,False,Company_A,content_editor_04,Sports_Live,English,debate,,,,False,2025-04-27 00:00:00.000000,32.28,,,,,,,,,,,key_moments,2025-04-27 02:00:39.148264,WS-SPORTS-LIVE
YT0028837,- Elden Ring... Beaten With Guitar Hero?! (You Won't Believe This),source_528,source_528,True,Company_A,content_editor_04,Sports_Live,English,discussion_show,shorts,Youtube,,True,2025-04-27 00:00:00.000000,71.2,32.61666666666667,44.69,688.0,Search,1.65,1521648.0,85861.0,5276.0,1199.0,10616.312666666669,my_key_moments,2025-04-27 01:56:57.879584,WS-SPORTS-LIVE
IG0026944,- Overpowered Unit Challenge! (TABS Physics Mayhem),source_527,source_527,False,Company_A,content_editor_04,Sports_Live,English,interview,,,,False,2025-04-27 00:00:00.000000,53.59,,,,,,,,,,,key_moments,2025-04-27 09:57:26.498672,WS-SPORTS-LIVE
IG0018436,- TABS Community Creates UNKILLABLE Warriors!,source_527,source_527,True,Company_A,content_editor_04,Sports_Live,English,debate,reels,Instagram,,True,2025-04-27 00:00:00.000000,32.28,18.5,60.0,298.0,Suggested,21.05,1086869.0,48551.0,1120.0,2311.0,1992.59,key_moments,2025-04-27 08:52:58.685579,WS-SPORTS-LIVE
IG0028837,- Elden Ring... Beaten With Guitar Hero?! (You Won't Believe This),source_528,source_528,True,Company_A,content_editor_04,Sports_Live,English,interview,reels,Instagram,,True,2025-04-27 00:00:00.000000,71.2,32.61666666666667,42.0,372.0,Search,1.65,942887.0,70553.0,3720.0,1129.0,2762.92,summary,2025-04-27 02:42:45.401283,WS-SPORTS-LIVE
YT0019850,- Jump King... With a Steering Wheel?! 🚗💀,source_529,source_529,False,Company_A,content_editor_04,Sports_Live,English,interview,,,,False,2025-04-28 00:00:00.000000,60.74,,,,,,,,,,,key_moments,2025-04-28 00:53:31.059400,WS-SPORTS-LIVE
YT0016436,- Ragequitting Jump King With A Steering Wheel,source_529,source_529,True,Company_A,content_editor_04,Sports_Live,English,debate,shorts,Youtube,,True,2025-04-28 00:00:00.000000,67.18,16.166666666666664,16.61,674.0,Playlist,24.62,164383.0,74182.0,6352.0,398.0,395.7368333333333,key_moments,2025-04-28 01:37:17.796248,WS-SPORTS-LIVE
IG0016436,- Ragequitting Jump King With A Steering Wheel,source_529,source_529,False,Company_A,content_editor_04,Sports_Live,English,discussion_show,,,,False,2025-04-28 00:00:00.000000,67.18,,,,,,,,,,,chapters,2025-04-28 15:51:06.843662,WS-SPORTS-LIVE
YT0009785,- I Beat Jump King With A Steering Wheel (And Regret Everything),source_529,source_529,True,Company_A,content_editor_04,Sports_Live,English,discussion_show,shorts,Youtube,,True,2025-04-29 00:00:00.000000,25.05,11.45,39.3,603.0,Channel Page,8.05,865992.0,62249.0,4146.0,2627.0,950.1856666666666,summary,2025-04-29 06:56:24.971753,WS-SPORTS-LIVE
IG0009785,- I Beat Jump King With A Steering Wheel (And Regret Everything),source_529,source_529,True,Company_A,content_editor_04,Sports_Live,English,discussion_show,reels,Instagram,,True,2025-04-29 00:00:00.000000,25.05,11.45,40.0,295.0,Channel Page,8.05,642477.0,50046.0,3462.0,3001.0,281.98,key_moments,2025-04-29 04:12:54.210467,WS-SPORTS-LIVE
YT0012111,- Fall Guys... But I Only Use BANANAS!,source_530,source_530,True,Company_A,content_editor_04,Sports_Live,English,debate,shorts,Youtube,,True,2025-04-30 00:00:00.000000,35.3,23.65,79.56,476.0,Playlist,22.75,1394625.0,68479.0,4405.0,355.0,6256.442666666667,chapters,2025-04-30 17:50:18.719237,WS-SPORTS-LIVE
IG0012111,- Fall Guys... But I Only Use BANANAS!,source_530,source_530,True,Company_A,content_editor_04,Sports_Live,English,interview,reels,Instagram,,True,2025-04-30 00:00:00.000000,35.3,23.65,73.0,318.0,Playlist,22.75,944674.0,44862.0,3355.0,312.0,3093.68,key_moments,2025-04-30 19:09:45.009325,WS-SPORTS-LIVE
YT0005991,- Banana Controller vs. Fall Guys: Potassium Chaos!,source_530,source_530,True,Company_A,content_editor_04,Sports_Live,English,interview,shorts,Youtube,,True,2025-05-02 00:00:00.000000,25.9,10.266666666666666,25.38,19.0,Suggested,21.38,339577.0,26280.0,3913.0,1754.0,260.97116666666665,key_moments,2025-05-02 03:53:11.871096,WS-SPORTS-LIVE
IG0005991,- Banana Controller vs. Fall Guys: Potassium Chaos!,source_530,source_530,True,Company_A,content_editor_04,Sports_Live,English,interview,reels,Instagram,,True,2025-05-02 00:00:00.000000,25.9,10.266666666666666,22.0,8.0,Suggested,21.38,215107.0,17005.0,2286.0,1357.0,36.37,key_moments,2025-05-02 03:56:38.989472,WS-SPORTS-LIVE
YT0016032,- I Beat Fall Guys With a BANANA?! (Unbelievable),source_530,source_530,True,Company_A,content_editor_04,Sports_Live,English,debate,shorts,Youtube,,True,2025-05-03 00:00:00.000000,39.3,22.55,61.93,174.0,Notifications,2.18,1629471.0,6828.0,2117.0,2574.0,6812.094,full_package,2025-05-03 02:30:39.382467,WS-SPORTS-LIVE
IG0016032,- I Beat Fall Guys With a BANANA?! (Unbelievable),source_530,source_530,True,Company_A,content_editor_04,Sports_Live,English,interview,reels,Instagram,,True,2025-05-03 00:00:00.000000,39.3,22.55,58.0,68.0,Notifications,2.18,764744.0,4025.0,1574.0,2487.0,1854.29,key_moments,2025-05-03 03:11:07.828309,WS-SPORTS-LIVE
YT0007377,Cities: Skylines 2 - My Perfect City CRUMBLED! (Epic Fail),source_531,source_531,False,Company_A,content_editor_04,Sports_Live,English,interview,,,,False,2025-05-04 00:00:00.000000,44.15,,,,,,,,,,,key_moments,2025-05-04 01:13:04.906163,WS-SPORTS-LIVE
YT0010388,Cities: Skylines 2 - From Metropolis to MESS! (Challenge Run Gone WRONG),source_531,source_531,True,Company_A,content_editor_04,Sports_Live,English,interview,shorts,Youtube,,True,2025-05-04 00:00:00.000000,59.65,26.066666666666663,41.58,11.0,Browse,2.06,1549502.0,26132.0,5958.0,1206.0,7991.413166666666,chapters,2025-05-04 01:12:50.682195,WS-SPORTS-LIVE
IG0007377,Cities: Skylines 2 - My Perfect City CRUMBLED! (Epic Fail),source_531,source_531,False,Company_A,content_editor_04,Sports_Live,English,discussion_show,,,,False,2025-05-04 00:00:00.000000,44.15,,,,,,,,,,,chapters,2025-05-04 01:00:29.522553,WS-SPORTS-LIVE
IG0010388,Cities: Skylines 2 - From Metropolis to MESS! (Challenge Run Gone WRONG),source_531,source_531,False,Company_A,content_editor_04,Sports_Live,English,discussion_show,,,,False,2025-05-04 00:00:00.000000,59.65,,,,,,,,,,,full_package,2025-05-04 09:31:24.652742,WS-SPORTS-LIVE
YT0009303,"- Fall Guys, ONE HAND?! This Is Painful!",source_532,source_532,True,Company_A,content_editor_04,Sports_Live,English,press_conference,shorts,Youtube,,True,2025-05-05 00:00:00.000000,30.06,22.5,99.6,90.0,Suggested,8.83,1981358.0,6233.0,7333.0,2148.0,8255.658333333333,full_package,2025-05-05 01:08:49.293918,WS-SPORTS-LIVE
IG0009303,"- Fall Guys, ONE HAND?! This Is Painful!",source_532,source_532,True,Company_A,content_editor_04,Sports_Live,English,discussion_show,reels,Instagram,,True,2025-05-05 00:00:00.000000,30.06,22.5,89.0,42.0,Suggested,8.83,895615.0,3424.0,4255.0,1620.0,3321.24,chapters,2025-05-05 19:02:04.959115,WS-SPORTS-LIVE
YT0017963,- I Broke Minecraft With Too Many Mods! (Instant Regret),source_534,source_534,False,Company_A,content_editor_04,Sports_Live,English,debate,,,,False,2025-05-06 00:00:00.000000,61.46,,,,,,,,,,,key_moments,2025-05-06 02:13:47.923435,WS-SPORTS-LIVE
IG0027872,"- Fall Guys, But I'M ALLERGIC To JUMPING!",source_533,source_533,False,Company_A,content_editor_04,Sports_Live,English,interview,,,,False,2025-05-06 00:00:00.000000,49.7,,,,,,,,,,,key_moments,2025-05-06 16:03:26.899208,WS-SPORTS-LIVE
IG0017963,- I Broke Minecraft With Too Many Mods! (Instant Regret),source_534,source_534,True,Company_A,content_editor_04,Sports_Live,English,debate,reels,Instagram,,True,2025-05-06 00:00:00.000000,61.46,27.6,41.0,4.0,Browse,11.75,113300.0,14004.0,1245.0,1028.0,259.36,full_package,2025-05-06 02:59:12.999429,WS-SPORTS-LIVE
YT0009882,- Elden Ring DLC: Shadow of the Erdtree - First Impressions & Brutal Truths!,source_535,source_535,False,Company_A,content_editor_04,Sports_Live,English,interview,,,,False,2025-05-08 00:00:00.000000,20.02,,,,,,,,,,,key_moments,2025-05-08 01:08:33.518684,WS-SPORTS-LIVE
IG0009882,- Elden Ring DLC: Shadow of the Erdtree - First Impressions & Brutal Truths!,source_535,source_535,False,Company_A,content_editor_04,Sports_Live,English,debate,,,,False,2025-05-08 00:00:00.000000,20.02,,,,,,,,,,,key_moments,2025-05-08 11:10:15.453012,WS-SPORTS-LIVE
YT0028361,"- Elden Ring DLC: Land of Shadow Survival Guide! (Bosses, Builds, & Secrets)",source_535,source_535,False,Company_A,content_editor_04,Sports_Live,English,debate,,,,False,2025-05-09 00:00:00.000000,34.05,,,,,,,,,,,key_moments,2025-05-09 12:16:39.819647,WS-SPORTS-LIVE
IG0028361,"- Elden Ring DLC: Land of Shadow Survival Guide! (Bosses, Builds, & Secrets)",source_535,source_535,False,Company_A,content_editor_04,Sports_Live,English,debate,,,,False,2025-05-09 00:00:00.000000,34.05,,,,,,,,,,,key_moments,2025-05-09 01:56:15.384184,WS-SPORTS-LIVE
YT0022412,- From Zero to Metropolis: Can I Survive Cities: Skylines 2?,source_536,source_536,False,Company_A,content_editor_04,Sports_Live,English,interview,,,,False,2025-05-10 00:00:00.000000,74.86,,,,,,,,,,,my_key_moments,2025-05-10 03:04:04.210934,WS-SPORTS-LIVE
YT0012691,"- Fall Guys, ONE HAND?! You Won't BELIEVE What Happened!",source_537,source_537,True,Company_A,content_editor_04,Sports_Live,English,discussion_show,shorts,Youtube,,True,2025-05-10 00:00:00.000000,41.91,11.583333333333332,15.17,86.0,Channel Page,28.98,205538.0,3378.0,3820.0,2461.0,233.13333333333333,chapters,2025-05-10 01:56:16.807663,WS-SPORTS-LIVE
YT0007597,- One-Handed Fall Guys CHAOS! Can We Actually Win?!,source_537,source_537,True,Company_A,content_editor_04,Sports_Live,English,press_conference,shorts,Youtube,,True,2025-05-10 00:00:00.000000,50.82,38.13333333333333,85.52,166.0,External,2.96,477759.0,11975.0,3527.0,2959.0,4065.375166666666,summary,2025-05-10 03:37:56.370869,WS-SPORTS-LIVE
IG0012691,"- Fall Guys, ONE HAND?! You Won't BELIEVE What Happened!",source_537,source_537,True,Company_A,content_editor_04,Sports_Live,English,discussion_show,reels,Instagram,,True,2025-05-10 00:00:00.000000,41.91,11.583333333333332,14.0,31.0,Channel Page,28.98,88442.0,2266.0,2235.0,2460.0,14.04,chapters,2025-05-10 04:21:37.343976,WS-SPORTS-LIVE
IG0007597,- One-Handed Fall Guys CHAOS! Can We Actually Win?!,source_537,source_537,True,Company_A,content_editor_04,Sports_Live,English,discussion_show,reels,Instagram,,True,2025-05-10 00:00:00.000000,50.82,38.13333333333333,80.0,83.0,External,2.96,292132.0,7220.0,2414.0,2100.0,1988.66,full_package,2025-05-10 03:01:11.250754,WS-SPORTS-LIVE
YT0002903,"- If Game Characters Could Vote, Who Would THEY Pick?",source_538,source_538,True,Company_A,content_editor_04,Sports_Live,English,debate,shorts,Youtube,,True,2025-05-11 00:00:00.000000,26.29,10.166666666666666,23.62,120.0,External,8.89,179720.0,34624.0,2977.0,995.0,133.126,key_moments,2025-05-11 00:56:00.585082,WS-SPORTS-LIVE
IG0002903,"- If Game Characters Could Vote, Who Would THEY Pick?",source_538,source_538,False,Company_A,content_editor_04,Sports_Live,English,interview,,,,False,2025-05-11 00:00:00.000000,26.29,,,,,,,,,,,key_moments,2025-05-11 02:30:47.828232,WS-SPORTS-LIVE
YT0002354,- Glitches That Broke Reality! (Gaming's Funniest Fails),source_539,source_539,False,Company_A,content_editor_04,Sports_Live,English,discussion_show,,,,False,2025-05-14 00:00:00.000000,74.47,,,,,,,,,,,full_package,2025-05-14 07:01:20.749516,WS-SPORTS-LIVE
YT0001182,- Epic Game Glitches: When Games Go Hilariously Wrong!,source_539,source_539,False,Company_A,content_editor_04,Sports_Live,English,debate,,,,False,2025-05-14 00:00:00.000000,20.06,,,,,,,,,,,key_moments,2025-05-14 03:23:03.816716,WS-SPORTS-LIVE
YT0013185,"- Fall Guys, But I Only Have ONE HAND!",source_540,source_540,False,Company_A,content_editor_04,Sports_Live,English,interview,,,,False,2025-05-14 00:00:00.000000,19.61,,,,,,,,,,,chapters,2025-05-14 03:04:41.485077,WS-SPORTS-LIVE
IG0002354,- Glitches That Broke Reality! (Gaming's Funniest Fails),source_539,source_539,False,Company_A,content_editor_04,Sports_Live,English,debate,,,,False,2025-05-14 00:00:00.000000,74.47,,,,,,,,,,,full_package,2025-05-14 01:53:58.763706,WS-SPORTS-LIVE
IG0001182,- Epic Game Glitches: When Games Go Hilariously Wrong!,source_539,source_539,False,Company_A,content_editor_04,Sports_Live,English,press_conference,,,,False,2025-05-14 00:00:00.000000,20.06,,,,,,,,,,,full_package,2025-05-14 02:27:19.118118,WS-SPORTS-LIVE
IG0013185,"- Fall Guys, But I Only Have ONE HAND!",source_540,source_540,False,Company_A,content_editor_04,Sports_Live,English,discussion_show,,,,False,2025-05-14 00:00:00.000000,19.61,,,,,,,,,,,summary,2025-05-14 12:20:50.965904,WS-SPORTS-LIVE
YT0012040,- Fall Guys...With My FEET?! 🦶 Absolute Mayhem!,source_541,source_541,False,Company_A,content_editor_04,Sports_Live,English,debate,,,,False,2025-05-16 00:00:00.000000,58.92,,,,,,,,,,,chapters,2025-05-16 01:36:25.798619,WS-SPORTS-LIVE
IG0012040,- Fall Guys...With My FEET?! 🦶 Absolute Mayhem!,source_541,source_541,True,Company_A,content_editor_04,Sports_Live,English,discussion_show,reels,Instagram,,True,2025-05-16 00:00:00.000000,58.92,28.85,47.0,71.0,Notifications,3.62,317660.0,6558.0,1902.0,2161.0,885.43,chapters,2025-05-16 07:07:13.156364,WS-SPORTS-LIVE
YT0014183,- I Tried to Win Fall Guys With My Feet...You Won't Believe What Happened!,source_541,source_541,False,Company_A,content_editor_04,Sports_Live,English,debate,,,,False,2025-05-17 00:00:00.000000,29.69,,,,,,,,,,,key_moments,2025-05-17 04:09:12.408392,WS-SPORTS-LIVE
IG0014183,- I Tried to Win Fall Guys With My Feet...You Won't Believe What Happened!,source_541,source_541,False,Company_A,content_editor_04,Sports_Live,English,debate,,,,False,2025-05-17 00:00:00.000000,29.69,,,,,,,,,,,full_package,2025-05-17 04:51:55.334197,WS-SPORTS-LIVE
YT0005757,- Toe-tal Disaster or Unexpected Win? Fall Guys Feet Challenge!,source_541,source_541,False,Company_A,content_editor_04,Sports_Live,English,interview,,,,False,2025-05-19 00:00:00.000000,27.89,,,,,,,,,,,full_package,2025-05-19 02:13:35.227595,WS-SPORTS-LIVE
IG0005757,- Toe-tal Disaster or Unexpected Win? Fall Guys Feet Challenge!,source_541,source_541,True,Company_A,content_editor_04,Sports_Live,English,debate,reels,Instagram,,True,2025-05-19 00:00:00.000000,27.89,17.8,70.0,59.0,Notifications,9.06,315292.0,2055.0,4847.0,796.0,631.46,my_key_moments,2025-05-19 03:01:07.822007,WS-SPORTS-LIVE
YT0026807,"- Fall Guys: 2 Beans, 0 Braincells",source_542,source_542,False,Company_A,content_editor_04,Sports_Live,English,discussion_show,,,,False,2025-05-20 00:00:00.000000,23.39,,,,,,,,,,,full_package,2025-05-20 03:58:54.254071,WS-SPORTS-LIVE
YT0003662,"- Squid Game? Nah, CRAB GAME is Where the REAL Chaos Is!",source_543,source_543,False,Company_A,content_editor_04,Sports_Live,English,interview,,,,False,2025-05-21 00:00:00.000000,53.57,,,,,,,,,,,key_moments,2025-05-21 02:38:14.328638,WS-SPORTS-LIVE
YT0025315,"- Fall Guys, But Viewers CHOOSE My Suffering!",source_544,source_544,False,Company_A,content_editor_04,Sports_Live,English,discussion_show,,,,False,2025-05-21 00:00:00.000000,55.44,,,,,,,,,,,full_package,2025-05-21 05:12:52.140638,WS-SPORTS-LIVE
IG0003662,"- Squid Game? Nah, CRAB GAME is Where the REAL Chaos Is!",source_543,source_543,False,Company_A,content_editor_04,Sports_Live,English,interview,,,,False,2025-05-21 00:00:00.000000,53.57,,,,,,,,,,,summary,2025-05-21 05:46:03.142496,WS-SPORTS-LIVE
IG0025315,"- Fall Guys, But Viewers CHOOSE My Suffering!",source_544,source_544,False,Company_A,content_editor_04,Sports_Live,English,discussion_show,,,,False,2025-05-21 00:00:00.000000,55.44,,,,,,,,,,,full_package,2025-05-21 22:44:51.361203,WS-SPORTS-LIVE
YT0007882,- Elden Ring: Level 1 Invader DESTROYS Noobs! (OP Build?),source_545,source_545,True,Company_A,content_editor_04,Sports_Live,English,discussion_show,shorts,Youtube,,True,2025-05-23 00:00:00.000000,18.09,9.3,58.25,159.0,Channel Page,18.61,1307961.0,31271.0,1031.0,2172.0,653.9805,full_package,2025-05-23 04:59:49.355648,WS-SPORTS-LIVE
YT0018834,- I Invaded Elden Ring at Level 1... Things Got Weird,source_545,source_545,True,Company_A,content_editor_04,Sports_Live,English,discussion_show,shorts,Youtube,,True,2025-05-23 00:00:00.000000,44.08,26.6,65.68,112.0,Shorts Feed,0.29,1812692.0,9342.0,3915.0,1627.0,9617.338166666666,chapters,2025-05-23 00:51:58.755619,WS-SPORTS-LIVE
YT0029360,- Elden Ring PvP: Am I a Bully? (Low Level Invasion Experiment),source_545,source_545,False,Company_A,content_editor_04,Sports_Live,English,discussion_show,,,,False,2025-05-23 00:00:00.000000,52.33,,,,,,,,,,,chapters,2025-05-23 10:08:32.091192,WS-SPORTS-LIVE
YT0024489,- Fall Guys CHAOS: Chat Controls EVERYTHING! 👑😂 (We Tried To Win...),source_546,source_546,True,Company_A,content_editor_04,Sports_Live,English,press_conference,shorts,Youtube,,True,2025-05-23 00:00:00.000000,61.33,47.46666666666667,86.27,130.0,Shorts Feed,29.76,1712306.0,22709.0,7317.0,2040.0,19009.7675,key_moments,2025-05-23 03:23:52.932415,WS-SPORTS-LIVE
IG0007882,- Elden Ring: Level 1 Invader DESTROYS Noobs! (OP Build?),source_545,source_545,False,Company_A,content_editor_04,Sports_Live,English,debate,,,,False,2025-05-23 00:00:00.000000,18.09,,,,,,,,,,,key_moments,2025-05-23 20:00:07.371587,WS-SPORTS-LIVE
IG0018834,- I Invaded Elden Ring at Level 1... Things Got Weird,source_545,source_545,True,Company_A,content_editor_04,Sports_Live,English,discussion_show,reels,Instagram,,True,2025-05-23 00:00:00.000000,44.08,26.6,58.0,37.0,Shorts Feed,0.29,1053320.0,4938.0,2859.0,1393.0,3241.3,full_package,2025-05-23 12:58:30.443470,WS-SPORTS-LIVE
IG0024489,- Fall Guys CHAOS: Chat Controls EVERYTHING! 👑😂 (We Tried To Win...),source_546,source_546,False,Company_A,content_editor_04,Sports_Live,English,discussion_show,,,,False,2025-05-23 00:00:00.000000,61.33,,,,,,,,,,,my_key_moments,2025-05-23 02:40:12.019048,WS-SPORTS-LIVE
YT0005566,Squad Goals or Slime Fails? Fall Guys Crown Royale Challenge!,source_547,source_547,False,Company_A,content_editor_04,Sports_Live,English,interview,,,,False,2025-05-25 00:00:00.000000,21.32,,,,,,,,,,,summary,2025-05-25 07:07:35.306561,WS-SPORTS-LIVE
YT0027846,Fall Guys CHAOS: Can We Actually Win as a Full Squad?,source_547,source_547,False,Company_A,content_editor_04,Sports_Live,English,interview,,,,False,2025-05-25 00:00:00.000000,54.4,,,,,,,,,,,key_moments,2025-05-25 02:29:13.675231,WS-SPORTS-LIVE
IG0005566,Squad Goals or Slime Fails? Fall Guys Crown Royale Challenge!,source_547,source_547,False,Company_A,content_editor_04,Sports_Live,English,debate,,,,False,2025-05-25 00:00:00.000000,21.32,,,,,,,,,,,key_moments,2025-05-25 04:00:31.031709,WS-SPORTS-LIVE
IG0027846,Fall Guys CHAOS: Can We Actually Win as a Full Squad?,source_547,source_547,False,Company_A,content_editor_04,Sports_Live,English,interview,,,,False,2025-05-25 00:00:00.000000,54.4,,,,,,,,,,,key_moments,2025-05-25 06:52:09.974690,WS-SPORTS-LIVE
YT0008932,"- Fall Guys, But We Can Only Use Our FEET!",source_548,source_548,False,Company_A,content_editor_04,Sports_Live,English,debate,,,,False,2025-05-26 00:00:00.000000,29.67,,,,,,,,,,,chapters,2025-05-26 09:44:39.901913,WS-SPORTS-LIVE
YT0018650,- Foot-Controlled Fall Guys Mayhem! (Unbelievable Ending),source_548,source_548,False,Company_A,content_editor_04,Sports_Live,English,debate,,,,False,2025-05-27 00:00:00.000000,71.35,,,,,,,,,,,full_package,2025-05-27 08:11:10.591556,WS-SPORTS-LIVE
IG0018650,- Foot-Controlled Fall Guys Mayhem! (Unbelievable Ending),source_548,source_548,True,Company_A,content_editor_04,Sports_Live,English,discussion_show,reels,Instagram,,True,2025-05-27 00:00:00.000000,71.35,35.93333333333334,46.0,74.0,Channel Page,2.35,515176.0,16378.0,2438.0,1961.0,1871.71,summary,2025-05-27 04:14:50.319445,WS-SPORTS-LIVE
YT0017213,Fall Guys: Random Duos = Instant Regret?!,source_549,source_549,True,Company_A,content_editor_04,Sports_Live,English,interview,shorts,Youtube,,True,2025-05-28 00:00:00.000000,63.04,30.466666666666665,47.81,83.0,Notifications,26.87,427983.0,9144.0,878.0,798.0,2730.373,key_moments,2025-05-29 05:10:00.732534,WS-SPORTS-LIVE
YT0000407,Fall Guys CHAOS: I Played Duos with a TOTAL Stranger!,source_549,source_549,False,Company_A,content_editor_04,Sports_Live,English,press_conference,,,,False,2025-05-28 00:00:00.000000,41.6,,,,,,,,,,,summary,2025-05-28 02:59:13.291367,WS-SPORTS-LIVE
IG0017213,Fall Guys: Random Duos = Instant Regret?!,source_549,source_549,False,Company_A,content_editor_04,Sports_Live,English,debate,,,,False,2025-05-28 00:00:00.000000,63.04,,,,,,,,,,,chapters,2025-05-28 01:06:20.739879,WS-SPORTS-LIVE
IG0000407,Fall Guys CHAOS: I Played Duos with a TOTAL Stranger!,source_549,source_549,False,Company_A,content_editor_04,Sports_Live,English,discussion_show,,,,False,2025-05-28 00:00:00.000000,41.6,,,,,,,,,,,key_moments,2025-05-28 01:17:23.501756,WS-SPORTS-LIVE
YT0000688,"- Fall Guys, But I Only Have ONE HAND!",source_550,source_550,True,Company_A,content_editor_04,Sports_Live,English,interview,shorts,Youtube,,True,2025-05-31 00:00:00.000000,36.58,12.25,22.01,198.0,Shorts Feed,19.67,1096361.0,11960.0,5448.0,95.0,1446.5875,my_key_moments,2025-05-31 13:00:25.802697,WS-SPORTS-LIVE
YT0017775,"- One Hand, Zero Wins? Fall Guys Challenge!",source_550,source_550,False,Company_A,content_editor_04,Sports_Live,English,debate,,,,False,2025-05-31 00:00:00.000000,26.58,,,,,,,,,,,full_package,2025-05-31 03:45:43.488397,WS-SPORTS-LIVE
IG0000688,"- Fall Guys, But I Only Have ONE HAND!",source_550,source_550,False,Company_A,content_editor_04,Sports_Live,English,interview,,,,False,2025-05-31 00:00:00.000000,36.58,,,,,,,,,,,key_moments,2025-05-31 04:32:34.027627,WS-SPORTS-LIVE
YT0012366,- Fall Guys: The HARDEST Way to Play!,source_550,source_550,False,Company_A,content_editor_04,Sports_Live,English,discussion_show,,,,False,2025-06-01 00:00:00.000000,70.2,,,,,,,,,,,key_moments,2025-06-01 02:35:29.758242,WS-SPORTS-LIVE
YT0018892,- Elden Ring...But I Can ONLY Use a Dance Pad?!,source_551,source_551,True,Company_A,content_editor_04,Sports_Live,English,debate,shorts,Youtube,,True,2025-06-01 00:00:00.000000,18.13,10.25,87.86,209.0,Notifications,0.29,965421.0,27241.0,7211.0,2589.0,737.4743333333333,my_key_moments,2025-06-01 02:47:04.842107,WS-SPORTS-LIVE
IG0012366,- Fall Guys: The HARDEST Way to Play!,source_550,source_550,False,Company_A,content_editor_04,Sports_Live,English,press_conference,,,,False,2025-06-01 00:00:00.000000,70.2,,,,,,,,,,,summary,2025-06-01 02:07:51.801913,WS-SPORTS-LIVE
YT0019505,- Dance Pad Tarnished: Elden Ring's Funniest Fail,source_551,source_551,True,Company_A,content_editor_04,Sports_Live,English,debate,shorts,Youtube,,True,2025-06-02 00:00:00.000000,41.27,23.2,59.76,197.0,Browse,15.44,726597.0,28469.0,6607.0,1409.0,3168.7703333333334,chapters,2025-06-02 05:49:52.156275,WS-SPORTS-LIVE
YT0012487,- I Tried to Beat Elden Ring With My FEET!,source_551,source_551,True,Company_A,content_editor_04,Sports_Live,English,debate,shorts,Youtube,,True,2025-06-02 00:00:00.000000,43.28,17.883333333333333,36.72,105.0,Search,22.3,1241132.0,27319.0,265.0,1830.0,3579.7465,chapters,2025-06-02 03:42:00.767353,WS-SPORTS-LIVE
YT0008486,- Elden Ring Glitches: We Broke The Lands Between!,source_552,source_552,False,Company_A,content_editor_04,Sports_Live,English,interview,,,,False,2025-06-02 00:00:00.000000,21.62,,,,,,,,,,,key_moments,2025-06-02 05:39:53.832135,WS-SPORTS-LIVE
IG0019505,- Dance Pad Tarnished: Elden Ring's Funniest Fail,source_551,source_551,False,Company_A,content_editor_04,Sports_Live,English,discussion_show,,,,False,2025-06-02 00:00:00.000000,41.27,,,,,,,,,,,full_package,2025-06-02 05:14:52.762549,WS-SPORTS-LIVE
IG0012487,- I Tried to Beat Elden Ring With My FEET!,source_551,source_551,False,Company_A,content_editor_04,Sports_Live,English,debate,,,,False,2025-06-02 00:00:00.000000,43.28,,,,,,,,,,,my_key_moments,2025-06-02 02:50:42.289921,WS-SPORTS-LIVE
IG0008486,- Elden Ring Glitches: We Broke The Lands Between!,source_552,source_552,False,Company_A,content_editor_04,Sports_Live,English,debate,,,,False,2025-06-02 00:00:00.000000,21.62,,,,,,,,,,,key_moments,2025-06-02 01:14:42.781419,WS-SPORTS-LIVE
YT0016478,"- Elden Ring's WILDEST Glitches! (Wall Clipping, Boss Fails & More!)",source_552,source_552,False,Company_A,content_editor_04,Sports_Live,English,interview,,,,False,2025-06-03 00:00:00.000000,67.44,,,,,,,,,,,full_package,2025-06-03 01:09:41.159205,WS-SPORTS-LIVE
IG0016478,"- Elden Ring's WILDEST Glitches! (Wall Clipping, Boss Fails & More!)",source_552,source_552,False,Company_A,content_editor_04,Sports_Live,English,interview,,,,False,2025-06-03 00:00:00.000000,67.44,,,,,,,,,,,key_moments,2025-06-04 21:02:34.483053,WS-SPORTS-LIVE
YT0016106,"- Fall Guys, ONE HAND?! This is Madness!",source_553,source_553,True,Company_A,content_editor_04,Sports_Live,English,interview,shorts,Youtube,,True,2025-06-04 00:00:00.000000,38.89,19.98333333333333,52.25,119.0,Shorts Feed,16.5,290218.0,31.0,2791.0,2553.0,1006.3578333333334,key_moments,2025-06-04 13:03:02.113344,WS-SPORTS-LIVE
YT0005907,"- One Hand, Zero Grip: Fall Guys Fails!",source_553,source_553,False,Company_A,content_editor_04,Sports_Live,English,press_conference,,,,False,2025-06-04 00:00:00.000000,59.53,,,,,,,,,,,summary,2025-06-04 11:41:11.656013,WS-SPORTS-LIVE
YT0008654,- Crown or Crash? Fall Guys Single-Handed Challenge!,source_553,source_553,True,Company_A,content_editor_04,Sports_Live,English,debate,shorts,Youtube,,True,2025-06-04 00:00:00.000000,67.8,17.0,17.99,140.0,Playlist,15.11,286810.0,30589.0,408.0,238.0,756.8596666666667,my_key_moments,2025-06-04 02:19:54.214856,WS-SPORTS-LIVE
IG0016106,"- Fall Guys, ONE HAND?! This is Madness!",source_553,source_553,False,Company_A,content_editor_04,Sports_Live,English,interview,,,,False,2025-06-04 00:00:00.000000,38.89,,,,,,,,,,,key_moments,2025-06-04 04:01:49.969916,WS-SPORTS-LIVE
IG0005907,"- One Hand, Zero Grip: Fall Guys Fails!",source_553,source_553,True,Company_A,content_editor_04,Sports_Live,English,press_conference,reels,Instagram,,True,2025-06-04 00:00:00.000000,59.53,26.883333333333333,41.0,21.0,Channel Page,11.8,543345.0,18952.0,1038.0,921.0,1199.46,summary,2025-06-04 02:05:00.262146,WS-SPORTS-LIVE
IG0008654,- Crown or Crash? Fall Guys Single-Handed Challenge!,source_553,source_553,True,Company_A,content_editor_04,Sports_Live,English,interview,reels,Instagram,,True,2025-06-04 00:00:00.000000,67.8,17.0,16.0,77.0,Playlist,15.11,118287.0,17041.0,222.0,178.0,49.94,chapters,2025-06-04 01:24:00.788561,WS-SPORTS-LIVE
YT0018610,- Cities: Skylines 2 - Million Population Speedrun (Chaos Edition!),source_554,source_554,False,Company_A,content_editor_04,Sports_Live,English,debate,,,,False,2025-06-08 00:00:00.000000,64.53999999999999,,,,,,,,,,,key_moments,2025-06-08 02:29:50.867953,WS-SPORTS-LIVE
YT0001882,- Elden Ring Invasions: Embrace the CHAOS!,source_555,source_555,False,Company_A,content_editor_04,Sports_Live,English,discussion_show,,,,False,2025-06-08 00:00:00.000000,36.68,,,,,,,,,,,full_package,2025-06-08 11:33:23.162139,WS-SPORTS-LIVE
IG0018610,- Cities: Skylines 2 - Million Population Speedrun (Chaos Edition!),source_554,source_554,False,Company_A,content_editor_04,Sports_Live,English,press_conference,,,,False,2025-06-08 00:00:00.000000,64.53999999999999,,,,,,,,,,,chapters,2025-06-08 07:50:14.174687,WS-SPORTS-LIVE
IG0001882,- Elden Ring Invasions: Embrace the CHAOS!,source_555,source_555,True,Company_A,content_editor_04,Sports_Live,English,discussion_show,reels,Instagram,,True,2025-06-08 00:00:00.000000,36.68,25.25,77.0,15.0,Shorts Feed,21.61,638271.0,15168.0,1823.0,1196.0,2423.21,key_moments,2025-06-08 01:50:27.249128,WS-SPORTS-LIVE
YT0016700,"Crab Game: Squid Game's Hilarious, Chaotic Cousin",source_557,source_557,True,Company_A,content_editor_04,Sports_Live,English,debate,shorts,Youtube,,True,2025-06-11 00:00:00.000000,28.78,20.083333333333336,91.32,180.0,Browse,2.87,513517.0,17605.0,2774.0,1275.0,1794.9321666666665,key_moments,2025-06-11 03:06:33.971410,WS-SPORTS-LIVE
YT0008860,- I Let a Random Bean Control My Fall Guys Game... Chaos Ensued!,source_556,source_556,False,Company_A,content_editor_04,Sports_Live,English,press_conference,,,,False,2025-06-11 00:00:00.000000,46.85,,,,,,,,,,,my_key_moments,2025-06-11 07:17:00.111849,WS-SPORTS-LIVE
YT0005073,- Themed Invasions: Elden Ring PvP Gone WILD!,source_555,source_555,True,Company_A,content_editor_04,Sports_Live,English,interview,shorts,Youtube,,True,2025-06-11 00:00:00.000000,57.47,44.36666666666667,86.81,194.0,Shorts Feed,29.11,407964.0,8892.0,7080.0,515.0,4177.8535,key_moments,2025-06-11 02:31:59.829333,WS-SPORTS-LIVE
YT0016549,"- Fall Guys, But I Have To Copy The Player In Front Of Me!",source_556,source_556,False,Company_A,content_editor_04,Sports_Live,English,press_conference,,,,False,2025-06-11 00:00:00.000000,70.4,,,,,,,,,,,key_moments,2025-06-11 04:15:46.649897,WS-SPORTS-LIVE
YT0007138,- Elden Ring: 5 Insane Invasion Builds You NEED to See!,source_555,source_555,False,Company_A,content_editor_04,Sports_Live,English,press_conference,,,,False,2025-06-11 00:00:00.000000,65.59,,,,,,,,,,,my_key_moments,2025-06-11 05:30:59.970322,WS-SPORTS-LIVE
IG0008860,- I Let a Random Bean Control My Fall Guys Game... Chaos Ensued!,source_556,source_556,False,Company_A,content_editor_04,Sports_Live,English,press_conference,,,,False,2025-06-11 00:00:00.000000,46.85,,,,,,,,,,,chapters,2025-06-11 05:28:07.278152,WS-SPORTS-LIVE
IG0005073,- Themed Invasions: Elden Ring PvP Gone WILD!,source_555,source_555,False,Company_A,content_editor_04,Sports_Live,English,interview,,,,False,2025-06-11 00:00:00.000000,57.47,,,,,,,,,,,chapters,2025-06-11 04:54:06.625031,WS-SPORTS-LIVE
YT0005658,Crab Game BROKE Us (Friendships Ruined!),source_557,source_557,False,Company_A,content_editor_04,Sports_Live,English,interview,,,,False,2025-06-13 00:00:00.000000,60.22,,,,,,,,,,,chapters,2025-06-13 02:22:15.811814,WS-SPORTS-LIVE
YT0014950,We Tried Crab Game... And Failed Hilariously,source_557,source_557,True,Company_A,content_editor_04,Sports_Live,English,discussion_show,shorts,Youtube,,True,2025-06-13 00:00:00.000000,59.37,16.616666666666667,20.55,152.0,Suggested,18.72,1969210.0,3056.0,2421.0,2722.0,4986.842000000001,my_key_moments,2025-06-13 02:34:26.896525,WS-SPORTS-LIVE
IG0005658,Crab Game BROKE Us (Friendships Ruined!),source_557,source_557,False,Company_A,content_editor_04,Sports_Live,English,debate,,,,False,2025-06-13 00:00:00.000000,60.22,,,,,,,,,,,full_package,2025-06-13 01:36:54.229793,WS-SPORTS-LIVE
IG0014950,We Tried Crab Game... And Failed Hilariously,source_557,source_557,False,Company_A,content_editor_04,Sports_Live,English,debate,,,,False,2025-06-13 00:00:00.000000,59.37,,,,,,,,,,,full_package,2025-06-13 01:08:49.510726,WS-SPORTS-LIVE
YT0006074,"- Fall Guys, One Hand: Prepare to Rage",source_558,source_558,False,Company_A,content_editor_04,Sports_Live,English,press_conference,,,,False,2025-06-14 00:00:00.000000,69.99000000000001,,,,,,,,,,,full_package,2025-06-14 03:38:56.954503,WS-SPORTS-LIVE
IG0006074,"- Fall Guys, One Hand: Prepare to Rage",source_558,source_558,False,Company_A,content_editor_04,Sports_Live,English,discussion_show,,,,False,2025-06-14 00:00:00.000000,69.99000000000001,,,,,,,,,,,full_package,2025-06-14 07:41:06.876357,WS-SPORTS-LIVE
YT0008568,- One-Handed Fall Guys is a Disaster,source_558,source_558,False,Company_A,content_editor_04,Sports_Live,English,debate,,,,False,2025-06-16 00:00:00.000000,62.1,,,,,,,,,,,full_package,2025-06-16 01:19:33.130081,WS-SPORTS-LIVE
YT0017301,"- Fall Guys: One Hand, Zero Skill",source_558,source_558,False,Company_A,content_editor_04,Sports_Live,English,debate,,,,False,2025-06-19 00:00:00.000000,43.89,,,,,,,,,,,key_moments,2025-06-19 04:58:34.434811,WS-SPORTS-LIVE
IG0017301,"- Fall Guys: One Hand, Zero Skill",source_558,source_558,False,Company_A,content_editor_04,Sports_Live,English,interview,,,,False,2025-06-19 00:00:00.000000,43.89,,,,,,,,,,,chapters,2025-06-19 07:29:35.611426,WS-SPORTS-LIVE
YT0014995,- I Tried Only Up! So You Don't Have To,source_559,source_559,False,Company_A,content_editor_04,Sports_Live,English,interview,,,,False,2025-06-21 00:00:00.000000,19.05,,,,,,,,,,,chapters,2025-06-21 00:55:12.957157,WS-SPORTS-LIVE
YT0003731,- Only Up! Almost Made Me Rage Quit,source_559,source_559,True,Company_A,content_editor_04,Sports_Live,English,interview,shorts,Youtube,,True,2025-06-21 00:00:00.000000,29.7,13.883333333333333,43.42,238.0,Browse,4.66,892545.0,34283.0,4257.0,906.0,1582.6145,key_moments,2025-06-21 03:13:17.195788,WS-SPORTS-LIVE
IG0014995,- I Tried Only Up! So You Don't Have To,source_559,source_559,True,Company_A,content_editor_04,Sports_Live,English,press_conference,reels,Instagram,,True,2025-06-21 00:00:00.000000,19.05,9.216666666666669,39.0,72.0,Channel Page,27.07,1102208.0,4890.0,2740.0,333.0,204.98,summary,2025-06-21 14:55:42.083205,WS-SPORTS-LIVE
IG0003731,- Only Up! Almost Made Me Rage Quit,source_559,source_559,False,Company_A,content_editor_04,Sports_Live,English,discussion_show,,,,False,2025-06-21 00:00:00.000000,29.7,,,,,,,,,,,full_package,2025-06-21 06:13:13.730265,WS-SPORTS-LIVE
YT0029497,- Beating Only Up! (My Sanity Is Gone),source_559,source_559,False,Company_A,content_editor_04,Sports_Live,English,debate,,,,False,2025-06-23 00:00:00.000000,47.99,,,,,,,,,,,key_moments,2025-06-23 00:53:44.772765,WS-SPORTS-LIVE
IG0029497,- Beating Only Up! (My Sanity Is Gone),source_559,source_559,False,Company_A,content_editor_04,Sports_Live,English,debate,,,,False,2025-06-23 00:00:00.000000,47.99,,,,,,,,,,,key_moments,2025-06-23 06:46:23.331815,WS-SPORTS-LIVE
YT0013761,- Elden Ring... on a DANCE PAD?! 💀,source_560,source_560,True,Company_A,content_editor_04,Sports_Live,English,discussion_show,shorts,Youtube,,True,2025-06-27 00:00:00.000000,40.82,20.833333333333336,51.64,26.0,Browse,27.62,1117966.0,21306.0,5408.0,1763.0,4140.614833333334,key_moments,2025-06-27 02:11:57.209210,WS-SPORTS-LIVE
IG0013761,- Elden Ring... on a DANCE PAD?! 💀,source_560,source_560,False,Company_A,content_editor_04,Sports_Live,English,press_conference,,,,False,2025-06-27 00:00:00.000000,40.82,,,,,,,,,,,key_moments,2025-06-27 06:57:14.972584,WS-SPORTS-LIVE
YT0013870,- I Tried to Beat Elden Ring With My FEET!,source_560,source_560,True,Company_A,content_editor_04,Sports_Live,English,press_conference,shorts,Youtube,,True,2025-06-28 00:00:00.000000,34.92,22.21666666666667,73.88,43.0,Playlist,0.1,243994.0,34015.0,6036.0,109.0,997.4385,full_package,2025-06-28 02:18:10.935365,WS-SPORTS-LIVE
IG0013870,- I Tried to Beat Elden Ring With My FEET!,source_560,source_560,True,Company_A,content_editor_04,Sports_Live,English,debate,reels,Instagram,,True,2025-06-28 00:00:00.000000,34.92,22.21666666666667,64.0,16.0,Playlist,0.1,120418.0,23283.0,4029.0,105.0,315.05,key_moments,2025-06-28 03:50:01.844616,WS-SPORTS-LIVE
YT0014567,- Dance Pad DESTROYS Elden Ring (Hilarious Fail),source_560,source_560,False,Company_A,content_editor_04,Sports_Live,English,press_conference,,,,False,2025-06-29 00:00:00.000000,44.13,,,,,,,,,,,key_moments,2025-06-29 02:36:07.010468,WS-SPORTS-LIVE
YT0018517,- Fall Guys...But I Only Use My FEET!,source_561,source_561,True,Company_A,content_editor_04,Sports_Live,English,debate,shorts,Youtube,,True,2025-06-29 00:00:00.000000,37.75,25.266666666666666,78.1,230.0,Browse,16.77,565245.0,16350.0,6432.0,91.0,2789.588833333333,chapters,2025-06-29 04:00:36.422952,WS-SPORTS-LIVE
IG0014567,- Dance Pad DESTROYS Elden Ring (Hilarious Fail),source_560,source_560,True,Company_A,content_editor_04,Sports_Live,English,debate,reels,Instagram,,True,2025-06-29 00:00:00.000000,44.13,23.966666666666665,54.0,71.0,Playlist,23.02,803577.0,20237.0,1550.0,927.0,1984.84,key_moments,2025-06-29 02:32:26.799781,WS-SPORTS-LIVE
IG0018517,- Fall Guys...But I Only Use My FEET!,source_561,source_561,False,Company_A,content_editor_04,Sports_Live,English,press_conference,,,,False,2025-06-29 00:00:00.000000,37.75,,,,,,,,,,,key_moments,2025-06-29 03:20:41.964769,WS-SPORTS-LIVE
YT0017177,- I Tried Winning Fall Guys With My Feet (and it was a DISASTER!),source_561,source_561,False,Company_A,content_editor_04,Sports_Live,English,debate,,,,False,2025-07-01 00:00:00.000000,26.84,,,,,,,,,,,chapters,2025-07-01 01:33:42.318931,WS-SPORTS-LIVE
IG0017177,- I Tried Winning Fall Guys With My Feet (and it was a DISASTER!),source_561,source_561,False,Company_A,content_editor_04,Sports_Live,English,debate,,,,False,2025-07-01 00:00:00.000000,26.84,,,,,,,,,,,full_package,2025-07-01 05:55:22.351376,WS-SPORTS-LIVE
YT0019534,- Fall Guys... But I Can Only Use a DANCE PAD?! (Chaos Ensues),source_562,source_562,False,Company_A,content_editor_04,Sports_Live,English,debate,,,,False,2025-07-03 00:00:00.000000,28.83,,,,,,,,,,,chapters,2025-07-03 04:36:07.722478,WS-SPORTS-LIVE
IG0019534,- Fall Guys... But I Can Only Use a DANCE PAD?! (Chaos Ensues),source_562,source_562,True,Company_A,content_editor_04,Sports_Live,English,debate,reels,Instagram,,True,2025-07-03 00:00:00.000000,28.83,18.23333333333333,76.0,52.0,Channel Page,14.19,501376.0,24658.0,1983.0,111.0,1136.08,chapters,2025-07-03 01:05:51.133372,WS-SPORTS-LIVE
YT0015748,- Cities: Skylines 2 - The ULTIMATE Chaos City Challenge!,source_563,source_563,False,Company_A,content_editor_04,Sports_Live,English,debate,,,,False,2025-07-05 00:00:00.000000,47.39,,,,,,,,,,,my_key_moments,2025-07-05 08:51:06.698640,WS-SPORTS-LIVE
IG0015748,- Cities: Skylines 2 - The ULTIMATE Chaos City Challenge!,source_563,source_563,False,Company_A,content_editor_04,Sports_Live,English,discussion_show,,,,False,2025-07-05 00:00:00.000000,47.39,,,,,,,,,,,key_moments,2025-07-05 03:28:25.866308,WS-SPORTS-LIVE
YT0024818,- Cities: Skylines 2 - Traffic Armageddon & Trash Avalanches!,source_563,source_563,False,Company_A,content_editor_04,Sports_Live,English,debate,,,,False,2025-07-08 00:00:00.000000,43.09,,,,,,,,,,,chapters,2025-07-08 04:33:09.454727,WS-SPORTS-LIVE
YT0026330,- Cities: Skylines 2 - I Built the World's WORST Highway Interchange!,source_564,source_564,True,Company_A,content_editor_04,Sports_Live,English,interview,shorts,Youtube,,True,2025-07-08 00:00:00.000000,34.68,22.21666666666667,74.78,190.0,Channel Page,11.61,704834.0,17800.0,7346.0,2948.0,2881.335333333333,full_package,2025-07-08 07:22:25.959305,WS-SPORTS-LIVE
YT0021208,"- Fall Guys, But We Only Use Our FEET!",source_565,source_565,False,Company_A,content_editor_04,Sports_Live,English,press_conference,,,,False,2025-07-08 00:00:00.000000,58.27,,,,,,,,,,,key_moments,2025-07-08 05:12:04.297284,WS-SPORTS-LIVE
IG0024818,- Cities: Skylines 2 - Traffic Armageddon & Trash Avalanches!,source_563,source_563,False,Company_A,content_editor_04,Sports_Live,English,debate,,,,False,2025-07-08 00:00:00.000000,43.09,,,,,,,,,,,my_key_moments,2025-07-08 10:09:35.943151,WS-SPORTS-LIVE
IG0026330,- Cities: Skylines 2 - I Built the World's WORST Highway Interchange!,source_564,source_564,False,Company_A,content_editor_04,Sports_Live,English,press_conference,,,,False,2025-07-08 00:00:00.000000,34.68,,,,,,,,,,,summary,2025-07-08 03:09:48.360087,WS-SPORTS-LIVE
IG0021208,"- Fall Guys, But We Only Use Our FEET!",source_565,source_565,False,Company_A,content_editor_04,Sports_Live,English,interview,,,,False,2025-07-08 00:00:00.000000,58.27,,,,,,,,,,,summary,2025-07-08 09:09:02.766774,WS-SPORTS-LIVE
YT0001796,- Beating Fall Guys With ONLY Feet?! (IMPOSSIBLE),source_565,source_565,False,Company_A,content_editor_04,Sports_Live,English,debate,,,,False,2025-07-09 00:00:00.000000,31.22,,,,,,,,,,,full_package,2025-07-09 04:24:48.060272,WS-SPORTS-LIVE
YT0017489,- Foot Controlled Fall Guys Mayhem!,source_565,source_565,True,Company_A,content_editor_04,Sports_Live,English,debate,shorts,Youtube,,True,2025-07-09 00:00:00.000000,23.8,13.4,67.05,180.0,Suggested,11.79,1731886.0,15062.0,6236.0,2606.0,2838.3686666666667,full_package,2025-07-09 06:00:13.863688,WS-SPORTS-LIVE
IG0001796,- Beating Fall Guys With ONLY Feet?! (IMPOSSIBLE),source_565,source_565,False,Company_A,content_editor_04,Sports_Live,English,press_conference,,,,False,2025-07-09 00:00:00.000000,31.22,,,,,,,,,,,key_moments,2025-07-09 05:31:28.298522,WS-SPORTS-LIVE
IG0017489,- Foot Controlled Fall Guys Mayhem!,source_565,source_565,True,Company_A,content_editor_04,Sports_Live,English,interview,reels,Instagram,,True,2025-07-09 00:00:00.000000,23.8,13.4,58.0,56.0,Suggested,11.79,1094233.0,8892.0,4165.0,1858.0,1040.13,summary,2025-07-09 10:47:34.055764,WS-SPORTS-LIVE
YT0001193,- Cities: Skylines 2 - From Dream City to Disaster in 25 Minutes,source_566,source_566,False,Company_A,content_editor_04,Sports_Live,English,press_conference,,,,False,2025-07-11 00:00:00.000000,23.02,,,,,,,,,,,summary,2025-07-11 07:07:25.243233,WS-SPORTS-LIVE
IG0001193,- Cities: Skylines 2 - From Dream City to Disaster in 25 Minutes,source_566,source_566,False,Company_A,content_editor_04,Sports_Live,English,debate,,,,False,2025-07-11 00:00:00.000000,23.02,,,,,,,,,,,key_moments,2025-07-11 02:48:23.398196,WS-SPORTS-LIVE
YT0010654,- Elden Ring's WORST Merchant Invades! (Backpack Mayhem),source_567,source_567,False,Company_A,content_editor_04,Sports_Live,English,discussion_show,,,,False,2025-07-12 00:00:00.000000,20.28,,,,,,,,,,,key_moments,2025-07-12 02:23:41.116248,WS-SPORTS-LIVE
YT0028402,Fall Guys: Can I WIN Every Round?! (IMPOSSIBLE Challenge),source_568,source_568,False,Company_A,content_editor_04,Sports_Live,English,debate,,,,False,2025-07-12 00:00:00.000000,38.89,,,,,,,,,,,chapters,2025-07-12 03:50:38.089358,WS-SPORTS-LIVE
IG0010654,- Elden Ring's WORST Merchant Invades! (Backpack Mayhem),source_567,source_567,True,Company_A,content_editor_04,Sports_Live,English,interview,reels,Instagram,,True,2025-07-12 00:00:00.000000,20.28,10.166666666666666,49.0,16.0,Playlist,27.0,247336.0,17439.0,1005.0,2214.0,89.77,key_moments,2025-07-12 02:10:39.280473,WS-SPORTS-LIVE
IG0028402,Fall Guys: Can I WIN Every Round?! (IMPOSSIBLE Challenge),source_568,source_568,False,Company_A,content_editor_04,Sports_Live,English,debate,,,,False,2025-07-12 00:00:00.000000,38.89,,,,,,,,,,,full_package,2025-07-12 01:43:25.738606,WS-SPORTS-LIVE
YT0011186,- Only Up! Is Pure Torture (But I Can't Stop),source_569,source_569,False,Company_A,content_editor_04,Sports_Live,English,interview,,,,False,2025-07-13 00:00:00.000000,30.27,,,,,,,,,,,chapters,2025-07-13 00:43:44.226619,WS-SPORTS-LIVE
IG0011186,- Only Up! Is Pure Torture (But I Can't Stop),source_569,source_569,False,Company_A,content_editor_04,Sports_Live,English,debate,,,,False,2025-07-13 00:00:00.000000,30.27,,,,,,,,,,,key_moments,2025-07-13 01:09:29.591212,WS-SPORTS-LIVE
YT0015409,- I Lost My Sanity to This Viral Game... Only Up!,source_569,source_569,True,Company_A,content_editor_04,Sports_Live,English,discussion_show,shorts,Youtube,,True,2025-07-14 00:00:00.000000,49.56,19.166666666666664,33.76,17.0,Playlist,8.63,306585.0,8817.0,4095.0,174.0,993.5625,chapters,2025-07-14 19:34:55.811413,WS-SPORTS-LIVE
IG0015409,- I Lost My Sanity to This Viral Game... Only Up!,source_569,source_569,True,Company_A,content_editor_04,Sports_Live,English,debate,reels,Instagram,,True,2025-07-14 00:00:00.000000,49.56,19.166666666666664,34.0,7.0,Playlist,8.63,171561.0,6406.0,2868.0,155.0,189.03,key_moments,2025-07-14 02:21:56.692037,WS-SPORTS-LIVE
YT0027727,- Cities: Skylines 2 - NO CONNECTIONS! Can We Survive?,source_570,source_570,True,Company_A,content_editor_04,Sports_Live,English,interview,shorts,Youtube,,True,2025-07-15 00:00:00.000000,19.92,11.466666666666669,80.62,124.0,Notifications,7.1,334176.0,32823.0,6374.0,1116.0,368.2125,summary,2025-07-15 18:20:22.556345,WS-SPORTS-LIVE
YT0027303,- Isolated City Challenge! Cities: Skylines 2 Experiment,source_570,source_570,True,Company_A,content_editor_04,Sports_Live,English,interview,shorts,Youtube,,True,2025-07-15 00:00:00.000000,56.52,17.6,24.33,157.0,Notifications,1.5,672983.0,29982.0,4222.0,2609.0,1888.0911666666664,summary,2025-07-15 05:31:20.749217,WS-SPORTS-LIVE
IG0027727,- Cities: Skylines 2 - NO CONNECTIONS! Can We Survive?,source_570,source_570,True,Company_A,content_editor_04,Sports_Live,English,interview,reels,Instagram,,True,2025-07-15 00:00:00.000000,19.92,11.466666666666669,80.0,52.0,Notifications,7.1,193764.0,19284.0,3796.0,819.0,170.8,key_moments,2025-07-15 03:50:38.046471,WS-SPORTS-LIVE
IG0027303,- Isolated City Challenge! Cities: Skylines 2 Experiment,source_570,source_570,True,Company_A,content_editor_04,Sports_Live,English,interview,reels,Instagram,,True,2025-07-15 00:00:00.000000,56.52,17.6,21.0,48.0,Notifications,1.5,280771.0,21065.0,2596.0,1883.0,165.42,chapters,2025-07-15 01:12:15.097551,WS-SPORTS-LIVE
YT0018698,- Elden Ring... but I can ONLY use a Dance Pad?!,source_571,source_571,True,Company_A,content_editor_04,Sports_Live,English,discussion_show,shorts,Youtube,,True,2025-07-16 00:00:00.000000,33.82,20.383333333333333,68.46,20.0,Browse,26.07,947894.0,35151.0,6890.0,1654.0,3392.2318333333333,chapters,2025-07-16 04:00:53.886250,WS-SPORTS-LIVE
YT0004490,- I Tried to Beat Elden Ring With a DANCE PAD (and Regretted It),source_571,source_571,False,Company_A,content_editor_04,Sports_Live,English,interview,,,,False,2025-07-16 00:00:00.000000,41.19,,,,,,,,,,,my_key_moments,2025-07-16 18:10:29.630405,WS-SPORTS-LIVE
YT0024149,- Dance Pad vs. Elden Ring: The ULTIMATE Challenge,source_571,source_571,False,Company_A,content_editor_04,Sports_Live,English,press_conference,,,,False,2025-07-16 00:00:00.000000,29.04,,,,,,,,,,,summary,2025-07-16 13:54:25.773041,WS-SPORTS-LIVE
IG0018698,- Elden Ring... but I can ONLY use a Dance Pad?!,source_571,source_571,False,Company_A,content_editor_04,Sports_Live,English,interview,,,,False,2025-07-16 00:00:00.000000,33.82,,,,,,,,,,,chapters,2025-07-16 04:58:52.579257,WS-SPORTS-LIVE
IG0004490,- I Tried to Beat Elden Ring With a DANCE PAD (and Regretted It),source_571,source_571,True,Company_A,content_editor_04,Sports_Live,English,interview,reels,Instagram,,True,2025-07-16 00:00:00.000000,41.19,14.7,25.0,54.0,Notifications,2.16,655431.0,11152.0,3360.0,371.0,327.72,summary,2025-07-16 01:35:44.790900,WS-SPORTS-LIVE
IG0024149,- Dance Pad vs. Elden Ring: The ULTIMATE Challenge,source_571,source_571,False,Company_A,content_editor_04,Sports_Live,English,press_conference,,,,False,2025-07-16 00:00:00.000000,29.04,,,,,,,,,,,key_moments,2025-07-16 01:51:35.903560,WS-SPORTS-LIVE
YT0000518,- Golf With Your Friends IMPOSSIBLE MODE! 🤣,source_572,source_572,False,Company_A,content_editor_04,Sports_Live,English,interview,,,,False,2025-07-17 00:00:00.000000,18.68,,,,,,,,,,,chapters,2025-07-17 02:01:20.173773,WS-SPORTS-LIVE
IG0000518,- Golf With Your Friends IMPOSSIBLE MODE! 🤣,source_572,source_572,False,Company_A,content_editor_04,Sports_Live,English,debate,,,,False,2025-07-17 00:00:00.000000,18.68,,,,,,,,,,,key_moments,2025-07-17 11:07:14.923011,WS-SPORTS-LIVE
YT0018729,- We Broke Golf With Your Friends! (Custom Settings CHAOS),source_572,source_572,True,Company_A,content_editor_04,Sports_Live,English,press_conference,shorts,Youtube,,True,2025-07-18 00:00:00.000000,56.2,41.15,81.67,146.0,Playlist,14.71,1933999.0,20595.0,4692.0,1822.0,18077.5185,summary,2025-07-18 14:45:22.711861,WS-SPORTS-LIVE
YT0016061,- Cities: Skylines 2 - From Eco-Paradise to Epic Fail in 30 Minutes!,source_573,source_573,True,Company_A,content_editor_04,Sports_Live,English,press_conference,shorts,Youtube,,True,2025-07-18 00:00:00.000000,71.3,52.38333333333333,79.72,83.0,Notifications,13.25,1363893.0,34492.0,5856.0,1246.0,17004.462333333333,summary,2025-07-18 04:40:43.123533,WS-SPORTS-LIVE
IG0018729,- We Broke Golf With Your Friends! (Custom Settings CHAOS),source_572,source_572,True,Company_A,content_editor_04,Sports_Live,English,discussion_show,reels,Instagram,,True,2025-07-18 00:00:00.000000,56.2,41.15,71.0,46.0,Playlist,14.71,1122288.0,13322.0,3402.0,1595.0,7448.1,summary,2025-07-18 03:08:19.560805,WS-SPORTS-LIVE
IG0016061,- Cities: Skylines 2 - From Eco-Paradise to Epic Fail in 30 Minutes!,source_573,source_573,False,Company_A,content_editor_04,Sports_Live,English,interview,,,,False,2025-07-18 00:00:00.000000,71.3,,,,,,,,,,,key_moments,2025-07-18 13:48:29.526952,WS-SPORTS-LIVE
YT0001736,- Elden Ring...BUT I Can Only Play With a DDR Pad!,source_574,source_574,True,Company_A,content_editor_04,Sports_Live,English,discussion_show,shorts,Youtube,,True,2025-07-19 00:00:00.000000,66.28,20.916666666666664,26.16,233.0,Shorts Feed,23.99,373973.0,19431.0,6789.0,722.0,1393.742,key_moments,2025-07-19 01:49:42.202224,WS-SPORTS-LIVE
IG0001736,- Elden Ring...BUT I Can Only Play With a DDR Pad!,source_574,source_574,False,Company_A,content_editor_04,Sports_Live,English,press_conference,,,,False,2025-07-19 00:00:00.000000,66.28,,,,,,,,,,,full_package,2025-07-19 04:10:09.553054,WS-SPORTS-LIVE
YT0005951,- Fall Guys IMPOSSIBLE Challenge: Beating It Without JUMPING!,source_575,source_575,False,Company_A,content_editor_04,Sports_Live,English,press_conference,,,,False,2025-07-20 00:00:00.000000,65.27000000000001,,,,,,,,,,,full_package,2025-07-20 05:47:35.151795,WS-SPORTS-LIVE
YT0011834,"- Cities: Skylines 2 - Zero Planning, Max Chaos!",source_576,source_576,False,Company_A,content_editor_04,Sports_Live,English,interview,,,,False,2025-07-20 00:00:00.000000,38.72,,,,,,,,,,,chapters,2025-07-20 02:00:20.958648,WS-SPORTS-LIVE
IG0011834,"- Cities: Skylines 2 - Zero Planning, Max Chaos!",source_576,source_576,False,Company_A,content_editor_04,Sports_Live,English,debate,,,,False,2025-07-20 00:00:00.000000,38.72,,,,,,,,,,,chapters,2025-07-20 02:24:18.113251,WS-SPORTS-LIVE
YT0008218,- I Built a City with NO PLAN! (Cities: Skylines 2 Disaster),source_576,source_576,True,Company_A,content_editor_04,Sports_Live,English,debate,shorts,Youtube,,True,2025-07-21 00:00:00.000000,67.47,45.71666666666667,72.84,52.0,Playlist,26.68,202993.0,9937.0,591.0,1923.0,2154.921,key_moments,2025-07-21 02:15:35.507661,WS-SPORTS-LIVE
YT0007331,- Cities: Skylines 2 - Can a City Thrive on ONE ROAD?,source_577,source_577,False,Company_A,content_editor_04,Sports_Live,English,interview,,,,False,2025-07-21 00:00:00.000000,74.41,,,,,,,,,,,chapters,2025-07-21 12:25:28.446730,WS-SPORTS-LIVE
IG0007331,- Cities: Skylines 2 - Can a City Thrive on ONE ROAD?,source_577,source_577,False,Company_A,content_editor_04,Sports_Live,English,discussion_show,,,,False,2025-07-21 00:00:00.000000,74.41,,,,,,,,,,,key_moments,2025-07-21 18:30:01.162226,WS-SPORTS-LIVE
YT0010251,- Roundabout City: Skylines 2 Challenge!,source_577,source_577,True,Company_A,content_editor_04,Sports_Live,English,interview,shorts,Youtube,,True,2025-07-25 00:00:00.000000,74.4,13.833333333333332,10.66,84.0,Search,15.02,1865760.0,18827.0,5978.0,154.0,3282.3555,key_moments,2025-07-25 04:23:05.033287,WS-SPORTS-LIVE
IG0010251,- Roundabout City: Skylines 2 Challenge!,source_577,source_577,True,Company_A,content_editor_04,Sports_Live,English,debate,reels,Instagram,,True,2025-07-25 00:00:00.000000,74.4,13.833333333333332,9.0,28.0,Search,15.02,898645.0,10537.0,3267.0,146.0,142.29,my_key_moments,2025-07-25 03:13:39.135336,WS-SPORTS-LIVE
YT0017192,- Traffic Jam Simulator 2024 (Cities: Skylines 2),source_577,source_577,False,Company_A,content_editor_04,Sports_Live,English,interview,,,,False,2025-07-27 00:00:00.000000,36.17,,,,,,,,,,,full_package,2025-07-27 02:28:31.613793,WS-SPORTS-LIVE
YT0007637,- Fall Guys...With My FEET?! (Challenge Gone WRONG!),source_578,source_578,True,Company_A,content_editor_04,Sports_Live,English,debate,shorts,Youtube,,True,2025-07-27 00:00:00.000000,34.69,15.016666666666666,38.18,89.0,Playlist,0.54,120537.0,9732.0,3174.0,2019.0,251.6768333333333,key_moments,2025-07-27 04:00:20.131590,WS-SPORTS-LIVE
IG0017192,- Traffic Jam Simulator 2024 (Cities: Skylines 2),source_577,source_577,False,Company_A,content_editor_04,Sports_Live,English,interview,,,,False,2025-07-27 00:00:00.000000,36.17,,,,,,,,,,,key_moments,2025-07-27 02:34:32.479369,WS-SPORTS-LIVE
IG0007637,- Fall Guys...With My FEET?! (Challenge Gone WRONG!),source_578,source_578,False,Company_A,content_editor_04,Sports_Live,English,debate,,,,False,2025-07-27 00:00:00.000000,34.69,,,,,,,,,,,my_key_moments,2025-07-27 03:42:04.494228,WS-SPORTS-LIVE
YT0027065,- I Tried to Win Fall Guys With My Feet...You Won't Believe What Happened!,source_578,source_578,True,Company_A,content_editor_04,Sports_Live,English,interview,shorts,Youtube,,True,2025-07-28 00:00:00.000000,47.99,19.8,37.28,223.0,Browse,22.29,1328900.0,14780.0,3520.0,810.0,4540.408333333334,key_moments,2025-07-28 05:34:01.687214,WS-SPORTS-LIVE
IG0027065,- I Tried to Win Fall Guys With My Feet...You Won't Believe What Happened!,source_578,source_578,True,Company_A,content_editor_04,Sports_Live,English,press_conference,reels,Instagram,,True,2025-07-28 00:00:00.000000,47.99,19.8,33.0,69.0,Browse,22.29,549769.0,11073.0,1988.0,576.0,619.86,key_moments,2025-07-28 02:53:32.196426,WS-SPORTS-LIVE
YT0003265,- Crab Game is the Most Chaotic Game EVER!,source_579,source_579,True,Company_A,content_editor_04,Sports_Live,English,interview,shorts,Youtube,,True,2025-07-29 00:00:00.000000,45.97,20.4,41.65,192.0,Channel Page,26.98,1664311.0,8046.0,1266.0,1461.0,5963.781,key_moments,2025-07-29 03:26:13.508259,WS-SPORTS-LIVE
IG0003265,- Crab Game is the Most Chaotic Game EVER!,source_579,source_579,False,Company_A,content_editor_04,Sports_Live,English,debate,,,,False,2025-07-29 00:00:00.000000,45.97,,,,,,,,,,,key_moments,2025-07-29 03:26:54.493473,WS-SPORTS-LIVE
YT0015314,"- Squid Game? Nah, Crab Game is WAYYY Better!",source_579,source_579,False,Company_A,content_editor_04,Sports_Live,English,interview,,,,False,2025-07-30 00:00:00.000000,72.66,,,,,,,,,,,key_moments,2025-07-30 03:06:09.395113,WS-SPORTS-LIVE
IG0015314,"- Squid Game? Nah, Crab Game is WAYYY Better!",source_579,source_579,False,Company_A,content_editor_04,Sports_Live,English,interview,,,,False,2025-07-30 00:00:00.000000,72.66,,,,,,,,,,,my_key_moments,2025-07-30 02:48:35.510156,WS-SPORTS-LIVE
YT0002837,- We Survived Crab Game... Barely!,source_579,source_579,False,Company_A,content_editor_04,Sports_Live,English,interview,,,,False,2025-07-31 00:00:00.000000,25.96,,,,,,,,,,,key_moments,2025-07-31 07:21:35.780368,WS-SPORTS-LIVE
IG0002837,- We Survived Crab Game... Barely!,source_579,source_579,False,Company_A,content_editor_04,Sports_Live,English,interview,,,,False,2025-07-31 00:00:00.000000,25.96,,,,,,,,,,,chapters,2025-07-31 00:58:12.575338,WS-SPORTS-LIVE
YT0002478,- Elden Ring... But I Can Only Move With A Dance Pad?!,source_580,source_580,False,Company_A,content_editor_04,Sports_Live,English,interview,,,,False,2025-08-01 00:00:00.000000,73.27000000000001,,,,,,,,,,,full_package,2025-08-01 14:05:36.830859,WS-SPORTS-LIVE
YT0025396,- Fall Guys: Can I WIN Every Game Mode in a ROW?! (IMPOSSIBLE Challenge),source_581,source_581,False,Company_A,content_editor_04,Sports_Live,English,debate,,,,False,2025-08-01 00:00:00.000000,55.55,,,,,,,,,,,full_package,2025-08-01 04:27:29.084014,WS-SPORTS-LIVE
YT0025569,- Gaming's Worst Chefs: Kitchen Nightmares!,source_582,source_582,False,Company_A,content_editor_04,Sports_Live,English,discussion_show,,,,False,2025-08-01 00:00:00.000000,68.63,,,,,,,,,,,full_package,2025-08-01 06:30:58.719685,WS-SPORTS-LIVE
IG0002478,- Elden Ring... But I Can Only Move With A Dance Pad?!,source_580,source_580,True,Company_A,content_editor_04,Sports_Live,English,interview,reels,Instagram,,True,2025-08-01 00:00:00.000000,73.27000000000001,40.93333333333333,52.0,400.0,Browse,18.04,1194524.0,52430.0,3977.0,1324.0,5768.67,chapters,2025-08-01 07:08:40.553854,WS-SPORTS-LIVE
IG0025396,- Fall Guys: Can I WIN Every Game Mode in a ROW?! (IMPOSSIBLE Challenge),source_581,source_581,False,Company_A,content_editor_04,Sports_Live,English,debate,,,,False,2025-08-01 00:00:00.000000,55.55,,,,,,,,,,,full_package,2025-08-01 02:16:12.549190,WS-SPORTS-LIVE
IG0025569,- Gaming's Worst Chefs: Kitchen Nightmares!,source_582,source_582,True,Company_A,content_editor_04,Sports_Live,English,discussion_show,reels,Instagram,,True,2025-08-01 00:00:00.000000,68.63,57.333333333333336,93.0,248.0,External,5.87,919023.0,33531.0,1227.0,161.0,11831.14,chapters,2025-08-01 01:55:29.179179,WS-SPORTS-LIVE
YT0020220,- Cooking in Games: Delicious or Disastrous?,source_582,source_582,True,Company_A,content_editor_04,Sports_Live,English,interview,shorts,Youtube,,True,2025-08-02 00:00:00.000000,31.46,17.8,62.58,360.0,Search,19.54,886522.0,40869.0,6856.0,2602.0,2536.438,full_package,2025-08-02 01:45:05.440164,WS-SPORTS-LIVE
YT0004158,- Elden Ring Level 1 Run: Wretch to Elden Lord!,source_583,source_583,True,Company_A,content_editor_04,Sports_Live,English,debate,shorts,Youtube,,True,2025-08-02 00:00:00.000000,22.24,8.266666666666667,10.59,381.0,Playlist,7.81,1378169.0,83057.0,2829.0,2980.0,293.499,chapters,2025-08-02 03:16:57.408994,WS-SPORTS-LIVE
YT0006539,- Cities: Skylines 2 - How to Build the *WORST* City EVER!,source_584,source_584,True,Company_A,content_editor_04,Sports_Live,English,interview,shorts,Youtube,,True,2025-08-02 00:00:00.000000,65.95,48.96666666666667,81.39,394.0,Browse,13.78,1563893.0,87014.0,6558.0,2933.0,18013.7305,full_package,2025-08-02 06:59:53.649526,WS-SPORTS-LIVE
IG0020220,- Cooking in Games: Delicious or Disastrous?,source_582,source_582,False,Company_A,content_editor_04,Sports_Live,English,interview,,,,False,2025-08-02 00:00:00.000000,31.46,,,,,,,,,,,key_moments,2025-08-02 02:30:26.986460,WS-SPORTS-LIVE
IG0025010,- Glitchy Grub: When Video Game Food Goes Wrong,source_582,source_582,True,Company_A,content_editor_04,Sports_Live,English,debate,reels,Instagram,,True,2025-08-02 00:00:00.000000,16.63,8.05,34.0,273.0,Suggested,1.56,162946.0,40250.0,3090.0,1000.0,8.46,full_package,2025-08-02 06:30:19.605624,WS-SPORTS-LIVE
IG0004158,- Elden Ring Level 1 Run: Wretch to Elden Lord!,source_583,source_583,False,Company_A,content_editor_04,Sports_Live,English,press_conference,,,,False,2025-08-02 00:00:00.000000,22.24,,,,,,,,,,,full_package,2025-08-02 00:36:06.019674,WS-SPORTS-LIVE
IG0006539,- Cities: Skylines 2 - How to Build the *WORST* City EVER!,source_584,source_584,False,Company_A,content_editor_04,Sports_Live,English,press_conference,,,,False,2025-08-02 00:00:00.000000,65.95,,,,,,,,,,,key_moments,2025-08-02 02:56:17.979609,WS-SPORTS-LIVE
YT0004116,- Elden Ring Level 1 Run: Is it Actually Possible?!,source_585,source_585,True,Company_A,content_editor_04,Sports_Live,English,press_conference,shorts,Youtube,,True,2025-08-04 00:00:00.000000,25.11,17.016666666666666,94.13,562.0,Browse,2.22,1516277.0,92593.0,6301.0,107.0,4008.306333333333,chapters,2025-08-04 10:10:32.583381,WS-SPORTS-LIVE
YT0018903,- Wretch to Elden Lord? Level 1 Run of Pure Pain!,source_585,source_585,False,Company_A,content_editor_04,Sports_Live,English,debate,,,,False,2025-08-04 00:00:00.000000,21.55,,,,,,,,,,,key_moments,2025-08-04 03:29:19.171247,WS-SPORTS-LIVE
YT0016358,- Cities: Skylines 2 - Roadless to Riches! Can We Do It?,source_586,source_586,True,Company_A,content_editor_04,Sports_Live,English,interview,shorts,Youtube,,True,2025-08-04 00:00:00.000000,41.45,28.85,80.72,591.0,Search,15.16,562982.0,58027.0,6996.0,1379.0,3338.7960000000003,key_moments,2025-08-04 02:03:38.028326,WS-SPORTS-LIVE
IG0004116,- Elden Ring Level 1 Run: Is it Actually Possible?!,source_585,source_585,True,Company_A,content_editor_04,Sports_Live,English,debate,reels,Instagram,,True,2025-08-04 00:00:00.000000,25.11,17.016666666666666,83.0,232.0,Browse,2.22,1069062.0,68405.0,3785.0,105.0,2345.65,my_key_moments,2025-08-04 02:21:54.355565,WS-SPORTS-LIVE
IG0018903,- Wretch to Elden Lord? Level 1 Run of Pure Pain!,source_585,source_585,True,Company_A,content_editor_04,Sports_Live,English,interview,reels,Instagram,,True,2025-08-04 00:00:00.000000,21.55,7.633333333333333,2.0,281.0,Notifications,23.91,82125.0,74407.0,454.0,361.0,0.06,key_moments,2025-08-04 00:21:17.378788,WS-SPORTS-LIVE
IG0016358,- Cities: Skylines 2 - Roadless to Riches! Can We Do It?,source_586,source_586,False,Company_A,content_editor_04,Sports_Live,English,interview,,,,False,2025-08-04 00:00:00.000000,41.45,,,,,,,,,,,key_moments,2025-08-04 01:46:49.534390,WS-SPORTS-LIVE
YT0005966,- No Roads? No Problem! Cities: Skylines 2 Challenge,source_586,source_586,True,Company_A,content_editor_04,Sports_Live,English,interview,shorts,Youtube,,True,2025-08-05 00:00:00.000000,63.58,55.4,98.6,675.0,Channel Page,15.14,1782524.0,88693.0,4047.0,2192.0,23717.472166666663,key_moments,2025-08-05 09:19:09.478005,WS-SPORTS-LIVE
IG0005966,- No Roads? No Problem! Cities: Skylines 2 Challenge,source_586,source_586,False,Company_A,content_editor_04,Sports_Live,English,debate,,,,False,2025-08-05 00:00:00.000000,63.58,,,,,,,,,,,my_key_moments,2025-08-05 02:30:35.362031,WS-SPORTS-LIVE
YT0010223,- Cities: Skylines 2 - Insane City Build: Monorails & Mayhem!,source_586,source_586,False,Company_A,content_editor_04,Sports_Live,English,debate,,,,False,2025-08-06 00:00:00.000000,71.42,,,,,,,,,,,full_package,2025-08-06 02:45:30.320138,WS-SPORTS-LIVE
IG0010223,- Cities: Skylines 2 - Insane City Build: Monorails & Mayhem!,source_586,source_586,False,Company_A,content_editor_04,Sports_Live,English,interview,,,,False,2025-08-06 00:00:00.000000,71.42,,,,,,,,,,,chapters,2025-08-06 00:37:09.502479,WS-SPORTS-LIVE
YT0000598,Fall Guys: Random Squad Chaos! Crown or Clown?,source_587,source_587,False,Company_A,content_editor_04,Sports_Live,English,discussion_show,,,,False,2025-08-07 00:00:00.000000,56.67,,,,,,,,,,,full_package,2025-08-07 01:05:06.172413,WS-SPORTS-LIVE
YT0028244,Fall Guys Teamwork Test: Can Randoms Win?,source_587,source_587,False,Company_A,content_editor_04,Sports_Live,English,debate,,,,False,2025-08-07 00:00:00.000000,52.55,,,,,,,,,,,full_package,2025-08-07 10:21:50.229913,WS-SPORTS-LIVE
IG0028244,Fall Guys Teamwork Test: Can Randoms Win?,source_587,source_587,True,Company_A,content_editor_04,Sports_Live,English,press_conference,reels,Instagram,,True,2025-08-07 00:00:00.000000,52.55,19.45,29.0,152.0,Shorts Feed,15.0,1041920.0,38463.0,1197.0,2087.0,1002.99,chapters,2025-08-07 06:33:15.675910,WS-SPORTS-LIVE
YT0011285,Fall Guys Fails: The ULTIMATE Random Squad Disaster!,source_587,source_587,True,Company_A,content_editor_04,Sports_Live,English,interview,shorts,Youtube,,True,2025-08-09 00:00:00.000000,18.95,8.216666666666667,18.14,618.0,External,1.81,1544832.0,80354.0,2009.0,2648.0,307.536,full_package,2025-08-09 01:25:00.185856,WS-SPORTS-LIVE
IG0011285,Fall Guys Fails: The ULTIMATE Random Squad Disaster!,source_587,source_587,False,Company_A,content_editor_04,Sports_Live,English,debate,,,,False,2025-08-09 00:00:00.000000,18.95,,,,,,,,,,,key_moments,2025-08-09 02:24:55.192557,WS-SPORTS-LIVE
YT0024070,- WoW Hardcore: One Life to Level 60... I Almost Lost It ALL!,source_588,source_588,False,Company_A,content_editor_04,Sports_Live,English,interview,,,,False,2025-08-10 00:00:00.000000,41.23,,,,,,,,,,,my_key_moments,2025-08-10 03:54:27.825805,WS-SPORTS-LIVE
IG0024070,- WoW Hardcore: One Life to Level 60... I Almost Lost It ALL!,source_588,source_588,True,Company_A,content_editor_04,Sports_Live,English,debate,reels,Instagram,,True,2025-08-10 00:00:00.000000,41.23,10.85,12.0,173.0,External,1.32,1109634.0,72311.0,67.0,2558.0,123.91,full_package,2025-08-10 01:32:10.764328,WS-SPORTS-LIVE
YT0013454,- Super Mario Maker 2: From Zero to Super Expert HERO!,source_589,source_589,False,Company_A,content_editor_04,Sports_Live,English,interview,,,,False,2025-08-11 00:00:00.000000,27.66,,,,,,,,,,,key_moments,2025-08-11 00:48:17.687774,WS-SPORTS-LIVE
YT0020037,"- Rage, Fails, & Kaizo Blocks: My Super Mario Maker 2 Journey!",source_589,source_589,False,Company_A,content_editor_04,Sports_Live,English,interview,,,,False,2025-08-11 00:00:00.000000,27.12,,,,,,,,,,,key_moments,2025-08-11 03:31:17.894631,WS-SPORTS-LIVE
YT0019116,- I Beat the UNBEATABLE Level in Super Mario Maker 2!,source_589,source_589,True,Company_A,content_editor_04,Sports_Live,English,discussion_show,shorts,Youtube,,True,2025-08-11 00:00:00.000000,19.73,10.133333333333333,55.67,381.0,External,11.01,1484524.0,54767.0,1850.0,2805.0,1085.9018333333331,chapters,2025-08-11 06:19:27.066872,WS-SPORTS-LIVE
IG0013454,- Super Mario Maker 2: From Zero to Super Expert HERO!,source_589,source_589,True,Company_A,content_editor_04,Sports_Live,English,interview,reels,Instagram,,True,2025-08-11 00:00:00.000000,27.66,10.65,24.0,276.0,Suggested,5.6,785687.0,54521.0,3756.0,1916.0,164.99,key_moments,2025-08-11 06:25:20.370352,WS-SPORTS-LIVE
IG0020037,"- Rage, Fails, & Kaizo Blocks: My Super Mario Maker 2 Journey!",source_589,source_589,True,Company_A,content_editor_04,Sports_Live,English,interview,reels,Instagram,,True,2025-08-11 00:00:00.000000,27.12,7.766666666666667,2.0,278.0,Suggested,24.24,1334805.0,56822.0,3910.0,1614.0,1.98,chapters,2025-08-11 08:03:23.546483,WS-SPORTS-LIVE
IG0019116,- I Beat the UNBEATABLE Level in Super Mario Maker 2!,source_589,source_589,False,Company_A,content_editor_04,Sports_Live,English,press_conference,,,,False,2025-08-11 00:00:00.000000,19.73,,,,,,,,,,,summary,2025-08-11 01:09:15.290731,WS-SPORTS-LIVE
YT0004133,"- Fall Guys, But Up Is Down! (Inverted Y-Axis Challenge)",source_590,source_590,True,Company_A,content_editor_04,Sports_Live,English,interview,shorts,Youtube,,True,2025-08-13 00:00:00.000000,71.95,49.0,72.87,377.0,External,27.13,1471738.0,97784.0,6793.0,2803.0,16965.868666666665,chapters,2025-08-13 04:11:22.720253,WS-SPORTS-LIVE
IG0004133,"- Fall Guys, But Up Is Down! (Inverted Y-Axis Challenge)",source_590,source_590,True,Company_A,content_editor_04,Sports_Live,English,debate,reels,Instagram,,True,2025-08-13 00:00:00.000000,71.95,49.0,70.0,182.0,External,27.13,920630.0,60451.0,5517.0,2412.0,7428.97,key_moments,2025-08-13 03:13:36.971802,WS-SPORTS-LIVE
YT0003409,- I Tried Winning Fall Guys With REVERSED Controls!,source_590,source_590,False,Company_A,content_editor_04,Sports_Live,English,debate,,,,False,2025-08-14 00:00:00.000000,52.63,,,,,,,,,,,chapters,2025-08-14 03:43:49.471508,WS-SPORTS-LIVE
IG0003409,- I Tried Winning Fall Guys With REVERSED Controls!,source_590,source_590,True,Company_A,content_editor_04,Sports_Live,English,interview,reels,Instagram,,True,2025-08-14 00:00:00.000000,52.63,27.3,52.0,376.0,Search,24.76,406076.0,57350.0,5774.0,835.0,1161.38,key_moments,2025-08-14 03:22:35.757182,WS-SPORTS-LIVE
YT0008971,- Fall Guys Invert Y-Axis: My Brain Hurts!,source_590,source_590,True,Company_A,content_editor_04,Sports_Live,English,debate,shorts,Youtube,,True,2025-08-15 00:00:00.000000,65.35,45.766666666666666,76.0,585.0,Playlist,23.48,121299.0,85150.0,1934.0,2744.0,1289.3635,key_moments,2025-08-15 02:21:29.835820,WS-SPORTS-LIVE
IG0008971,- Fall Guys Invert Y-Axis: My Brain Hurts!,source_590,source_590,False,Company_A,content_editor_04,Sports_Live,English,interview,,,,False,2025-08-15 00:00:00.000000,65.35,,,,,,,,,,,key_moments,2025-08-15 00:21:27.877923,WS-SPORTS-LIVE
YT0004154,"- Fall Guys, But We Made It IMPOSSIBLE!",source_591,source_591,True,Company_A,content_editor_04,Sports_Live,English,discussion_show,shorts,Youtube,,True,2025-08-17 00:00:00.000000,44.09,25.65,62.39,459.0,Playlist,23.93,880024.0,54051.0,7247.0,33.0,4436.787666666667,chapters,2025-08-17 10:07:57.346462,WS-SPORTS-LIVE
YT0018951,- Handicapped Fall Guys: Prepare to Rage!,source_591,source_591,True,Company_A,content_editor_04,Sports_Live,English,interview,shorts,Youtube,,True,2025-08-17 00:00:00.000000,62.76,46.91666666666666,82.53,516.0,Channel Page,29.39,632864.0,41814.0,7922.0,994.0,6929.274833333333,chapters,2025-08-17 05:12:30.498504,WS-SPORTS-LIVE
IG0004154,"- Fall Guys, But We Made It IMPOSSIBLE!",source_591,source_591,True,Company_A,content_editor_04,Sports_Live,English,interview,reels,Instagram,,True,2025-08-17 00:00:00.000000,44.09,25.65,61.0,216.0,Playlist,23.93,598944.0,37604.0,6089.0,34.0,1842.0,chapters,2025-08-17 01:13:12.051265,WS-SPORTS-LIVE
IG0018951,- Handicapped Fall Guys: Prepare to Rage!,source_591,source_591,True,Company_A,content_editor_04,Sports_Live,English,debate,reels,Instagram,,True,2025-08-17 00:00:00.000000,62.76,46.91666666666666,76.0,283.0,Channel Page,29.39,338490.0,32743.0,6253.0,1075.0,2816.68,key_moments,2025-08-17 05:50:25.448323,WS-SPORTS-LIVE
YT0020861,- Fall Guys Challenge: Can We Win With These RULES?!,source_591,source_591,True,Company_A,content_editor_04,Sports_Live,English,press_conference,shorts,Youtube,,True,2025-08-18 00:00:00.000000,66.66,35.016666666666666,53.26,575.0,Search,11.24,853120.0,66996.0,6755.0,1095.0,6520.8385,chapters,2025-08-18 02:47:48.224355,WS-SPORTS-LIVE
IG0020861,- Fall Guys Challenge: Can We Win With These RULES?!,source_591,source_591,False,Company_A,content_editor_04,Sports_Live,English,discussion_show,,,,False,2025-08-18 00:00:00.000000,66.66,,,,,,,,,,,chapters,2025-08-18 02:51:39.036565,WS-SPORTS-LIVE
YT0013313,- Cities: Skylines 2 NO BUDGET Challenge! 🤯 Can We Survive?!,source_592,source_592,False,Company_A,content_editor_04,Sports_Live,English,press_conference,,,,False,2025-08-19 00:00:00.000000,58.13,,,,,,,,,,,key_moments,2025-08-19 02:09:47.318096,WS-SPORTS-LIVE
YT0008657,- Debt City! 💸 Building with NO Money in Cities: Skylines 2,source_592,source_592,False,Company_A,content_editor_04,Sports_Live,English,discussion_show,,,,False,2025-08-19 00:00:00.000000,37.04,,,,,,,,,,,full_package,2025-08-19 06:08:46.424759,WS-SPORTS-LIVE
IG0013313,- Cities: Skylines 2 NO BUDGET Challenge! 🤯 Can We Survive?!,source_592,source_592,True,Company_A,content_editor_04,Sports_Live,English,discussion_show,reels,Instagram,,True,2025-08-19 00:00:00.000000,58.13,28.1,44.0,305.0,Channel Page,0.21,32493.0,44658.0,3409.0,1600.0,81.81,full_package,2025-08-19 02:06:34.082681,WS-SPORTS-LIVE
IG0008657,- Debt City! 💸 Building with NO Money in Cities: Skylines 2,source_592,source_592,False,Company_A,content_editor_04,Sports_Live,English,debate,,,,False,2025-08-19 00:00:00.000000,37.04,,,,,,,,,,,full_package,2025-08-19 01:39:48.017911,WS-SPORTS-LIVE
IG0014322,- Bankrupt to Boomtown? 🚧 Cities: Skylines 2 Extreme Mode,source_592,source_592,False,Company_A,content_editor_04,Sports_Live,English,press_conference,,,,False,2025-08-21 00:00:00.000000,33.42,,,,,,,,,,,summary,2025-08-21 09:53:29.913033,WS-SPORTS-LIVE
YT0009381,- Elden Ring... But I Can Only Use a DANCE PAD?!,source_593,source_593,True,Company_A,content_editor_04,Sports_Live,English,debate,shorts,Youtube,,True,2025-08-22 00:00:00.000000,42.92,27.75,72.53,528.0,External,25.43,1492198.0,74465.0,762.0,2103.0,8393.613666666666,key_moments,2025-08-22 03:27:59.946534,WS-SPORTS-LIVE
IG0009381,- Elden Ring... But I Can Only Use a DANCE PAD?!,source_593,source_593,False,Company_A,content_editor_04,Sports_Live,English,debate,,,,False,2025-08-22 00:00:00.000000,42.92,,,,,,,,,,,full_package,2025-08-22 03:33:17.362495,WS-SPORTS-LIVE
YT0009987,- Elden Ring... on a Dance Pad?! (YOU Won't BELIEVE What Happened),source_594,source_594,True,Company_A,content_editor_04,Sports_Live,English,discussion_show,shorts,Youtube,,True,2025-08-23 00:00:00.000000,24.12,10.766666666666666,35.82,643.0,Playlist,14.06,1732672.0,98693.0,7594.0,219.0,1572.2393333333334,key_moments,2025-08-23 06:57:38.159494,WS-SPORTS-LIVE
YT0019881,- Dance Pad DESTROYS Elden Ring (Somehow),source_594,source_594,False,Company_A,content_editor_04,Sports_Live,English,debate,,,,False,2025-08-23 00:00:00.000000,38.68,,,,,,,,,,,key_moments,2025-08-23 02:20:41.490106,WS-SPORTS-LIVE
IG0009987,- Elden Ring... on a Dance Pad?! (YOU Won't BELIEVE What Happened),source_594,source_594,True,Company_A,content_editor_04,Sports_Live,English,interview,reels,Instagram,,True,2025-08-23 00:00:00.000000,24.12,10.766666666666666,33.0,332.0,Playlist,14.06,1085634.0,76051.0,5730.0,227.0,325.09,my_key_moments,2025-08-23 02:45:01.692167,WS-SPORTS-LIVE
IG0019881,- Dance Pad DESTROYS Elden Ring (Somehow),source_594,source_594,True,Company_A,content_editor_04,Sports_Live,English,debate,reels,Instagram,,True,2025-08-23 00:00:00.000000,38.68,27.566666666666663,75.0,340.0,Browse,21.21,668805.0,46991.0,5243.0,654.0,2795.98,full_package,2025-08-23 05:06:29.878327,WS-SPORTS-LIVE
YT0012167,- I Beat Elden Ring With My FEET?! (Dance Pad Challenge),source_594,source_594,False,Company_A,content_editor_04,Sports_Live,English,debate,,,,False,2025-08-24 00:00:00.000000,16.46,,,,,,,,,,,key_moments,2025-08-24 01:09:55.976645,WS-SPORTS-LIVE
YT0007835,"- Fall Guys, ONE HAND: Prepare to RAGE!",source_595,source_595,False,Company_A,content_editor_04,Sports_Live,English,press_conference,,,,False,2025-08-24 00:00:00.000000,27.69,,,,,,,,,,,key_moments,2025-08-24 04:46:26.212164,WS-SPORTS-LIVE
YT0023052,- Cities: Skylines 2 IMPOSSIBLE Challenge!,source_596,source_596,False,Company_A,content_editor_04,Sports_Live,English,debate,,,,False,2025-08-24 00:00:00.000000,26.94,,,,,,,,,,,chapters,2025-08-24 02:11:06.860314,WS-SPORTS-LIVE
YT0015435,"- No Imports, No Exports, NO HELP! Cities: Skylines 2 Challenge",source_596,source_596,True,Company_A,content_editor_04,Sports_Live,English,press_conference,shorts,Youtube,,True,2025-08-24 00:00:00.000000,66.25,18.583333333333336,21.63,354.0,Suggested,5.97,622305.0,77600.0,7711.0,383.0,1915.8926666666664,key_moments,2025-08-24 07:55:48.553821,WS-SPORTS-LIVE
IG0012167,- I Beat Elden Ring With My FEET?! (Dance Pad Challenge),source_594,source_594,True,Company_A,content_editor_04,Sports_Live,English,debate,reels,Instagram,,True,2025-08-24 00:00:00.000000,16.46,8.333333333333334,52.0,335.0,Suggested,27.09,1244096.0,29742.0,887.0,163.0,149.75,key_moments,2025-08-24 06:11:39.379837,WS-SPORTS-LIVE
IG0007835,"- Fall Guys, ONE HAND: Prepare to RAGE!",source_595,source_595,False,Company_A,content_editor_04,Sports_Live,English,discussion_show,,,,False,2025-08-24 00:00:00.000000,27.69,,,,,,,,,,,key_moments,2025-08-24 05:34:22.790733,WS-SPORTS-LIVE
IG0023052,- Cities: Skylines 2 IMPOSSIBLE Challenge!,source_596,source_596,False,Company_A,content_editor_04,Sports_Live,English,interview,,,,False,2025-08-24 00:00:00.000000,26.94,,,,,,,,,,,full_package,2025-08-24 01:06:21.510571,WS-SPORTS-LIVE
IG0015435,"- No Imports, No Exports, NO HELP! Cities: Skylines 2 Challenge",source_596,source_596,False,Company_A,content_editor_04,Sports_Live,English,press_conference,,,,False,2025-08-24 00:00:00.000000,66.25,,,,,,,,,,,summary,2025-08-24 03:40:56.816732,WS-SPORTS-LIVE
YT0004883,- Can I Build a Self-Sufficient City? Cities: Skylines 2 Challenge Run,source_596,source_596,True,Company_A,content_editor_04,Sports_Live,English,debate,shorts,Youtube,,True,2025-08-27 00:00:00.000000,71.21000000000001,59.75,92.95,596.0,Browse,13.19,141971.0,74412.0,4398.0,966.0,2060.5513333333333,key_moments,2025-08-27 01:33:34.850475,WS-SPORTS-LIVE
YT0024655,- Elden Ring... BUT with a Dance Pad?! 💀,source_597,source_597,False,Company_A,content_editor_04,Sports_Live,English,interview,,,,False,2025-08-27 00:00:00.000000,23.83,,,,,,,,,,,key_moments,2025-08-27 03:53:01.528760,WS-SPORTS-LIVE
YT0017606,- I Beat Elden Ring With My FEET?! (Margit DESTROYED Me),source_597,source_597,True,Company_A,content_editor_04,Sports_Live,English,interview,shorts,Youtube,,True,2025-08-27 00:00:00.000000,61.96,19.96666666666667,26.55,621.0,Shorts Feed,20.32,960465.0,95252.0,3310.0,730.0,3326.0546666666664,chapters,2025-08-27 00:37:39.185760,WS-SPORTS-LIVE
IG0004883,- Can I Build a Self-Sufficient City? Cities: Skylines 2 Challenge Run,source_596,source_596,True,Company_A,content_editor_04,Sports_Live,English,interview,reels,Instagram,,True,2025-08-27 00:00:00.000000,71.21000000000001,59.75,82.0,379.0,Browse,13.19,85553.0,54195.0,2865.0,818.0,1018.2,chapters,2025-08-27 01:09:57.807612,WS-SPORTS-LIVE
IG0024655,- Elden Ring... BUT with a Dance Pad?! 💀,source_597,source_597,True,Company_A,content_editor_04,Sports_Live,English,debate,reels,Instagram,,True,2025-08-27 00:00:00.000000,23.83,15.483333333333334,87.0,344.0,Playlist,15.94,671063.0,51264.0,4316.0,2904.0,1294.69,full_package,2025-08-27 10:21:19.929311,WS-SPORTS-LIVE
IG0017606,- I Beat Elden Ring With My FEET?! (Margit DESTROYED Me),source_597,source_597,False,Company_A,content_editor_04,Sports_Live,English,discussion_show,,,,False,2025-08-27 00:00:00.000000,61.96,,,,,,,,,,,key_moments,2025-08-27 05:22:25.711120,WS-SPORTS-LIVE
YT0012408,- Elden Ring...But I Can Only Use a DANCE PAD?!,source_598,source_598,True,Company_A,content_editor_04,Sports_Live,English,press_conference,shorts,Youtube,,True,2025-08-28 00:00:00.000000,19.66,10.016666666666666,54.01,434.0,Shorts Feed,28.71,570927.0,58224.0,6663.0,276.0,399.12033333333335,full_package,2025-08-28 03:00:50.113368,WS-SPORTS-LIVE
YT0021201,- Tarnished Steps: Beating Elden Ring With My FEET!,source_598,source_598,False,Company_A,content_editor_04,Sports_Live,English,discussion_show,,,,False,2025-08-28 00:00:00.000000,54.66,,,,,,,,,,,my_key_moments,2025-08-28 01:56:00.376366,WS-SPORTS-LIVE
IG0012408,- Elden Ring...But I Can Only Use a DANCE PAD?!,source_598,source_598,True,Company_A,content_editor_04,Sports_Live,English,debate,reels,Instagram,,True,2025-08-28 00:00:00.000000,19.66,10.016666666666666,52.0,198.0,Shorts Feed,28.71,420898.0,36259.0,4670.0,253.0,153.0,full_package,2025-08-28 01:40:48.589307,WS-SPORTS-LIVE
IG0021201,- Tarnished Steps: Beating Elden Ring With My FEET!,source_598,source_598,False,Company_A,content_editor_04,Sports_Live,English,debate,,,,False,2025-08-28 00:00:00.000000,54.66,,,,,,,,,,,key_moments,2025-08-28 04:41:40.662302,WS-SPORTS-LIVE
YT0025223,- Dance Pad DESTROYS Elden Ring (You Won't Believe This),source_598,source_598,False,Company_A,content_editor_04,Sports_Live,English,press_conference,,,,False,2025-08-30 00:00:00.000000,42.07,,,,,,,,,,,full_package,2025-08-30 03:02:18.868446,WS-SPORTS-LIVE
IG0025223,- Dance Pad DESTROYS Elden Ring (You Won't Believe This),source_598,source_598,True,Company_A,content_editor_04,Sports_Live,English,press_conference,reels,Instagram,,True,2025-08-30 00:00:00.000000,42.07,7.65,1.0,362.0,Browse,22.82,1318412.0,35877.0,6144.0,2050.0,0.55,key_moments,2025-08-30 13:47:07.541571,WS-SPORTS-LIVE
YT0002939,Fall Guys: The Rage Quit Gauntlet,source_599,source_599,True,Company_A,content_editor_04,Sports_Live,English,interview,shorts,Youtube,,True,2025-08-31 00:00:00.000000,57.83,41.766666666666666,80.01,397.0,Suggested,29.02,142822.0,49343.0,5745.0,497.0,1359.4538333333333,key_moments,2025-08-31 03:27:01.355768,WS-SPORTS-LIVE
YT0009301,"- Fall Guys, But I Only Use the DUMBEST Strategies!",source_600,source_600,True,Company_A,content_editor_04,Sports_Live,English,press_conference,shorts,Youtube,,True,2025-08-31 00:00:00.000000,47.42,12.633333333333333,15.83,629.0,Channel Page,3.9,1017857.0,77523.0,3648.0,1314.0,1451.3886666666667,key_moments,2025-08-31 04:11:32.600648,WS-SPORTS-LIVE
YT0018905,Fall Guys: Levels Designed to Break You,source_599,source_599,False,Company_A,content_editor_04,Sports_Live,English,debate,,,,False,2025-08-31 00:00:00.000000,60.11,,,,,,,,,,,my_key_moments,2025-08-31 01:19:01.840882,WS-SPORTS-LIVE
IG0002939,Fall Guys: The Rage Quit Gauntlet,source_599,source_599,True,Company_A,content_editor_04,Sports_Live,English,press_conference,reels,Instagram,,True,2025-08-31 00:00:00.000000,57.83,41.766666666666666,73.0,207.0,Suggested,29.02,88729.0,32014.0,4560.0,478.0,616.54,summary,2025-08-31 02:59:50.529232,WS-SPORTS-LIVE
IG0009301,"- Fall Guys, But I Only Use the DUMBEST Strategies!",source_600,source_600,True,Company_A,content_editor_04,Sports_Live,English,press_conference,reels,Instagram,,True,2025-08-31 00:00:00.000000,47.42,12.633333333333333,16.0,382.0,Channel Page,3.9,707739.0,62757.0,2634.0,1285.0,161.47,chapters,2025-08-31 04:36:30.352150,WS-SPORTS-LIVE
IG0018905,Fall Guys: Levels Designed to Break You,source_599,source_599,True,Company_A,content_editor_04,Sports_Live,English,discussion_show,reels,Instagram,,True,2025-08-31 00:00:00.000000,60.11,36.18333333333334,62.0,346.0,External,28.41,634708.0,52793.0,4686.0,682.0,3135.4,chapters,2025-08-31 02:58:06.696366,WS-SPORTS-LIVE
YT0001773,- Fall Guys CHAOS: Can I Win With Ridiculous Tactics ONLY?!,source_600,source_600,False,Company_A,content_editor_04,Sports_Live,English,interview,,,,False,2025-09-02 00:00:00.000000,22.75,,,,,,,,,,,chapters,2025-09-02 02:42:44.226793,WS-SPORTS-LIVE
YT0006395,Crab Game CHAOS: Physics Fails & Hilarious Betrayals!,source_601,source_601,False,Company_A,content_editor_04,Sports_Live,English,discussion_show,,,,False,2025-09-02 00:00:00.000000,26.54,,,,,,,,,,,key_moments,2025-09-02 05:11:44.346071,WS-SPORTS-LIVE
YT0021193,Crab Game: Can This Squid Game Parody Survive the HYPE?,source_601,source_601,True,Company_A,content_editor_04,Sports_Live,English,interview,shorts,Youtube,,True,2025-09-02 00:00:00.000000,52.41,19.766666666666666,32.79,417.0,Notifications,27.38,935905.0,47152.0,4851.0,1254.0,3189.0096666666664,chapters,2025-09-02 13:26:20.015803,WS-SPORTS-LIVE
IG0001773,- Fall Guys CHAOS: Can I Win With Ridiculous Tactics ONLY?!,source_600,source_600,False,Company_A,content_editor_04,Sports_Live,English,discussion_show,,,,False,2025-09-02 00:00:00.000000,22.75,,,,,,,,,,,key_moments,2025-09-02 04:29:30.744310,WS-SPORTS-LIVE
IG0006395,Crab Game CHAOS: Physics Fails & Hilarious Betrayals!,source_601,source_601,True,Company_A,content_editor_04,Sports_Live,English,interview,reels,Instagram,,True,2025-09-02 00:00:00.000000,26.54,17.116666666666667,74.0,247.0,External,27.12,255364.0,61722.0,913.0,2496.0,504.79,key_moments,2025-09-02 09:59:26.114574,WS-SPORTS-LIVE
IG0021193,Crab Game: Can This Squid Game Parody Survive the HYPE?,source_601,source_601,True,Company_A,content_editor_04,Sports_Live,English,discussion_show,reels,Instagram,,True,2025-09-02 00:00:00.000000,52.41,19.766666666666666,31.0,201.0,Notifications,27.38,494884.0,28762.0,3086.0,1229.0,522.74,key_moments,2025-09-02 06:34:37.141963,WS-SPORTS-LIVE
YT0022595,- Wretch to Elden Lord: Level 1 Run of Pure Pain!,source_602,source_602,False,Company_A,content_editor_04,Sports_Live,English,press_conference,,,,False,2025-09-03 00:00:00.000000,71.42,,,,,,,,,,,summary,2025-09-03 09:31:25.101675,WS-SPORTS-LIVE
IG0022595,- Wretch to Elden Lord: Level 1 Run of Pure Pain!,source_602,source_602,False,Company_A,content_editor_04,Sports_Live,English,interview,,,,False,2025-09-03 00:00:00.000000,71.42,,,,,,,,,,,chapters,2025-09-03 02:27:21.462180,WS-SPORTS-LIVE
YT0005336,- Elden Ring: Beating the Game with a Club?! (No Upgrades),source_602,source_602,False,Company_A,content_editor_04,Sports_Live,English,debate,,,,False,2025-09-05 00:00:00.000000,43.83,,,,,,,,,,,key_moments,2025-09-05 03:23:23.053540,WS-SPORTS-LIVE
YT0004587,- Level 1 Elden Ring: My Sanity is Gone... But I Won!,source_602,source_602,False,Company_A,content_editor_04,Sports_Live,English,discussion_show,,,,False,2025-09-05 00:00:00.000000,25.94,,,,,,,,,,,key_moments,2025-09-05 03:24:03.673443,WS-SPORTS-LIVE
YT0021626,- Zelda NO DEATH Run: Can I Beat It?!,source_603,source_603,False,Company_A,content_editor_04,Sports_Live,English,debate,,,,False,2025-09-05 00:00:00.000000,54.85,,,,,,,,,,,summary,2025-09-05 06:11:32.493241,WS-SPORTS-LIVE
IG0005336,- Elden Ring: Beating the Game with a Club?! (No Upgrades),source_602,source_602,False,Company_A,content_editor_04,Sports_Live,English,interview,,,,False,2025-09-05 00:00:00.000000,43.83,,,,,,,,,,,key_moments,2025-09-05 07:32:24.066146,WS-SPORTS-LIVE
IG0004587,- Level 1 Elden Ring: My Sanity is Gone... But I Won!,source_602,source_602,False,Company_A,content_editor_04,Sports_Live,English,interview,,,,False,2025-09-05 00:00:00.000000,25.94,,,,,,,,,,,key_moments,2025-09-05 04:25:15.176637,WS-SPORTS-LIVE
IG0021626,- Zelda NO DEATH Run: Can I Beat It?!,source_603,source_603,False,Company_A,content_editor_04,Sports_Live,English,debate,,,,False,2025-09-05 00:00:00.000000,54.85,,,,,,,,,,,key_moments,2025-09-05 08:03:57.655943,WS-SPORTS-LIVE
YT0027272,- OG Zelda: Item Collection Perfection (No Deaths!),source_603,source_603,True,Company_A,content_editor_04,Sports_Live,English,discussion_show,shorts,Youtube,,True,2025-09-06 00:00:00.000000,43.96,21.316666666666663,47.71,288.0,Channel Page,29.69,545653.0,65943.0,1203.0,95.0,2094.196,key_moments,2025-09-06 02:32:55.739820,WS-SPORTS-LIVE
YT0021103,- 1-Life Zelda Challenge: Will I Fail?!,source_603,source_603,False,Company_A,content_editor_04,Sports_Live,English,debate,,,,False,2025-09-06 00:00:00.000000,50.96,,,,,,,,,,,full_package,2025-09-06 08:07:19.784035,WS-SPORTS-LIVE
YT0001451,"- Fall Guys, But I'm Driving?! Steering Wheel Mayhem!",source_604,source_604,False,Company_A,content_editor_04,Sports_Live,English,interview,,,,False,2025-09-06 00:00:00.000000,49.89,,,,,,,,,,,key_moments,2025-09-06 09:00:55.689541,WS-SPORTS-LIVE
IG0027272,- OG Zelda: Item Collection Perfection (No Deaths!),source_603,source_603,True,Company_A,content_editor_04,Sports_Live,English,debate,reels,Instagram,,True,2025-09-06 00:00:00.000000,43.96,21.316666666666663,46.0,115.0,Channel Page,29.69,392245.0,53408.0,873.0,98.0,692.49,full_package,2025-09-06 06:52:39.896887,WS-SPORTS-LIVE
IG0021103,- 1-Life Zelda Challenge: Will I Fail?!,source_603,source_603,False,Company_A,content_editor_04,Sports_Live,English,debate,,,,False,2025-09-06 00:00:00.000000,50.96,,,,,,,,,,,full_package,2025-09-06 04:27:11.636213,WS-SPORTS-LIVE
IG0001451,"- Fall Guys, But I'm Driving?! Steering Wheel Mayhem!",source_604,source_604,True,Company_A,content_editor_04,Sports_Live,English,interview,reels,Instagram,,True,2025-09-06 00:00:00.000000,49.89,8.483333333333333,3.0,299.0,Suggested,16.3,871845.0,62962.0,62.0,2281.0,7.14,key_moments,2025-09-06 07:04:39.822706,WS-SPORTS-LIVE
YT0026725,- Fall Guys Crown... With *ZERO* Skill?!,source_605,source_605,False,Company_A,content_editor_04,Sports_Live,English,discussion_show,,,,False,2025-09-07 00:00:00.000000,25.52,,,,,,,,,,,my_key_moments,2025-09-07 01:57:22.932519,WS-SPORTS-LIVE
YT0015069,- I Tried the DUMBEST Strategies in Fall Guys!,source_605,source_605,False,Company_A,content_editor_04,Sports_Live,English,debate,,,,False,2025-09-07 00:00:00.000000,33.11,,,,,,,,,,,summary,2025-09-07 04:41:16.430745,WS-SPORTS-LIVE
YT0028122,- Fall Guys: Chaos Mode ACTIVATED! (Crown Win?),source_605,source_605,True,Company_A,content_editor_04,Sports_Live,English,debate,shorts,Youtube,,True,2025-09-07 00:00:00.000000,16.09,8.066666666666666,51.99,680.0,Browse,6.91,870779.0,75115.0,2522.0,2604.0,137.067,key_moments,2025-09-07 05:05:13.465117,WS-SPORTS-LIVE
IG0026725,- Fall Guys Crown... With *ZERO* Skill?!,source_605,source_605,True,Company_A,content_editor_04,Sports_Live,English,press_conference,reels,Instagram,,True,2025-09-07 00:00:00.000000,25.52,9.416666666666666,17.0,364.0,Notifications,10.23,432981.0,32039.0,318.0,33.0,39.19,key_moments,2025-09-07 01:22:50.973400,WS-SPORTS-LIVE
IG0015069,- I Tried the DUMBEST Strategies in Fall Guys!,source_605,source_605,False,Company_A,content_editor_04,Sports_Live,English,debate,,,,False,2025-09-07 00:00:00.000000,33.11,,,,,,,,,,,key_moments,2025-09-07 05:50:49.895778,WS-SPORTS-LIVE
IG0028122,- Fall Guys: Chaos Mode ACTIVATED! (Crown Win?),source_605,source_605,True,Company_A,content_editor_04,Sports_Live,English,discussion_show,reels,Instagram,,True,2025-09-07 00:00:00.000000,16.09,8.066666666666666,47.0,288.0,Browse,6.91,581359.0,63326.0,1988.0,2863.0,43.01,key_moments,2025-09-07 01:28:22.472526,WS-SPORTS-LIVE
YT0029546,- Elden Ring Item Randomizer: From Zero to Hero... With a Spoon?,source_606,source_606,False,Company_A,content_editor_04,Sports_Live,English,interview,,,,False,2025-09-09 00:00:00.000000,64.8,,,,,,,,,,,key_moments,2025-09-09 02:50:25.591700,WS-SPORTS-LIVE
YT0002729,- Elden Ring CHAOS: Beating Bosses With *This*?!,source_606,source_606,True,Company_A,content_editor_04,Sports_Live,English,interview,shorts,Youtube,,True,2025-09-10 00:00:00.000000,74.62,62.11666666666667,91.61,331.0,Notifications,16.45,1094135.0,41163.0,5994.0,399.0,16599.446333333333,chapters,2025-09-10 04:07:45.409054,WS-SPORTS-LIVE
YT0016236,- Level 1 Wretch vs. Elden Ring Bosses: Prepare to Suffer,source_607,source_607,False,Company_A,content_editor_04,Sports_Live,English,interview,,,,False,2025-09-10 00:00:00.000000,74.88,,,,,,,,,,,key_moments,2025-09-10 02:13:45.621399,WS-SPORTS-LIVE
IG0002729,- Elden Ring CHAOS: Beating Bosses With *This*?!,source_606,source_606,True,Company_A,content_editor_04,Sports_Live,English,discussion_show,reels,Instagram,,True,2025-09-10 00:00:00.000000,74.62,62.11666666666667,84.0,144.0,Notifications,16.45,579241.0,33544.0,3720.0,405.0,7381.78,key_moments,2025-09-10 04:16:23.129739,WS-SPORTS-LIVE
IG0016236,- Level 1 Wretch vs. Elden Ring Bosses: Prepare to Suffer,source_607,source_607,False,Company_A,content_editor_04,Sports_Live,English,press_conference,,,,False,2025-09-10 00:00:00.000000,74.88,,,,,,,,,,,key_moments,2025-09-10 04:13:07.516370,WS-SPORTS-LIVE
YT0007124,- Elden Ring...But I Can Only Use a DANCE PAD?!,source_608,source_608,False,Company_A,content_editor_04,Sports_Live,English,interview,,,,False,2025-09-11 00:00:00.000000,74.9,,,,,,,,,,,my_key_moments,2025-09-11 02:04:31.403715,WS-SPORTS-LIVE
YT0011066,- Dance Pad Tarnished: Elden Ring's Funniest Fail Run,source_608,source_608,False,Company_A,content_editor_04,Sports_Live,English,interview,,,,False,2025-09-11 00:00:00.000000,43.18,,,,,,,,,,,summary,2025-09-11 06:18:02.819181,WS-SPORTS-LIVE
IG0007124,- Elden Ring...But I Can Only Use a DANCE PAD?!,source_608,source_608,False,Company_A,content_editor_04,Sports_Live,English,debate,,,,False,2025-09-11 00:00:00.000000,74.9,,,,,,,,,,,key_moments,2025-09-11 02:10:13.890662,WS-SPORTS-LIVE
IG0011066,- Dance Pad Tarnished: Elden Ring's Funniest Fail Run,source_608,source_608,True,Company_A,content_editor_04,Sports_Live,English,discussion_show,reels,Instagram,,True,2025-09-11 00:00:00.000000,43.18,12.7,17.0,245.0,Channel Page,8.58,553262.0,37224.0,363.0,79.0,135.86,full_package,2025-09-12 00:56:42.041273,WS-SPORTS-LIVE
YT0016668,- Elden Ring Invasions... BUT WITH A THEME?!,source_609,source_609,False,Company_A,content_editor_04,Sports_Live,English,discussion_show,,,,False,2025-09-12 00:00:00.000000,73.25,,,,,,,,,,,chapters,2025-09-12 03:39:52.455958,WS-SPORTS-LIVE
YT0000274,- Funniest Elden Ring Invasions EVER! (Themed Builds Only),source_609,source_609,False,Company_A,content_editor_04,Sports_Live,English,discussion_show,,,,False,2025-09-12 00:00:00.000000,54.96,,,,,,,,,,,full_package,2025-09-12 01:34:01.742042,WS-SPORTS-LIVE
YT0014507,- Elden Ring PvP: Cosplay & Chaos!,source_609,source_609,False,Company_A,content_editor_04,Sports_Live,English,press_conference,,,,False,2025-09-12 00:00:00.000000,58.01,,,,,,,,,,,summary,2025-09-12 01:49:11.898098,WS-SPORTS-LIVE
IG0016668,- Elden Ring Invasions... BUT WITH A THEME?!,source_609,source_609,False,Company_A,content_editor_04,Sports_Live,English,interview,,,,False,2025-09-12 00:00:00.000000,73.25,,,,,,,,,,,summary,2025-09-12 10:01:03.907694,WS-SPORTS-LIVE
IG0000274,- Funniest Elden Ring Invasions EVER! (Themed Builds Only),source_609,source_609,True,Company_A,content_editor_04,Sports_Live,English,discussion_show,reels,Instagram,,True,2025-09-12 00:00:00.000000,54.96,18.25,26.0,272.0,Search,17.81,205751.0,64432.0,2794.0,1512.0,159.74,key_moments,2025-09-12 02:53:00.269978,WS-SPORTS-LIVE
YT0007736,Fall Guys CHAOS: Friendships WILL Be Destroyed!,source_610,source_610,True,Company_A,content_editor_04,Sports_Live,English,debate,shorts,Youtube,,True,2025-09-13 00:00:00.000000,20.75,8.916666666666666,24.64,325.0,Channel Page,29.08,599943.0,67436.0,3530.0,2069.0,236.08866666666663,key_moments,2025-09-13 01:20:36.624985,WS-SPORTS-LIVE
IG0007736,Fall Guys CHAOS: Friendships WILL Be Destroyed!,source_610,source_610,True,Company_A,content_editor_04,Sports_Live,English,debate,reels,Instagram,,True,2025-09-13 00:00:00.000000,20.75,8.916666666666666,24.0,188.0,Channel Page,29.08,371066.0,50676.0,2134.0,1919.0,35.05,summary,2025-09-13 07:55:08.389269,WS-SPORTS-LIVE
YT0002639,Unfair Fall Guys: The ULTIMATE Bean Battle!,source_610,source_610,False,Company_A,content_editor_04,Sports_Live,English,press_conference,,,,False,2025-09-14 00:00:00.000000,67.62,,,,,,,,,,,key_moments,2025-09-14 02:52:07.075095,WS-SPORTS-LIVE
IG0002639,Unfair Fall Guys: The ULTIMATE Bean Battle!,source_610,source_610,False,Company_A,content_editor_04,Sports_Live,English,interview,,,,False,2025-09-14 00:00:00.000000,67.62,,,,,,,,,,,key_moments,2025-09-14 06:44:47.548594,WS-SPORTS-LIVE
YT0008045,- Fall Guys: Viewer-Made Torture! (We Suffered For Your Amusement),source_612,source_612,False,Company_A,content_editor_04,Sports_Live,English,discussion_show,,,,False,2025-09-16 00:00:00.000000,44.17,,,,,,,,,,,full_package,2025-09-16 08:27:17.671250,WS-SPORTS-LIVE
YT0021548,- Fall Guys HANDICAP MADNESS! Can We Still Win?!,source_612,source_612,False,Company_A,content_editor_04,Sports_Live,English,discussion_show,,,,False,2025-09-16 00:00:00.000000,59.79,,,,,,,,,,,full_package,2025-09-16 04:58:55.805777,WS-SPORTS-LIVE
YT0012680,"- Fall Guys: 1 Win, No Losses Challenge (IMPOSSIBLE?)",source_611,source_611,False,Company_A,content_editor_04,Sports_Live,English,press_conference,,,,False,2025-09-16 00:00:00.000000,74.42,,,,,,,,,,,full_package,2025-09-17 03:11:40.741458,WS-SPORTS-LIVE
YT0016866,- Fall Guys God? Beating EVERY Round First Try!,source_611,source_611,True,Company_A,content_editor_04,Sports_Live,English,debate,shorts,Youtube,,True,2025-09-16 00:00:00.000000,25.46,13.05,53.06,596.0,External,0.93,1338978.0,81180.0,4435.0,484.0,2064.257666666667,chapters,2025-09-16 01:00:23.477544,WS-SPORTS-LIVE
YT0012746,- Fall Guys Broke Me: The Ultimate Win Streak Attempt,source_611,source_611,True,Company_A,content_editor_04,Sports_Live,English,debate,shorts,Youtube,,True,2025-09-16 00:00:00.000000,16.85,7.916666666666667,22.52,690.0,Playlist,21.97,278325.0,48332.0,1325.0,1755.0,32.2135,full_package,2025-09-16 02:04:44.753961,WS-SPORTS-LIVE
IG0008045,- Fall Guys: Viewer-Made Torture! (We Suffered For Your Amusement),source_612,source_612,False,Company_A,content_editor_04,Sports_Live,English,press_conference,,,,False,2025-09-16 00:00:00.000000,44.17,,,,,,,,,,,key_moments,2025-09-16 03:15:33.737072,WS-SPORTS-LIVE
IG0021548,- Fall Guys HANDICAP MADNESS! Can We Still Win?!,source_612,source_612,False,Company_A,content_editor_04,Sports_Live,English,discussion_show,,,,False,2025-09-16 00:00:00.000000,59.79,,,,,,,,,,,chapters,2025-09-17 00:24:57.119105,WS-SPORTS-LIVE
IG0012680,"- Fall Guys: 1 Win, No Losses Challenge (IMPOSSIBLE?)",source_611,source_611,False,Company_A,content_editor_04,Sports_Live,English,debate,,,,False,2025-09-16 00:00:00.000000,74.42,,,,,,,,,,,chapters,2025-09-16 16:51:20.972598,WS-SPORTS-LIVE
IG0016866,- Fall Guys God? Beating EVERY Round First Try!,source_611,source_611,False,Company_A,content_editor_04,Sports_Live,English,discussion_show,,,,False,2025-09-16 00:00:00.000000,25.46,,,,,,,,,,,my_key_moments,2025-09-16 11:12:53.793571,WS-SPORTS-LIVE
YT0024519,- Mario Maker 2: From Noob to (Almost) Pro!,source_613,source_613,True,Company_A,content_editor_04,Sports_Live,English,interview,shorts,Youtube,,True,2025-09-18 00:00:00.000000,68.6,15.666666666666666,15.24,686.0,Shorts Feed,1.89,1229843.0,59603.0,1165.0,1642.0,2789.9216666666666,key_moments,2025-09-18 02:07:08.788518,WS-SPORTS-LIVE
IG0024519,- Mario Maker 2: From Noob to (Almost) Pro!,source_613,source_613,True,Company_A,content_editor_04,Sports_Live,English,discussion_show,reels,Instagram,,True,2025-09-18 00:00:00.000000,68.6,15.666666666666666,15.0,330.0,Shorts Feed,1.89,920653.0,47169.0,878.0,1413.0,313.28,key_moments,2025-09-18 02:19:34.709703,WS-SPORTS-LIVE
YT0018408,- 100-Mario Challenge: Prepare to Rage Quit!,source_613,source_613,True,Company_A,content_editor_04,Sports_Live,English,press_conference,shorts,Youtube,,True,2025-09-21 00:00:00.000000,68.72999999999999,59.16666666666666,96.16,691.0,External,24.45,596029.0,76970.0,1108.0,53.0,8554.119833333334,full_package,2025-09-21 02:03:41.492470,WS-SPORTS-LIVE
YT0027908,- Shell Jumps & Speedruns: My Craziest Mario Maker 2 Moments!,source_613,source_613,True,Company_A,content_editor_04,Sports_Live,English,debate,shorts,Youtube,,True,2025-09-22 00:00:00.000000,60.15,24.45,37.54,589.0,Browse,6.29,723081.0,69846.0,4677.0,2439.0,3404.5063333333333,key_moments,2025-09-22 02:08:14.353100,WS-SPORTS-LIVE
YT0008158,- RLCraft is SAVAGE! I Regret Everything,source_614,source_614,True,Company_A,content_editor_04,Sports_Live,English,debate,shorts,Youtube,,True,2025-09-22 00:00:00.000000,27.9,11.05,27.52,605.0,Shorts Feed,26.75,30636.0,46891.0,5221.0,1497.0,30.210500000000003,key_moments,2025-09-22 13:12:11.464031,WS-SPORTS-LIVE
IG0027908,- Shell Jumps & Speedruns: My Craziest Mario Maker 2 Moments!,source_613,source_613,True,Company_A,content_editor_04,Sports_Live,English,press_conference,reels,Instagram,,True,2025-09-22 00:00:00.000000,60.15,24.45,36.0,344.0,Browse,6.29,477678.0,57528.0,3824.0,2096.0,809.66,full_package,2025-09-22 03:17:28.656764,WS-SPORTS-LIVE
IG0008158,- RLCraft is SAVAGE! I Regret Everything,source_614,source_614,False,Company_A,content_editor_04,Sports_Live,English,discussion_show,,,,False,2025-09-22 00:00:00.000000,27.9,,,,,,,,,,,chapters,2025-09-22 03:39:31.161107,WS-SPORTS-LIVE
YT0002785,- Dragons Ate My Homework! RLCraft Noob's Guide to Pain,source_614,source_614,False,Company_A,content_editor_04,Sports_Live,English,press_conference,,,,False,2025-09-24 00:00:00.000000,57.88,,,,,,,,,,,key_moments,2025-09-24 07:25:55.435156,WS-SPORTS-LIVE
IG0002785,- Dragons Ate My Homework! RLCraft Noob's Guide to Pain,source_614,source_614,True,Company_A,content_editor_04,Sports_Live,English,debate,reels,Instagram,,True,2025-09-24 00:00:00.000000,57.88,42.61666666666667,73.0,234.0,Notifications,13.6,634844.0,56917.0,211.0,312.0,4520.65,key_moments,2025-09-24 01:03:25.341841,WS-SPORTS-LIVE
YT0012891,- Cities: Skylines 2 - Green City GOES WRONG!,source_615,source_615,False,Company_A,content_editor_04,Sports_Live,English,press_conference,,,,False,2025-09-27 00:00:00.000000,60.39,,,,,,,,,,,key_moments,2025-09-27 04:10:19.432514,WS-SPORTS-LIVE
YT0008941,- Zero Emissions Nightmare in Cities: Skylines 2,source_615,source_615,False,Company_A,content_editor_04,Sports_Live,English,interview,,,,False,2025-09-27 00:00:00.000000,40.010000000000005,,,,,,,,,,,full_package,2025-09-27 01:39:47.840464,WS-SPORTS-LIVE
IG0012891,- Cities: Skylines 2 - Green City GOES WRONG!,source_615,source_615,True,Company_A,content_editor_04,Sports_Live,English,debate,reels,Instagram,,True,2025-09-27 00:00:00.000000,60.39,52.61666666666667,96.0,169.0,Suggested,26.82,848172.0,64969.0,109.0,1838.0,10204.45,full_package,2025-09-27 03:09:38.166163,WS-SPORTS-LIVE
IG0008941,- Zero Emissions Nightmare in Cities: Skylines 2,source_615,source_615,True,Company_A,content_editor_04,Sports_Live,English,debate,reels,Instagram,,True,2025-09-27 00:00:00.000000,40.010000000000005,20.8,50.0,144.0,Search,5.08,894846.0,53374.0,1480.0,400.0,1652.98,key_moments,2025-09-27 02:30:07.807051,WS-SPORTS-LIVE
YT0014818,- Can I Save My City? Cities: Skylines 2 Challenge Run,source_615,source_615,True,Company_A,content_editor_04,Sports_Live,English,discussion_show,shorts,Youtube,,True,2025-09-28 00:00:00.000000,58.59,22.616666666666667,34.68,618.0,External,10.54,142425.0,75570.0,1208.0,1126.0,598.0531666666667,key_moments,2025-09-28 02:24:03.811313,WS-SPORTS-LIVE
IG0014818,- Can I Save My City? Cities: Skylines 2 Challenge Run,source_615,source_615,False,Company_A,content_editor_04,Sports_Live,English,press_conference,,,,False,2025-09-28 00:00:00.000000,58.59,,,,,,,,,,,key_moments,2025-09-28 04:47:27.956142,WS-SPORTS-LIVE
YT0003634,- One-Handed Fall Guys Challenge: From Zero to Hero (Maybe?),source_616,source_616,True,Company_A,content_editor_04,Sports_Live,English,discussion_show,shorts,Youtube,,True,2025-09-29 00:00:00.000000,46.88,36.75,91.75,415.0,Shorts Feed,4.58,282562.0,73095.0,5979.0,276.0,2295.8163333333337,key_moments,2025-09-29 04:46:27.784508,WS-SPORTS-LIVE
IG0026812,"- Fall Guys, ONE HAND?! You Won't Believe What Happened!",source_616,source_616,False,Company_A,content_editor_04,Sports_Live,English,discussion_show,,,,False,2025-09-29 00:00:00.000000,64.47,,,,,,,,,,,key_moments,2025-09-29 03:21:17.832350,WS-SPORTS-LIVE
IG0003634,- One-Handed Fall Guys Challenge: From Zero to Hero (Maybe?),source_616,source_616,False,Company_A,content_editor_04,Sports_Live,English,debate,,,,False,2025-09-29 00:00:00.000000,46.88,,,,,,,,,,,full_package,2025-09-29 05:22:50.972467,WS-SPORTS-LIVE
YT0022848,- Retro Rage: Beating Old Games With IMPOSSIBLE Challenges!,source_617,source_617,True,Company_A,content_editor_04,Sports_Live,English,debate,shorts,Youtube,,True,2025-10-01 00:00:00.000000,58.51,20.833333333333336,30.64,304.0,Playlist,10.03,848214.0,66865.0,4133.0,2518.0,3141.5333333333333,key_moments,2025-10-01 01:59:47.450894,WS-SPORTS-LIVE
IG0022848,- Retro Rage: Beating Old Games With IMPOSSIBLE Challenges!,source_617,source_617,False,Company_A,content_editor_04,Sports_Live,English,debate,,,,False,2025-10-01 00:00:00.000000,58.51,,,,,,,,,,,key_moments,2025-10-01 06:54:01.034477,WS-SPORTS-LIVE
YT0007792,"- Fall Guys, But Up Is Down! (Inverted Y-Axis Challenge)",source_618,source_618,True,Company_A,content_editor_04,Sports_Live,English,interview,shorts,Youtube,,True,2025-10-02 00:00:00.000000,55.01,14.133333333333333,16.58,463.0,Search,9.7,559738.0,71936.0,1778.0,1017.0,1031.3691666666666,key_moments,2025-10-02 03:23:30.167287,WS-SPORTS-LIVE
YT0013410,- Epic Fails & Gourmet Wins: Video Game Cooking Gone WILD!,source_619,source_619,False,Company_A,content_editor_04,Sports_Live,English,debate,,,,False,2025-10-02 00:00:00.000000,43.45,,,,,,,,,,,key_moments,2025-10-02 02:42:59.588005,WS-SPORTS-LIVE
IG0007792,"- Fall Guys, But Up Is Down! (Inverted Y-Axis Challenge)",source_618,source_618,False,Company_A,content_editor_04,Sports_Live,English,press_conference,,,,False,2025-10-02 00:00:00.000000,55.01,,,,,,,,,,,key_moments,2025-10-02 02:07:04.914865,WS-SPORTS-LIVE
IG0013410,- Epic Fails & Gourmet Wins: Video Game Cooking Gone WILD!,source_619,source_619,False,Company_A,content_editor_04,Sports_Live,English,discussion_show,,,,False,2025-10-02 00:00:00.000000,43.45,,,,,,,,,,,key_moments,2025-10-02 03:17:51.139926,WS-SPORTS-LIVE
YT0001313,- Fall Guys Fails: Bean Goes Bonkers in the Blunderdome!,source_620,source_620,True,Company_A,content_editor_04,Sports_Live,English,discussion_show,shorts,Youtube,,True,2025-10-03 00:00:00.000000,17.47,8.866666666666667,55.33,440.0,Notifications,2.51,1712959.0,80736.0,2890.0,2465.0,650.2900000000001,key_moments,2025-10-03 17:51:51.573808,WS-SPORTS-LIVE
YT0003639,"- Level 1 Tarnished vs. Malenia: No Hit, ALL SKILL!",source_621,source_621,False,Company_A,content_editor_04,Sports_Live,English,debate,,,,False,2025-10-03 00:00:00.000000,21.73,,,,,,,,,,,key_moments,2025-10-03 03:48:08.789189,WS-SPORTS-LIVE
YT0011573,- Elden Ring's ULTIMATE Challenge: Malenia NO-HIT at Level 1!,source_621,source_621,False,Company_A,content_editor_04,Sports_Live,English,debate,,,,False,2025-10-03 00:00:00.000000,35.230000000000004,,,,,,,,,,,chapters,2025-10-03 01:36:04.424820,WS-SPORTS-LIVE
IG0001313,- Fall Guys Fails: Bean Goes Bonkers in the Blunderdome!,source_620,source_620,False,Company_A,content_editor_04,Sports_Live,English,interview,,,,False,2025-10-03 00:00:00.000000,17.47,,,,,,,,,,,key_moments,2025-10-03 08:20:32.600050,WS-SPORTS-LIVE
IG0003639,"- Level 1 Tarnished vs. Malenia: No Hit, ALL SKILL!",source_621,source_621,False,Company_A,content_editor_04,Sports_Live,English,debate,,,,False,2025-10-03 00:00:00.000000,21.73,,,,,,,,,,,chapters,2025-10-03 02:44:31.832086,WS-SPORTS-LIVE
IG0011573,- Elden Ring's ULTIMATE Challenge: Malenia NO-HIT at Level 1!,source_621,source_621,False,Company_A,content_editor_04,Sports_Live,English,debate,,,,False,2025-10-03 00:00:00.000000,35.230000000000004,,,,,,,,,,,chapters,2025-10-03 05:01:09.680262,WS-SPORTS-LIVE
YT0001144,"- Elden Ring: Random Items, UNEXPECTED Chaos!",source_622,source_622,False,Company_A,content_editor_04,Sports_Live,English,interview,,,,False,2025-10-04 00:00:00.000000,21.52,,,,,,,,,,,key_moments,2025-10-04 02:27:50.221486,WS-SPORTS-LIVE
IG0001144,"- Elden Ring: Random Items, UNEXPECTED Chaos!",source_622,source_622,False,Company_A,content_editor_04,Sports_Live,English,interview,,,,False,2025-10-04 00:00:00.000000,21.52,,,,,,,,,,,key_moments,2025-10-04 11:08:38.872500,WS-SPORTS-LIVE
YT0010751,- Elden Ring But EVERYTHING is Randomized!,source_622,source_622,False,Company_A,content_editor_04,Sports_Live,English,discussion_show,,,,False,2025-10-05 00:00:00.000000,61.42,,,,,,,,,,,key_moments,2025-10-05 02:29:36.592907,WS-SPORTS-LIVE
YT0026628,- Fall Guys Inverted: Can We WIN With CRAZY Controls?!,source_623,source_623,True,Company_A,content_editor_04,Sports_Live,English,debate,shorts,Youtube,,True,2025-10-05 00:00:00.000000,55.02,35.91666666666667,71.01,591.0,Suggested,13.94,240359.0,63090.0,1176.0,1648.0,1897.2781666666667,key_moments,2025-10-05 12:14:18.336681,WS-SPORTS-LIVE
YT0017346,- Jump King in SILENCE?! My Sanity's Gone.,source_624,source_624,False,Company_A,content_editor_04,Sports_Live,English,debate,,,,False,2025-10-05 00:00:00.000000,36.010000000000005,,,,,,,,,,,full_package,2025-10-05 01:43:40.309964,WS-SPORTS-LIVE
IG0010751,- Elden Ring But EVERYTHING is Randomized!,source_622,source_622,False,Company_A,content_editor_04,Sports_Live,English,interview,,,,False,2025-10-05 00:00:00.000000,61.42,,,,,,,,,,,key_moments,2025-10-05 03:09:51.905941,WS-SPORTS-LIVE
IG0026628,- Fall Guys Inverted: Can We WIN With CRAZY Controls?!,source_623,source_623,False,Company_A,content_editor_04,Sports_Live,English,debate,,,,False,2025-10-05 00:00:00.000000,55.02,,,,,,,,,,,chapters,2025-10-05 12:15:33.751740,WS-SPORTS-LIVE
IG0017346,- Jump King in SILENCE?! My Sanity's Gone.,source_624,source_624,False,Company_A,content_editor_04,Sports_Live,English,debate,,,,False,2025-10-05 00:00:00.000000,36.010000000000005,,,,,,,,,,,full_package,2025-10-05 04:34:33.739810,WS-SPORTS-LIVE
YT0006825,- Beating Jump King with NO SOUND (Rage Ensued),source_624,source_624,False,Company_A,content_editor_04,Sports_Live,English,debate,,,,False,2025-10-06 00:00:00.000000,62.04,,,,,,,,,,,chapters,2025-10-07 00:37:03.845682,WS-SPORTS-LIVE
YT0017795,- Fall Guys...But I Can Only Use My FEET?!,source_625,source_625,False,Company_A,content_editor_04,Sports_Live,English,discussion_show,,,,False,2025-10-06 00:00:00.000000,45.35,,,,,,,,,,,full_package,2025-10-06 03:13:30.569502,WS-SPORTS-LIVE
YT0017433,- I Tried to Win Fall Guys With My Feet (and it was a DISASTER),source_625,source_625,False,Company_A,content_editor_04,Sports_Live,English,interview,,,,False,2025-10-06 00:00:00.000000,18.54,,,,,,,,,,,chapters,2025-10-06 04:54:47.576296,WS-SPORTS-LIVE
IG0006825,- Beating Jump King with NO SOUND (Rage Ensued),source_624,source_624,True,Company_A,content_editor_04,Sports_Live,English,press_conference,reels,Instagram,,True,2025-10-06 00:00:00.000000,62.04,12.433333333333334,11.0,308.0,Playlist,8.24,817162.0,60474.0,903.0,640.0,123.18,chapters,2025-10-06 18:21:51.824851,WS-SPORTS-LIVE
IG0017795,- Fall Guys...But I Can Only Use My FEET?!,source_625,source_625,True,Company_A,content_editor_04,Sports_Live,English,interview,reels,Instagram,,True,2025-10-06 00:00:00.000000,45.35,14.7,21.0,259.0,Browse,10.84,702798.0,44737.0,4253.0,679.0,295.18,my_key_moments,2025-10-06 01:11:29.154525,WS-SPORTS-LIVE
IG0017433,- I Tried to Win Fall Guys With My Feet (and it was a DISASTER),source_625,source_625,True,Company_A,content_editor_04,Sports_Live,English,debate,reels,Instagram,,True,2025-10-06 00:00:00.000000,18.54,10.883333333333333,89.0,193.0,Notifications,16.64,438535.0,34354.0,3381.0,1440.0,366.81,key_moments,2025-10-06 01:04:44.631705,WS-SPORTS-LIVE
YT0009650,"- Elden Ring PvP Gone WRONG: Katanas, Chaos & Teabagging!",source_626,source_626,True,Company_A,content_editor_04,Sports_Live,English,interview,shorts,Youtube,,True,2025-10-07 00:00:00.000000,64.38,50.41666666666666,86.91,448.0,External,23.88,9572.0,98945.0,7572.0,884.0,114.11066666666667,key_moments,2025-10-07 02:07:00.345157,WS-SPORTS-LIVE
IG0009650,"- Elden Ring PvP Gone WRONG: Katanas, Chaos & Teabagging!",source_626,source_626,False,Company_A,content_editor_04,Sports_Live,English,debate,,,,False,2025-10-07 00:00:00.000000,64.38,,,,,,,,,,,key_moments,2025-10-07 07:40:03.052327,WS-SPORTS-LIVE
YT0002794,"- Elden Ring PvP: TRASH BUILDS, Unexpected WINS!",source_627,source_627,False,Company_A,content_editor_04,Sports_Live,English,interview,,,,False,2025-10-08 00:00:00.000000,55.32,,,,,,,,,,,key_moments,2025-10-08 01:06:12.307896,WS-SPORTS-LIVE
IG0002794,"- Elden Ring PvP: TRASH BUILDS, Unexpected WINS!",source_627,source_627,True,Company_A,content_editor_04,Sports_Live,English,press_conference,reels,Instagram,,True,2025-10-08 00:00:00.000000,55.32,10.133333333333333,6.0,252.0,Shorts Feed,8.5,1193301.0,58285.0,1990.0,1335.0,52.37,summary,2025-10-08 06:26:56.597952,WS-SPORTS-LIVE
YT0003418,- I Beat Elden Ring Invasions With *THESE*?! (Terrible Builds),source_627,source_627,False,Company_A,content_editor_04,Sports_Live,English,debate,,,,False,2025-10-09 00:00:00.000000,64.84,,,,,,,,,,,key_moments,2025-10-09 06:05:46.190308,WS-SPORTS-LIVE
IG0003418,- I Beat Elden Ring Invasions With *THESE*?! (Terrible Builds),source_627,source_627,False,Company_A,content_editor_04,Sports_Live,English,discussion_show,,,,False,2025-10-09 00:00:00.000000,64.84,,,,,,,,,,,chapters,2025-10-09 20:02:29.502738,WS-SPORTS-LIVE
YT0014696,- Fall Guys...But I Played With My FEET?!,source_628,source_628,False,Company_A,content_editor_04,Sports_Live,English,interview,,,,False,2025-10-10 00:00:00.000000,71.36,,,,,,,,,,,full_package,2025-10-10 09:13:55.419079,WS-SPORTS-LIVE
YT0024662,- I Tried To Win Fall Guys With My Feet (and it was a DISASTER),source_628,source_628,False,Company_A,content_editor_04,Sports_Live,English,interview,,,,False,2025-10-10 00:00:00.000000,53.35,,,,,,,,,,,key_moments,2025-10-10 05:21:08.437539,WS-SPORTS-LIVE
YT0024725,"- Cities: Skylines 2 CHAOS - Infinite Money, ZERO Planning!",source_629,source_629,True,Company_A,content_editor_04,Sports_Live,English,debate,shorts,Youtube,,True,2025-10-10 00:00:00.000000,27.75,15.816666666666666,65.23,414.0,Browse,29.42,535764.0,76894.0,7579.0,1397.0,1237.714,full_package,2025-10-10 11:51:54.333997,WS-SPORTS-LIVE
IG0014696,- Fall Guys...But I Played With My FEET?!,source_628,source_628,False,Company_A,content_editor_04,Sports_Live,English,debate,,,,False,2025-10-10 00:00:00.000000,71.36,,,,,,,,,,,key_moments,2025-10-10 06:09:21.384990,WS-SPORTS-LIVE
IG0024662,- I Tried To Win Fall Guys With My Feet (and it was a DISASTER),source_628,source_628,False,Company_A,content_editor_04,Sports_Live,English,debate,,,,False,2025-10-10 00:00:00.000000,53.35,,,,,,,,,,,chapters,2025-10-10 02:46:05.928873,WS-SPORTS-LIVE
IG0024725,"- Cities: Skylines 2 CHAOS - Infinite Money, ZERO Planning!",source_629,source_629,True,Company_A,content_editor_04,Sports_Live,English,press_conference,reels,Instagram,,True,2025-10-10 00:00:00.000000,27.75,15.816666666666666,61.0,175.0,Browse,29.42,381911.0,60954.0,5890.0,1125.0,538.19,summary,2025-10-10 01:36:03.492253,WS-SPORTS-LIVE
YT0029265,- Cities: Skylines 2 - Can This City Be Saved?!,source_629,source_629,False,Company_A,content_editor_04,Sports_Live,English,discussion_show,,,,False,2025-10-11 00:00:00.000000,38.84,,,,,,,,,,,key_moments,2025-10-11 02:32:11.552497,WS-SPORTS-LIVE
YT0022122,"Fall Guys, ONE HAND?! This Is Painful!",source_630,source_630,True,Company_A,content_editor_04,Sports_Live,English,press_conference,shorts,Youtube,,True,2025-10-11 00:00:00.000000,67.21000000000001,44.85,71.54,627.0,Shorts Feed,9.47,1229088.0,84915.0,3338.0,934.0,12751.788,full_package,2025-10-11 03:52:25.670574,WS-SPORTS-LIVE
IG0029265,- Cities: Skylines 2 - Can This City Be Saved?!,source_629,source_629,False,Company_A,content_editor_04,Sports_Live,English,interview,,,,False,2025-10-11 00:00:00.000000,38.84,,,,,,,,,,,key_moments,2025-10-11 04:36:04.186597,WS-SPORTS-LIVE
IG0022122,"Fall Guys, ONE HAND?! This Is Painful!",source_630,source_630,False,Company_A,content_editor_04,Sports_Live,English,discussion_show,,,,False,2025-10-11 00:00:00.000000,67.21000000000001,,,,,,,,,,,full_package,2025-10-11 00:43:29.273234,WS-SPORTS-LIVE
YT0008233,One-Handed Fall Guys: From Zero to Hero (Maybe),source_630,source_630,False,Company_A,content_editor_04,Sports_Live,English,debate,,,,False,2025-10-13 00:00:00.000000,56.61,,,,,,,,,,,full_package,2025-10-13 03:21:20.347258,WS-SPORTS-LIVE
IG0008233,One-Handed Fall Guys: From Zero to Hero (Maybe),source_630,source_630,False,Company_A,content_editor_04,Sports_Live,English,discussion_show,,,,False,2025-10-13 00:00:00.000000,56.61,,,,,,,,,,,chapters,2025-10-13 04:05:33.055197,WS-SPORTS-LIVE
YT0012977,Cities: Skylines 2 - NO Connections! Can We Survive?,source_631,source_631,True,Company_A,content_editor_04,Sports_Live,English,press_conference,shorts,Youtube,,True,2025-10-14 00:00:00.000000,55.86,39.36666666666667,77.99,538.0,Playlist,21.35,454443.0,61920.0,6425.0,2107.0,4022.662166666667,full_package,2025-10-14 06:11:54.979122,WS-SPORTS-LIVE
IG0012977,Cities: Skylines 2 - NO Connections! Can We Survive?,source_631,source_631,False,Company_A,content_editor_04,Sports_Live,English,discussion_show,,,,False,2025-10-14 00:00:00.000000,55.86,,,,,,,,,,,my_key_moments,2025-10-14 14:41:54.050716,WS-SPORTS-LIVE
YT0025785,Cities: Skylines 2: From Zero to Self-Sufficient City!,source_631,source_631,False,Company_A,content_editor_04,Sports_Live,English,press_conference,,,,False,2025-10-15 00:00:00.000000,28.65,,,,,,,,,,,full_package,2025-10-15 04:38:25.717648,WS-SPORTS-LIVE
IG0025785,Cities: Skylines 2: From Zero to Self-Sufficient City!,source_631,source_631,True,Company_A,content_editor_04,Sports_Live,English,discussion_show,reels,Instagram,,True,2025-10-15 00:00:00.000000,28.65,10.633333333333333,23.0,264.0,Channel Page,19.15,486499.0,44995.0,2410.0,336.0,97.39,chapters,2025-10-15 01:55:55.814341,WS-SPORTS-LIVE
YT0005399,Cities: Skylines 2 - Isolation Challenge: Epic City Build!,source_631,source_631,False,Company_A,content_editor_04,Sports_Live,English,interview,,,,False,2025-10-16 00:00:00.000000,48.09,,,,,,,,,,,full_package,2025-10-16 00:56:02.768859,WS-SPORTS-LIVE
IG0005399,Cities: Skylines 2 - Isolation Challenge: Epic City Build!,source_631,source_631,True,Company_A,content_editor_04,Sports_Live,English,discussion_show,reels,Instagram,,True,2025-10-16 00:00:00.000000,48.09,9.166666666666666,5.0,148.0,Search,11.19,437456.0,42769.0,5390.0,352.0,10.13,chapters,2025-10-16 06:55:49.080631,WS-SPORTS-LIVE
YT0000183,- Fall Guys CHAOS: Can Voice Chat Actually Win?!,source_632,source_632,False,Company_A,content_editor_04,Sports_Live,English,debate,,,,False,2025-10-17 00:00:00.000000,71.07,,,,,,,,,,,chapters,2025-10-17 01:59:44.732719,WS-SPORTS-LIVE
YT0012012,"- Elden Ring PvP, But I Make It INCREASINGLY Stupid",source_633,source_633,True,Company_A,content_editor_04,Sports_Live,English,press_conference,shorts,Youtube,,True,2025-10-18 00:00:00.000000,72.7,9.95,4.25,466.0,Channel Page,4.84,136150.0,81133.0,1222.0,507.0,92.65766666666669,full_package,2025-10-18 08:00:09.286651,WS-SPORTS-LIVE
IG0012012,"- Elden Ring PvP, But I Make It INCREASINGLY Stupid",source_633,source_633,False,Company_A,content_editor_04,Sports_Live,English,press_conference,,,,False,2025-10-18 00:00:00.000000,72.7,,,,,,,,,,,key_moments,2025-10-18 12:14:02.907461,WS-SPORTS-LIVE
YT0021561,- I Ruined Elden Ring PvP With These Dumb Rules,source_633,source_633,True,Company_A,content_editor_04,Sports_Live,English,interview,shorts,Youtube,,True,2025-10-19 00:00:00.000000,62.23,50.333333333333336,90.69,471.0,External,16.8,1212590.0,87534.0,5223.0,1675.0,14427.5755,key_moments,2025-10-19 01:09:46.932618,WS-SPORTS-LIVE
IG0021561,- I Ruined Elden Ring PvP With These Dumb Rules,source_633,source_633,False,Company_A,content_editor_04,Sports_Live,English,interview,,,,False,2025-10-19 00:00:00.000000,62.23,,,,,,,,,,,key_moments,2025-10-19 06:13:48.719397,WS-SPORTS-LIVE
YT0015681,"- Fall Guys: One Hand, Zero Clue?!",source_634,source_634,False,Company_A,content_editor_04,Sports_Live,English,interview,,,,False,2025-10-22 00:00:00.000000,51.75,,,,,,,,,,,key_moments,2025-10-22 11:15:00.978522,WS-SPORTS-LIVE
YT0010052,- One-Handed Fall Guys: From Zero to Hero (Maybe?),source_634,source_634,False,Company_A,content_editor_04,Sports_Live,English,debate,,,,False,2025-10-23 00:00:00.000000,62.05,,,,,,,,,,,key_moments,2025-10-23 09:02:19.660447,WS-SPORTS-LIVE
IG0010052,- One-Handed Fall Guys: From Zero to Hero (Maybe?),source_634,source_634,False,Company_A,content_editor_04,Sports_Live,English,interview,,,,False,2025-10-23 00:00:00.000000,62.05,,,,,,,,,,,key_moments,2025-10-23 00:44:51.569975,WS-SPORTS-LIVE
YT0013337,"- 1,000,000 City Challenge: Skylines 2 Broke Me",source_635,source_635,False,Company_A,content_editor_04,Sports_Live,English,discussion_show,,,,False,2025-10-24 00:00:00.000000,18.33,,,,,,,,,,,chapters,2025-10-24 02:01:14.001631,WS-SPORTS-LIVE
IG0013337,"- 1,000,000 City Challenge: Skylines 2 Broke Me",source_635,source_635,False,Company_A,content_editor_04,Sports_Live,English,debate,,,,False,2025-10-24 00:00:00.000000,18.33,,,,,,,,,,,key_moments,2025-10-24 01:26:11.091572,WS-SPORTS-LIVE
YT0024360,"- Fall Guys, One Hand: Instant Regret?",source_636,source_636,False,Company_A,content_editor_04,Sports_Live,English,press_conference,,,,False,2025-10-25 00:00:00.000000,29.31,,,,,,,,,,,key_moments,2025-10-25 06:04:49.485573,WS-SPORTS-LIVE
YT0027403,- One-Handed Fall Guys: From Fails to (Maybe) a Win!,source_636,source_636,False,Company_A,content_editor_04,Sports_Live,English,interview,,,,False,2025-10-25 00:00:00.000000,24.09,,,,,,,,,,,chapters,2025-10-25 05:34:03.191206,WS-SPORTS-LIVE
IG0024360,"- Fall Guys, One Hand: Instant Regret?",source_636,source_636,False,Company_A,content_editor_04,Sports_Live,English,debate,,,,False,2025-10-25 00:00:00.000000,29.31,,,,,,,,,,,key_moments,2025-10-25 00:27:43.484842,WS-SPORTS-LIVE
YT0024523,- Fall Guys: Is One Hand Enough to Clutch the Crown?!,source_636,source_636,True,Company_A,content_editor_04,Sports_Live,English,interview,shorts,Youtube,,True,2025-10-26 00:00:00.000000,55.18,41.3,84.12,512.0,External,17.0,1375372.0,97955.0,5763.0,351.0,12913.214833333332,key_moments,2025-10-26 03:08:39.907592,WS-SPORTS-LIVE
YT0008904,- Elden Ring's Glitchiest Secrets EXPOSED!,source_637,source_637,False,Company_A,content_editor_04,Sports_Live,English,press_conference,,,,False,2025-10-26 00:00:00.000000,37.43,,,,,,,,,,,full_package,2025-10-26 07:35:25.055655,WS-SPORTS-LIVE
IG0024523,- Fall Guys: Is One Hand Enough to Clutch the Crown?!,source_636,source_636,True,Company_A,content_editor_04,Sports_Live,English,interview,reels,Instagram,,True,2025-10-26 00:00:00.000000,55.18,41.3,76.0,311.0,External,17.0,723528.0,66827.0,4518.0,359.0,5162.77,my_key_moments,2025-10-26 04:30:09.686563,WS-SPORTS-LIVE
IG0008904,- Elden Ring's Glitchiest Secrets EXPOSED!,source_637,source_637,False,Company_A,content_editor_04,Sports_Live,English,interview,,,,False,2025-10-26 00:00:00.000000,37.43,,,,,,,,,,,chapters,2025-10-26 04:29:47.538894,WS-SPORTS-LIVE
YT0028392,- Surgeon Simulator 2: Beating the Game With a STEERING WHEEL?!,source_639,source_639,True,Company_A,content_editor_04,Sports_Live,English,interview,shorts,Youtube,,True,2025-10-27 00:00:00.000000,21.8,10.916666666666666,50.25,421.0,Channel Page,26.71,866134.0,72961.0,932.0,1802.0,822.0253333333333,key_moments,2025-10-27 02:59:13.521230,WS-SPORTS-LIVE
YT0013596,- Medical Mayhem: Steering Wheel Surgery Gone WRONG!,source_639,source_639,False,Company_A,content_editor_04,Sports_Live,English,press_conference,,,,False,2025-10-27 00:00:00.000000,28.56,,,,,,,,,,,key_moments,2025-10-27 01:42:52.324157,WS-SPORTS-LIVE
YT0004268,- I Played Surgeon Simulator 2 With a Steering Wheel (and it was a DISASTER),source_639,source_639,False,Company_A,content_editor_04,Sports_Live,English,interview,,,,False,2025-10-27 00:00:00.000000,45.4,,,,,,,,,,,my_key_moments,2025-10-27 03:56:44.851305,WS-SPORTS-LIVE
YT0008155,- Elden Ring...But I Can Only Use a DANCE PAD?!,source_638,source_638,True,Company_A,content_editor_04,Sports_Live,English,discussion_show,shorts,Youtube,,True,2025-10-27 00:00:00.000000,18.56,7.733333333333333,6.55,525.0,Playlist,10.64,659640.0,83590.0,7726.0,399.0,42.7545,full_package,2025-10-27 04:10:12.796953,WS-SPORTS-LIVE
IG0028392,- Surgeon Simulator 2: Beating the Game With a STEERING WHEEL?!,source_639,source_639,False,Company_A,content_editor_04,Sports_Live,English,discussion_show,,,,False,2025-10-27 00:00:00.000000,21.8,,,,,,,,,,,full_package,2025-10-27 06:32:37.207459,WS-SPORTS-LIVE
IG0013596,- Medical Mayhem: Steering Wheel Surgery Gone WRONG!,source_639,source_639,False,Company_A,content_editor_04,Sports_Live,English,discussion_show,,,,False,2025-10-27 00:00:00.000000,28.56,,,,,,,,,,,full_package,2025-10-27 06:58:59.194096,WS-SPORTS-LIVE
IG0004268,- I Played Surgeon Simulator 2 With a Steering Wheel (and it was a DISASTER),source_639,source_639,True,Company_A,content_editor_04,Sports_Live,English,interview,reels,Instagram,,True,2025-10-27 00:00:00.000000,45.4,12.033333333333331,14.0,413.0,Notifications,22.3,740260.0,33966.0,2462.0,995.0,130.51,key_moments,2025-10-27 04:17:03.885925,WS-SPORTS-LIVE
IG0008155,- Elden Ring...But I Can Only Use a DANCE PAD?!,source_638,source_638,False,Company_A,content_editor_04,Sports_Live,English,interview,,,,False,2025-10-27 00:00:00.000000,18.56,,,,,,,,,,,key_moments,2025-10-27 09:36:15.830526,WS-SPORTS-LIVE
YT0018421,"- Fall Guys, But EVERYTHING Is Backwards!",source_640,source_640,False,Company_A,content_editor_04,Sports_Live,English,debate,,,,False,2025-10-28 00:00:00.000000,31.49,,,,,,,,,,,chapters,2025-10-28 02:57:48.425296,WS-SPORTS-LIVE
IG0018421,"- Fall Guys, But EVERYTHING Is Backwards!",source_640,source_640,True,Company_A,content_editor_04,Sports_Live,English,interview,reels,Instagram,,True,2025-10-28 00:00:00.000000,31.49,10.15,14.0,180.0,Suggested,3.71,430467.0,57771.0,4631.0,1758.0,44.36,summary,2025-10-28 01:15:35.832100,WS-SPORTS-LIVE
YT0029347,- Inverted Fall Guys: Can I Actually Win?!,source_640,source_640,True,Company_A,content_editor_04,Sports_Live,English,discussion_show,shorts,Youtube,,True,2025-10-30 00:00:00.000000,42.47,16.316666666666666,32.1,420.0,Playlist,15.91,598429.0,74797.0,7952.0,85.0,1465.5970000000002,key_moments,2025-10-30 05:51:31.521648,WS-SPORTS-LIVE
YT0000079,- Fall Guys Invert Mode: The ULTIMATE Torture Test,source_640,source_640,False,Company_A,content_editor_04,Sports_Live,English,debate,,,,False,2025-10-30 00:00:00.000000,34.69,,,,,,,,,,,full_package,2025-10-30 04:25:32.034808,WS-SPORTS-LIVE
YT0024942,- Fall Guys CURSED MOD: Prepare to Rage!,source_641,source_641,False,Company_A,content_editor_04,Sports_Live,English,debate,,,,False,2025-10-30 00:00:00.000000,23.83,,,,,,,,,,,key_moments,2025-10-30 05:57:09.605898,WS-SPORTS-LIVE
IG0029347,- Inverted Fall Guys: Can I Actually Win?!,source_640,source_640,False,Company_A,content_editor_04,Sports_Live,English,interview,,,,False,2025-10-30 00:00:00.000000,42.47,,,,,,,,,,,my_key_moments,2025-10-30 01:27:16.572221,WS-SPORTS-LIVE
IG0000079,- Fall Guys Invert Mode: The ULTIMATE Torture Test,source_640,source_640,False,Company_A,content_editor_04,Sports_Live,English,debate,,,,False,2025-10-30 00:00:00.000000,34.69,,,,,,,,,,,key_moments,2025-10-30 16:45:32.146882,WS-SPORTS-LIVE
IG0024942,- Fall Guys CURSED MOD: Prepare to Rage!,source_641,source_641,False,Company_A,content_editor_04,Sports_Live,English,interview,,,,False,2025-10-30 00:00:00.000000,23.83,,,,,,,,,,,full_package,2025-10-30 07:03:42.386332,WS-SPORTS-LIVE
YT0022663,- Fall Guys but EVERYTHING is Trying to KILL ME,source_641,source_641,True,Company_A,content_editor_04,Sports_Live,English,discussion_show,shorts,Youtube,,True,2025-10-31 00:00:00.000000,58.58,31.65,55.42,666.0,Browse,27.1,300799.0,47910.0,2214.0,289.0,2017.86,key_moments,2025-10-31 03:10:36.736723,WS-SPORTS-LIVE
YT0005743,- I Survived the MOST EVIL Fall Guys Mod!,source_641,source_641,False,Company_A,content_editor_04,Sports_Live,English,interview,,,,False,2025-11-02 00:00:00.000000,50.32,,,,,,,,,,,chapters,2025-11-02 01:53:33.225773,WS-SPORTS-LIVE
YT0027154,Fall Guys Random Squad CHAOS! 🤣,source_642,source_642,False,Company_A,content_editor_04,Sports_Live,English,press_conference,,,,False,2025-11-03 00:00:00.000000,71.64,,,,,,,,,,,full_package,2025-11-03 09:28:08.188123,WS-SPORTS-LIVE
YT0010206,Fall Guys: Can Strangers WIN?!,source_642,source_642,True,Company_A,content_editor_04,Sports_Live,English,discussion_show,shorts,Youtube,,True,2025-11-03 00:00:00.000000,50.18,27.166666666666668,55.9,548.0,External,16.73,1524989.0,87812.0,5084.0,95.0,8330.9585,key_moments,2025-11-03 01:39:24.423364,WS-SPORTS-LIVE
YT0005563,Fall Guys Teamwork: IMPOSSIBLE?,source_642,source_642,True,Company_A,content_editor_04,Sports_Live,English,interview,shorts,Youtube,,True,2025-11-03 00:00:00.000000,17.59,9.266666666666666,68.21,529.0,Search,15.1,550126.0,83905.0,2304.0,1600.0,269.96916666666664,full_package,2025-11-04 00:25:10.571641,WS-SPORTS-LIVE
IG0027154,Fall Guys Random Squad CHAOS! 🤣,source_642,source_642,False,Company_A,content_editor_04,Sports_Live,English,interview,,,,False,2025-11-03 00:00:00.000000,71.64,,,,,,,,,,,summary,2025-11-03 02:26:56.846396,WS-SPORTS-LIVE
IG0010206,Fall Guys: Can Strangers WIN?!,source_642,source_642,False,Company_A,content_editor_04,Sports_Live,English,debate,,,,False,2025-11-03 00:00:00.000000,50.18,,,,,,,,,,,my_key_moments,2025-11-03 15:50:33.132921,WS-SPORTS-LIVE
IG0005563,Fall Guys Teamwork: IMPOSSIBLE?,source_642,source_642,False,Company_A,content_editor_04,Sports_Live,English,interview,,,,False,2025-11-03 00:00:00.000000,17.59,,,,,,,,,,,key_moments,2025-11-03 03:27:04.237210,WS-SPORTS-LIVE
YT0023044,- Fall Guys INVERTED: Can I Actually Win?!,source_643,source_643,False,Company_A,content_editor_04,Sports_Live,English,interview,,,,False,2025-11-04 00:00:00.000000,41.15,,,,,,,,,,,full_package,2025-11-04 14:09:59.996987,WS-SPORTS-LIVE
YT0013230,- Fall Guys: Inverted Y-Axis = Instant Fail?!,source_643,source_643,False,Company_A,content_editor_04,Sports_Live,English,press_conference,,,,False,2025-11-04 00:00:00.000000,52.69,,,,,,,,,,,summary,2025-11-04 02:13:19.134922,WS-SPORTS-LIVE
IG0023044,- Fall Guys INVERTED: Can I Actually Win?!,source_643,source_643,False,Company_A,content_editor_04,Sports_Live,English,discussion_show,,,,False,2025-11-04 00:00:00.000000,41.15,,,,,,,,,,,chapters,2025-11-04 04:03:38.638285,WS-SPORTS-LIVE
IG0013230,- Fall Guys: Inverted Y-Axis = Instant Fail?!,source_643,source_643,True,Company_A,content_editor_04,Sports_Live,English,interview,reels,Instagram,,True,2025-11-04 00:00:00.000000,52.69,41.35,87.0,270.0,Browse,16.7,769577.0,39880.0,965.0,438.0,6295.46,key_moments,2025-11-04 07:36:53.282829,WS-SPORTS-LIVE
YT0015072,- Fall Guys Victory... Upside Down?!,source_643,source_643,True,Company_A,content_editor_04,Sports_Live,English,debate,shorts,Youtube,,True,2025-11-05 00:00:00.000000,71.27000000000001,36.1,50.83,595.0,Search,7.76,1258822.0,43440.0,5934.0,855.0,10000.6415,full_package,2025-11-05 06:47:36.350490,WS-SPORTS-LIVE
IG0015072,- Fall Guys Victory... Upside Down?!,source_643,source_643,False,Company_A,content_editor_04,Sports_Live,English,interview,,,,False,2025-11-05 00:00:00.000000,71.27000000000001,,,,,,,,,,,key_moments,2025-11-05 09:38:58.121058,WS-SPORTS-LIVE
YT0029036,- Lethal Company: Quota? More Like CHAOS! 🤣,source_644,source_644,False,Company_A,content_editor_04,Sports_Live,English,press_conference,,,,False,2025-11-06 00:00:00.000000,37.620000000000005,,,,,,,,,,,summary,2025-11-06 02:42:29.836491,WS-SPORTS-LIVE
IG0029036,- Lethal Company: Quota? More Like CHAOS! 🤣,source_644,source_644,True,Company_A,content_editor_04,Sports_Live,English,interview,reels,Instagram,,True,2025-11-06 00:00:00.000000,37.620000000000005,8.033333333333333,2.0,137.0,Playlist,21.74,920589.0,62545.0,5880.0,58.0,2.73,key_moments,2025-11-06 04:16:50.897744,WS-SPORTS-LIVE
YT0013967,- We ALMOST Met the Lethal Company Quota! 💀,source_644,source_644,False,Company_A,content_editor_04,Sports_Live,English,discussion_show,,,,False,2025-11-07 00:00:00.000000,41.28,,,,,,,,,,,key_moments,2025-11-07 10:51:32.829733,WS-SPORTS-LIVE
IG0013967,- We ALMOST Met the Lethal Company Quota! 💀,source_644,source_644,False,Company_A,content_editor_04,Sports_Live,English,discussion_show,,,,False,2025-11-07 00:00:00.000000,41.28,,,,,,,,,,,key_moments,2025-11-07 02:16:30.900191,WS-SPORTS-LIVE
YT0010917,- Cities: Skylines 2 - No Roads Challenge: Can I Build a City on Pedestrians Alone?!,source_645,source_645,False,Company_A,content_editor_04,Sports_Live,English,interview,,,,False,2025-11-09 00:00:00.000000,36.4,,,,,,,,,,,key_moments,2025-11-09 06:19:25.837464,WS-SPORTS-LIVE
YT0002990,- I Built a CITY Without ROADS in Cities: Skylines 2! (Chaos Ensued),source_645,source_645,True,Company_A,content_editor_04,Sports_Live,English,interview,shorts,Youtube,,True,2025-11-09 00:00:00.000000,46.78,39.2,99.75,567.0,Browse,0.13,948126.0,96300.0,6306.0,730.0,8348.776166666667,full_package,2025-11-09 03:21:24.214508,WS-SPORTS-LIVE
YT0004168,- Cities: Skylines 2 - The Ultimate No Roads Experiment!,source_645,source_645,True,Company_A,content_editor_04,Sports_Live,English,debate,shorts,Youtube,,True,2025-11-09 00:00:00.000000,42.39,16.85,34.14,330.0,Suggested,8.38,1999023.0,76653.0,2474.0,1502.0,5191.907,full_package,2025-11-09 04:42:58.154560,WS-SPORTS-LIVE
IG0010917,- Cities: Skylines 2 - No Roads Challenge: Can I Build a City on Pedestrians Alone?!,source_645,source_645,False,Company_A,content_editor_04,Sports_Live,English,press_conference,,,,False,2025-11-09 00:00:00.000000,36.4,,,,,,,,,,,key_moments,2025-11-09 04:16:47.715335,WS-SPORTS-LIVE
IG0002990,- I Built a CITY Without ROADS in Cities: Skylines 2! (Chaos Ensued),source_645,source_645,False,Company_A,content_editor_04,Sports_Live,English,debate,,,,False,2025-11-09 00:00:00.000000,46.78,,,,,,,,,,,chapters,2025-11-09 02:07:44.518451,WS-SPORTS-LIVE
IG0004168,- Cities: Skylines 2 - The Ultimate No Roads Experiment!,source_645,source_645,True,Company_A,content_editor_04,Sports_Live,English,discussion_show,reels,Instagram,,True,2025-11-09 00:00:00.000000,42.39,16.85,34.0,168.0,Suggested,8.38,1462729.0,54846.0,1809.0,1274.0,1291.67,my_key_moments,2025-11-09 03:14:49.297188,WS-SPORTS-LIVE
YT0021479,- Elden Ring Beaten With a BROKEN Sword?! (Why Did I Do This?),source_646,source_646,True,Company_A,content_editor_04,Sports_Live,English,discussion_show,shorts,Youtube,,True,2025-11-10 00:00:00.000000,42.49,33.41666666666667,94.28,436.0,Playlist,13.37,237415.0,56640.0,2744.0,2774.0,1709.1681666666666,my_key_moments,2025-11-10 04:29:30.264134,WS-SPORTS-LIVE
YT0015959,"- Elden Ring: Level 1 Run - Pain, Suffering, and (Maybe) Victory!",source_647,source_647,True,Company_A,content_editor_04,Sports_Live,English,press_conference,shorts,Youtube,,True,2025-11-10 00:00:00.000000,43.05,21.333333333333336,49.32,533.0,Suggested,23.53,1994909.0,53592.0,7164.0,424.0,7665.622499999999,full_package,2025-11-10 03:41:03.939108,WS-SPORTS-LIVE
IG0021479,- Elden Ring Beaten With a BROKEN Sword?! (Why Did I Do This?),source_646,source_646,False,Company_A,content_editor_04,Sports_Live,English,debate,,,,False,2025-11-10 00:00:00.000000,42.49,,,,,,,,,,,summary,2025-11-10 14:04:34.203095,WS-SPORTS-LIVE
IG0015959,"- Elden Ring: Level 1 Run - Pain, Suffering, and (Maybe) Victory!",source_647,source_647,False,Company_A,content_editor_04,Sports_Live,English,debate,,,,False,2025-11-10 00:00:00.000000,43.05,,,,,,,,,,,full_package,2025-11-10 08:58:24.051378,WS-SPORTS-LIVE
YT0010757,- Wretch to Elden Lord? Level 1 Boss Rush!,source_647,source_647,False,Company_A,content_editor_04,Sports_Live,English,discussion_show,,,,False,2025-11-11 00:00:00.000000,39.66,,,,,,,,,,,summary,2025-11-11 05:02:39.840778,WS-SPORTS-LIVE
YT0003677,- Crab Game CHAOS: We Broke It With ROCKETS!,source_648,source_648,True,Company_A,content_editor_04,Sports_Live,English,interview,shorts,Youtube,,True,2025-11-11 00:00:00.000000,47.12,39.6,99.94,495.0,Channel Page,0.11,1078199.0,42560.0,7576.0,2670.0,9613.941,summary,2025-11-11 02:10:20.208843,WS-SPORTS-LIVE
IG0003677,- Crab Game CHAOS: We Broke It With ROCKETS!,source_648,source_648,False,Company_A,content_editor_04,Sports_Live,English,press_conference,,,,False,2025-11-11 00:00:00.000000,47.12,,,,,,,,,,,key_moments,2025-11-11 02:04:08.478125,WS-SPORTS-LIVE
YT0024647,- Glass Bridge NO JUMP Challenge?! Crab Game Mayhem!,source_648,source_648,True,Company_A,content_editor_04,Sports_Live,English,interview,shorts,Youtube,,True,2025-11-12 00:00:00.000000,30.59,15.433333333333334,50.89,428.0,Suggested,9.26,1728706.0,53929.0,3735.0,1879.0,3809.555833333333,summary,2025-11-12 19:24:04.897581,WS-SPORTS-LIVE
IG0024647,- Glass Bridge NO JUMP Challenge?! Crab Game Mayhem!,source_648,source_648,True,Company_A,content_editor_04,Sports_Live,English,interview,reels,Instagram,,True,2025-11-12 00:00:00.000000,30.59,15.433333333333334,50.0,208.0,Suggested,9.26,1238862.0,34208.0,2558.0,1828.0,1365.04,full_package,2025-11-12 01:46:59.369202,WS-SPORTS-LIVE
YT0003849,- Elden Ring is MORE Broken Than You Think!,source_649,source_649,False,Company_A,content_editor_04,Sports_Live,English,press_conference,,,,False,2025-11-13 00:00:00.000000,22.25,,,,,,,,,,,full_package,2025-11-13 04:22:53.256843,WS-SPORTS-LIVE
YT0010650,- UNLIMITED HEALING?! Elden Ring Glitches You NEED to See!,source_649,source_649,False,Company_A,content_editor_04,Sports_Live,English,debate,,,,False,2025-11-13 00:00:00.000000,32.08,,,,,,,,,,,my_key_moments,2025-11-13 05:20:20.687599,WS-SPORTS-LIVE
IG0003849,- Elden Ring is MORE Broken Than You Think!,source_649,source_649,False,Company_A,content_editor_04,Sports_Live,English,interview,,,,False,2025-11-13 00:00:00.000000,22.25,,,,,,,,,,,key_moments,2025-11-13 03:07:05.290190,WS-SPORTS-LIVE
IG0010650,- UNLIMITED HEALING?! Elden Ring Glitches You NEED to See!,source_649,source_649,False,Company_A,content_editor_04,Sports_Live,English,interview,,,,False,2025-11-13 00:00:00.000000,32.08,,,,,,,,,,,key_moments,2025-11-13 01:47:38.939853,WS-SPORTS-LIVE
YT0002756,- Skip Bosses & Duplicate ANYTHING in Elden Ring!,source_649,source_649,False,Company_A,content_editor_04,Sports_Live,English,debate,,,,False,2025-11-14 00:00:00.000000,27.26,,,,,,,,,,,full_package,2025-11-14 02:08:05.311390,WS-SPORTS-LIVE
YT0026332,Fall Guys: NO JUMP Challenge! (IMPOSSIBLE?),source_650,source_650,False,Company_A,content_editor_04,Sports_Live,English,press_conference,,,,False,2025-11-14 00:00:00.000000,64.22,,,,,,,,,,,full_package,2025-11-14 02:35:00.091183,WS-SPORTS-LIVE
IG0002756,- Skip Bosses & Duplicate ANYTHING in Elden Ring!,source_649,source_649,False,Company_A,content_editor_04,Sports_Live,English,interview,,,,False,2025-11-14 00:00:00.000000,27.26,,,,,,,,,,,summary,2025-11-14 02:16:03.180917,WS-SPORTS-LIVE
IG0026332,Fall Guys: NO JUMP Challenge! (IMPOSSIBLE?),source_650,source_650,True,Company_A,content_editor_04,Sports_Live,English,interview,reels,Instagram,,True,2025-11-14 00:00:00.000000,64.22,53.25,82.0,400.0,Suggested,8.03,926571.0,55496.0,5010.0,1108.0,9655.64,summary,2025-11-14 11:34:14.296524,WS-SPORTS-LIVE
YT0001776,- Crab Game CHAOS: Friendships ENDED!,source_651,source_651,False,Company_A,content_editor_04,Sports_Live,English,debate,,,,False,2025-11-15 00:00:00.000000,25.61,,,,,,,,,,,chapters,2025-11-15 03:58:15.251395,WS-SPORTS-LIVE
YT0024371,Fall Guys: Beating Fall Guys Without Jumping?!,source_650,source_650,True,Company_A,content_editor_04,Sports_Live,English,press_conference,shorts,Youtube,,True,2025-11-15 00:00:00.000000,73.3,14.4,11.84,486.0,Browse,8.23,356173.0,73015.0,5259.0,1498.0,682.6648333333334,my_key_moments,2025-11-15 02:37:50.553239,WS-SPORTS-LIVE
YT0012230,Fall Guys: This No-Jump Run Broke Me,source_650,source_650,False,Company_A,content_editor_04,Sports_Live,English,interview,,,,False,2025-11-15 00:00:00.000000,24.99,,,,,,,,,,,key_moments,2025-11-15 04:21:26.408577,WS-SPORTS-LIVE
IG0001776,- Crab Game CHAOS: Friendships ENDED!,source_651,source_651,False,Company_A,content_editor_04,Sports_Live,English,press_conference,,,,False,2025-11-15 00:00:00.000000,25.61,,,,,,,,,,,my_key_moments,2025-11-15 06:49:31.639962,WS-SPORTS-LIVE
IG0024371,Fall Guys: Beating Fall Guys Without Jumping?!,source_650,source_650,True,Company_A,content_editor_04,Sports_Live,English,press_conference,reels,Instagram,,True,2025-11-15 00:00:00.000000,73.3,14.4,11.0,232.0,Browse,8.23,217804.0,57728.0,3306.0,1616.0,45.92,key_moments,2025-11-15 03:02:10.231058,WS-SPORTS-LIVE
IG0012230,Fall Guys: This No-Jump Run Broke Me,source_650,source_650,True,Company_A,content_editor_04,Sports_Live,English,interview,reels,Instagram,,True,2025-11-15 00:00:00.000000,24.99,14.983333333333334,76.0,267.0,Search,22.46,555086.0,45392.0,1200.0,690.0,876.93,chapters,2025-11-15 08:13:50.766868,WS-SPORTS-LIVE
YT0000948,- We Survived CRAB GAME (Barely),source_651,source_651,False,Company_A,content_editor_04,Sports_Live,English,press_conference,,,,False,2025-11-17 00:00:00.000000,16.19,,,,,,,,,,,key_moments,2025-11-17 01:26:48.598341,WS-SPORTS-LIVE
YT0014740,- Cities: Skylines 2 NO MONEY CHALLENGE! Can We Survive?,source_652,source_652,False,Company_A,content_editor_04,Sports_Live,English,discussion_show,,,,False,2025-11-17 00:00:00.000000,30.32,,,,,,,,,,,chapters,2025-11-17 10:12:34.883908,WS-SPORTS-LIVE
IG0000948,- We Survived CRAB GAME (Barely),source_651,source_651,False,Company_A,content_editor_04,Sports_Live,English,debate,,,,False,2025-11-17 00:00:00.000000,16.19,,,,,,,,,,,key_moments,2025-11-17 03:58:17.237471,WS-SPORTS-LIVE
IG0014740,- Cities: Skylines 2 NO MONEY CHALLENGE! Can We Survive?,source_652,source_652,False,Company_A,content_editor_04,Sports_Live,English,debate,,,,False,2025-11-17 00:00:00.000000,30.32,,,,,,,,,,,key_moments,2025-11-17 03:50:57.385300,WS-SPORTS-LIVE
YT0014428,- Debt City! Building a Metropolis from ZERO in Cities: Skylines 2,source_652,source_652,False,Company_A,content_editor_04,Sports_Live,English,press_conference,,,,False,2025-11-18 00:00:00.000000,45.67,,,,,,,,,,,summary,2025-11-18 02:17:51.507245,WS-SPORTS-LIVE
IG0014428,- Debt City! Building a Metropolis from ZERO in Cities: Skylines 2,source_652,source_652,False,Company_A,content_editor_04,Sports_Live,English,discussion_show,,,,False,2025-11-18 00:00:00.000000,45.67,,,,,,,,,,,full_package,2025-11-18 01:29:52.171083,WS-SPORTS-LIVE
YT0005540,- Glitchtopia: When Games Go Hilariously Wrong!,source_653,source_653,False,Company_A,content_editor_04,Sports_Live,English,discussion_show,,,,False,2025-11-19 00:00:00.000000,47.68,,,,,,,,,,,key_moments,2025-11-19 01:03:15.782788,WS-SPORTS-LIVE
YT0012194,- Only Up! Almost Broke Me (Rage Game Regret),source_654,source_654,False,Company_A,content_editor_04,Sports_Live,English,press_conference,,,,False,2025-11-19 00:00:00.000000,42.71,,,,,,,,,,,full_package,2025-11-19 02:10:22.520924,WS-SPORTS-LIVE
IG0005540,- Glitchtopia: When Games Go Hilariously Wrong!,source_653,source_653,False,Company_A,content_editor_04,Sports_Live,English,debate,,,,False,2025-11-19 00:00:00.000000,47.68,,,,,,,,,,,key_moments,2025-11-19 06:24:03.109394,WS-SPORTS-LIVE
IG0012194,- Only Up! Almost Broke Me (Rage Game Regret),source_654,source_654,True,Company_A,content_editor_04,Sports_Live,English,press_conference,reels,Instagram,,True,2025-11-19 00:00:00.000000,42.71,13.95,22.0,237.0,External,5.41,1297470.0,30661.0,2305.0,455.0,511.42,key_moments,2025-11-19 01:51:13.907155,WS-SPORTS-LIVE
YT0013940,- I Played Only Up! So You Don't Have To,source_654,source_654,True,Company_A,content_editor_04,Sports_Live,English,press_conference,shorts,Youtube,,True,2025-11-21 00:00:00.000000,18.9,9.016666666666666,38.89,679.0,Browse,21.09,677718.0,78223.0,871.0,2941.0,285.5201666666666,key_moments,2025-11-21 01:09:32.309244,WS-SPORTS-LIVE
YT0009496,- Only Up! Victory... or Utter Defeat?!,source_654,source_654,False,Company_A,content_editor_04,Sports_Live,English,interview,,,,False,2025-11-21 00:00:00.000000,38.06,,,,,,,,,,,chapters,2025-11-21 01:55:58.583670,WS-SPORTS-LIVE
IG0013940,- I Played Only Up! So You Don't Have To,source_654,source_654,False,Company_A,content_editor_04,Sports_Live,English,interview,,,,False,2025-11-21 00:00:00.000000,18.9,,,,,,,,,,,full_package,2025-11-21 02:56:24.191845,WS-SPORTS-LIVE
IG0009496,- Only Up! Victory... or Utter Defeat?!,source_654,source_654,True,Company_A,content_editor_04,Sports_Live,English,debate,reels,Instagram,,True,2025-11-21 00:00:00.000000,38.06,19.45,48.0,192.0,Channel Page,1.54,130379.0,61522.0,5800.0,2308.0,207.74,full_package,2025-11-21 03:02:02.525631,WS-SPORTS-LIVE
YT0008942,Fall Guys CHAOS: Can I Survive This?!,source_655,source_655,True,Company_A,content_editor_04,Sports_Live,English,press_conference,shorts,Youtube,,True,2025-11-22 00:00:00.000000,40.79,24.55,66.11,616.0,Shorts Feed,21.14,1222340.0,68076.0,6747.0,1850.0,5789.138000000001,full_package,2025-11-22 03:36:29.143329,WS-SPORTS-LIVE
IG0008942,Fall Guys CHAOS: Can I Survive This?!,source_655,source_655,True,Company_A,content_editor_04,Sports_Live,English,interview,reels,Instagram,,True,2025-11-22 00:00:00.000000,40.79,24.55,64.0,339.0,Shorts Feed,21.14,903780.0,57264.0,5036.0,1490.0,2739.46,chapters,2025-11-22 09:08:14.757002,WS-SPORTS-LIVE
YT0010270,Fall Guys FAIL Compilation: Prepare to LAUGH!,source_655,source_655,True,Company_A,content_editor_04,Sports_Live,English,discussion_show,shorts,Youtube,,True,2025-11-23 00:00:00.000000,64.67,48.5,82.54,317.0,Shorts Feed,25.34,763244.0,65158.0,7860.0,2905.0,8692.501166666667,full_package,2025-11-23 10:51:59.918313,WS-SPORTS-LIVE
YT0020875,- Elden Ring: Level 1 Agony - NO SUMMONS ALLOWED!,source_656,source_656,False,Company_A,content_editor_04,Sports_Live,English,interview,,,,False,2025-11-24 00:00:00.000000,31.21,,,,,,,,,,,my_key_moments,2025-11-24 19:53:56.033668,WS-SPORTS-LIVE
YT0021217,- Elden Ring: I Tried a Level 1 Run...and Regretted EVERYTHING,source_656,source_656,True,Company_A,content_editor_04,Sports_Live,English,debate,shorts,Youtube,,True,2025-11-24 00:00:00.000000,30.96,7.583333333333333,0.52,554.0,Browse,3.97,939885.0,60852.0,5944.0,1354.0,21.756666666666668,key_moments,2025-11-24 01:05:24.748816,WS-SPORTS-LIVE
IG0020875,- Elden Ring: Level 1 Agony - NO SUMMONS ALLOWED!,source_656,source_656,True,Company_A,content_editor_04,Sports_Live,English,discussion_show,reels,Instagram,,True,2025-11-24 00:00:00.000000,31.21,12.066666666666666,29.0,224.0,Playlist,23.71,278041.0,47590.0,363.0,1177.0,102.28,key_moments,2025-11-24 02:01:01.025486,WS-SPORTS-LIVE
IG0021217,- Elden Ring: I Tried a Level 1 Run...and Regretted EVERYTHING,source_656,source_656,True,Company_A,content_editor_04,Sports_Live,English,interview,reels,Instagram,,True,2025-11-24 00:00:00.000000,30.96,7.583333333333333,1.0,290.0,Browse,3.97,687452.0,49504.0,3824.0,1287.0,0.16,key_moments,2025-11-24 06:59:39.151539,WS-SPORTS-LIVE
YT0007316,- Elden Ring: Level 1 Run - Is This Even Possible?!,source_657,source_657,False,Company_A,content_editor_04,Sports_Live,English,press_conference,,,,False,2025-11-26 00:00:00.000000,49.07,,,,,,,,,,,summary,2025-11-26 02:46:54.191472,WS-SPORTS-LIVE
IG0007316,- Elden Ring: Level 1 Run - Is This Even Possible?!,source_657,source_657,False,Company_A,content_editor_04,Sports_Live,English,interview,,,,False,2025-11-26 00:00:00.000000,49.07,,,,,,,,,,,chapters,2025-11-26 07:57:50.174961,WS-SPORTS-LIVE
YT0021447,- Wretch to Elden Lord? Level 1 Challenge Begins!,source_657,source_657,True,Company_A,content_editor_04,Sports_Live,English,press_conference,shorts,Youtube,,True,2025-11-27 00:00:00.000000,40.010000000000005,28.2,82.77,390.0,Playlist,21.95,514624.0,68550.0,2353.0,133.0,2959.088,key_moments,2025-11-27 04:43:14.996049,WS-SPORTS-LIVE
IG0021447,- Wretch to Elden Lord? Level 1 Challenge Begins!,source_657,source_657,False,Company_A,content_editor_04,Sports_Live,English,interview,,,,False,2025-11-27 00:00:00.000000,40.010000000000005,,,,,,,,,,,summary,2025-11-27 14:08:57.101854,WS-SPORTS-LIVE
YT0021730,- Elden Ring's HARDEST Challenge: Level 1 Madness!,source_657,source_657,False,Company_A,content_editor_04,Sports_Live,English,press_conference,,,,False,2025-11-28 00:00:00.000000,53.28,,,,,,,,,,,my_key_moments,2025-11-28 09:12:41.882462,WS-SPORTS-LIVE
IG0021730,- Elden Ring's HARDEST Challenge: Level 1 Madness!,source_657,source_657,False,Company_A,content_editor_04,Sports_Live,English,discussion_show,,,,False,2025-11-28 00:00:00.000000,53.28,,,,,,,,,,,key_moments,2025-11-28 09:20:50.957415,WS-SPORTS-LIVE
YT0001958,- Cities: Skylines 2 - YOU Designed This DISASTER!,source_658,source_658,False,Company_A,content_editor_04,Sports_Live,English,interview,,,,False,2025-11-29 00:00:00.000000,47.03,,,,,,,,,,,key_moments,2025-11-29 02:52:37.707407,WS-SPORTS-LIVE
YT0009633,- Viewer Suggestions RUIN My City! (Cities: Skylines 2 Challenge),source_658,source_658,False,Company_A,content_editor_04,Sports_Live,English,interview,,,,False,2025-11-29 00:00:00.000000,30.54,,,,,,,,,,,key_moments,2025-11-29 03:41:59.904958,WS-SPORTS-LIVE
IG0001958,- Cities: Skylines 2 - YOU Designed This DISASTER!,source_658,source_658,False,Company_A,content_editor_04,Sports_Live,English,interview,,,,False,2025-11-29 00:00:00.000000,47.03,,,,,,,,,,,key_moments,2025-11-29 03:07:59.934514,WS-SPORTS-LIVE
IG0009633,- Viewer Suggestions RUIN My City! (Cities: Skylines 2 Challenge),source_658,source_658,False,Company_A,content_editor_04,Sports_Live,English,discussion_show,,,,False,2025-11-29 00:00:00.000000,30.54,,,,,,,,,,,my_key_moments,2025-11-29 01:11:56.800452,WS-SPORTS-LIVE
YT0016869,- Malenia DESTROYED... With a TORCH?! (Elden Ring Challenge),source_659,source_659,False,Company_A,content_editor_04,Sports_Live,English,press_conference,,,,False,2025-11-30 00:00:00.000000,25.92,,,,,,,,,,,summary,2025-11-30 12:59:02.023038,WS-SPORTS-LIVE
IG0016869,- Malenia DESTROYED... With a TORCH?! (Elden Ring Challenge),source_659,source_659,False,Company_A,content_editor_04,Sports_Live,English,debate,,,,False,2025-11-30 00:00:00.000000,25.92,,,,,,,,,,,key_moments,2025-11-30 07:15:41.865037,WS-SPORTS-LIVE
YT0004590,- Fall Guys 100% Win Challenge: Bean Perfection or Blunderdome Disaster?,source_660,source_660,False,Company_A,content_editor_04,Sports_Live,English,debate,,,,False,2025-12-01 00:00:00.000000,54.81,,,,,,,,,,,full_package,2025-12-01 03:02:06.669100,WS-SPORTS-LIVE
IG0004590,- Fall Guys 100% Win Challenge: Bean Perfection or Blunderdome Disaster?,source_660,source_660,True,Company_A,content_editor_04,Sports_Live,English,discussion_show,reels,Instagram,,True,2025-12-01 00:00:00.000000,54.81,11.9,10.0,227.0,Notifications,10.34,865197.0,32996.0,3078.0,696.0,105.75,key_moments,2025-12-01 11:21:30.681976,WS-SPORTS-LIVE
YT0022460,- Fall Guys: We're GLUED Together?! (Chaos Ensues),source_661,source_661,False,Company_A,content_editor_04,Sports_Live,English,debate,,,,False,2025-12-05 00:00:00.000000,53.58,,,,,,,,,,,key_moments,2025-12-05 02:24:56.616911,WS-SPORTS-LIVE
YT0019000,- Cities: Skylines 2 - Ultimate Spaghetti Junction?!,source_662,source_662,False,Company_A,content_editor_04,Sports_Live,English,discussion_show,,,,False,2025-12-05 00:00:00.000000,22.1,,,,,,,,,,,chapters,2025-12-05 00:55:09.246870,WS-SPORTS-LIVE
IG0022460,- Fall Guys: We're GLUED Together?! (Chaos Ensues),source_661,source_661,False,Company_A,content_editor_04,Sports_Live,English,debate,,,,False,2025-12-05 00:00:00.000000,53.58,,,,,,,,,,,full_package,2025-12-05 08:57:17.294896,WS-SPORTS-LIVE
IG0019000,- Cities: Skylines 2 - Ultimate Spaghetti Junction?!,source_662,source_662,True,Company_A,content_editor_04,Sports_Live,English,discussion_show,reels,Instagram,,True,2025-12-05 00:00:00.000000,22.1,13.083333333333332,74.0,181.0,Search,21.39,1295476.0,33448.0,468.0,1808.0,1486.8,chapters,2025-12-05 01:26:17.798780,WS-SPORTS-LIVE
YT0000785,- Over-Engineered Traffic Nightmare in Cities: Skylines 2!,source_662,source_662,False,Company_A,content_editor_04,Sports_Live,English,press_conference,,,,False,2025-12-06 00:00:00.000000,71.87,,,,,,,,,,,chapters,2025-12-06 03:25:12.411690,WS-SPORTS-LIVE
YT0014077,- Roundabout Chaos: Cities: Skylines 2 Interchange Build!,source_662,source_662,False,Company_A,content_editor_04,Sports_Live,English,debate,,,,False,2025-12-07 00:00:00.000000,43.39,,,,,,,,,,,key_moments,2025-12-07 04:43:01.536052,WS-SPORTS-LIVE
IG0014077,- Roundabout Chaos: Cities: Skylines 2 Interchange Build!,source_662,source_662,False,Company_A,content_editor_04,Sports_Live,English,interview,,,,False,2025-12-07 00:00:00.000000,43.39,,,,,,,,,,,full_package,2025-12-07 05:26:41.390006,WS-SPORTS-LIVE
YT0023316,- Elden Ring PvP... Gone WRONG! (Bubble Horn OP?),source_663,source_663,False,Company_A,content_editor_04,Sports_Live,English,interview,,,,False,2025-12-08 00:00:00.000000,41.81,,,,,,,,,,,key_moments,2025-12-08 07:53:07.504091,WS-SPORTS-LIVE
IG0023316,- Elden Ring PvP... Gone WRONG! (Bubble Horn OP?),source_663,source_663,False,Company_A,content_editor_04,Sports_Live,English,debate,,,,False,2025-12-08 00:00:00.000000,41.81,,,,,,,,,,,key_moments,2025-12-08 06:21:57.695642,WS-SPORTS-LIVE
YT0009673,- Cities: Skylines 2 - Building the WORST City Imaginable!,source_664,source_664,True,Company_A,content_editor_04,Sports_Live,English,debate,shorts,Youtube,,True,2025-12-09 00:00:00.000000,54.2,14.483333333333334,17.81,572.0,Browse,1.64,40871.0,89068.0,1884.0,2437.0,79.28216666666667,my_key_moments,2025-12-09 06:12:37.061632,WS-SPORTS-LIVE
YT0002800,Cities: Skylines 2 - Zero Budget Disaster! 🤯,source_665,source_665,False,Company_A,content_editor_04,Sports_Live,English,press_conference,,,,False,2025-12-09 00:00:00.000000,37.19,,,,,,,,,,,full_package,2025-12-09 02:07:29.396692,WS-SPORTS-LIVE
IG0009673,- Cities: Skylines 2 - Building the WORST City Imaginable!,source_664,source_664,True,Company_A,content_editor_04,Sports_Live,English,discussion_show,reels,Instagram,,True,2025-12-09 00:00:00.000000,54.2,14.483333333333334,16.0,333.0,Browse,1.64,29626.0,60040.0,1185.0,2250.0,9.2,key_moments,2025-12-09 05:03:41.879682,WS-SPORTS-LIVE
IG0002800,Cities: Skylines 2 - Zero Budget Disaster! 🤯,source_665,source_665,False,Company_A,content_editor_04,Sports_Live,English,debate,,,,False,2025-12-09 00:00:00.000000,37.19,,,,,,,,,,,full_package,2025-12-09 01:11:57.982290,WS-SPORTS-LIVE
YT0020834,Cities: Skylines 2: Can You Ruin a City on Purpose? (Challenge Run),source_665,source_665,False,Company_A,content_editor_04,Sports_Live,English,discussion_show,,,,False,2025-12-10 00:00:00.000000,55.95,,,,,,,,,,,full_package,2025-12-10 13:57:26.373006,WS-SPORTS-LIVE
YT0014970,"- Cities: Skylines 2 - Zero Planning, Maximum Chaos!",source_666,source_666,True,Company_A,content_editor_04,Sports_Live,English,interview,shorts,Youtube,,True,2025-12-10 00:00:00.000000,21.06,13.266666666666666,95.16,339.0,Playlist,15.84,194167.0,83772.0,7071.0,236.0,311.02683333333334,summary,2025-12-10 01:18:08.798412,WS-SPORTS-LIVE
YT0019344,- Cities: Skylines 2 - Can You Build a City Blindfolded?,source_666,source_666,False,Company_A,content_editor_04,Sports_Live,English,press_conference,,,,False,2025-12-10 00:00:00.000000,21.16,,,,,,,,,,,summary,2025-12-10 03:01:54.327063,WS-SPORTS-LIVE
IG0020834,Cities: Skylines 2: Can You Ruin a City on Purpose? (Challenge Run),source_665,source_665,False,Company_A,content_editor_04,Sports_Live,English,interview,,,,False,2025-12-10 00:00:00.000000,55.95,,,,,,,,,,,key_moments,2025-12-10 01:23:33.472633,WS-SPORTS-LIVE
IG0014970,"- Cities: Skylines 2 - Zero Planning, Maximum Chaos!",source_666,source_666,False,Company_A,content_editor_04,Sports_Live,English,discussion_show,,,,False,2025-12-10 00:00:00.000000,21.06,,,,,,,,,,,chapters,2025-12-10 02:13:49.282551,WS-SPORTS-LIVE
IG0019344,- Cities: Skylines 2 - Can You Build a City Blindfolded?,source_666,source_666,False,Company_A,content_editor_04,Sports_Live,English,press_conference,,,,False,2025-12-10 00:00:00.000000,21.16,,,,,,,,,,,key_moments,2025-12-10 04:02:35.529255,WS-SPORTS-LIVE
YT0011501,Fall Guys: Squad Goals...OR TOTAL CHAOS?! 😂,source_667,source_667,True,Company_A,content_editor_04,Sports_Live,English,discussion_show,shorts,Youtube,,True,2025-12-11 00:00:00.000000,19.63,10.766666666666666,70.55,651.0,External,21.29,790482.0,72020.0,7592.0,1781.0,717.2891666666667,key_moments,2025-12-11 02:37:13.071202,WS-SPORTS-LIVE
YT0015592,- Cities: Skylines 2 - Unplanned Disaster City!,source_666,source_666,False,Company_A,content_editor_04,Sports_Live,English,press_conference,,,,False,2025-12-11 00:00:00.000000,40.36,,,,,,,,,,,summary,2025-12-11 09:59:27.840260,WS-SPORTS-LIVE
IG0011501,Fall Guys: Squad Goals...OR TOTAL CHAOS?! 😂,source_667,source_667,False,Company_A,content_editor_04,Sports_Live,English,debate,,,,False,2025-12-11 00:00:00.000000,19.63,,,,,,,,,,,chapters,2025-12-11 04:47:46.168682,WS-SPORTS-LIVE
IG0015592,- Cities: Skylines 2 - Unplanned Disaster City!,source_666,source_666,True,Company_A,content_editor_04,Sports_Live,English,press_conference,reels,Instagram,,True,2025-12-11 00:00:00.000000,40.36,21.816666666666663,53.0,319.0,Channel Page,10.28,1058770.0,42020.0,5287.0,2104.0,2231.6,key_moments,2025-12-11 02:45:43.314574,WS-SPORTS-LIVE
YT0011304,Fall Guys Random Squad: From Zero to HERO (Maybe),source_667,source_667,False,Company_A,content_editor_04,Sports_Live,English,debate,,,,False,2025-12-12 00:00:00.000000,54.36,,,,,,,,,,,chapters,2025-12-12 03:35:40.509504,WS-SPORTS-LIVE
YT0028248,- Elden Ring Randomizer: From Zero to Hero (with a Dagger?),source_668,source_668,True,Company_A,content_editor_04,Sports_Live,English,discussion_show,shorts,Youtube,,True,2025-12-12 00:00:00.000000,68.78999999999999,7.666666666666667,0.31,562.0,Notifications,13.54,284714.0,68818.0,5685.0,1879.0,13.181166666666666,full_package,2025-12-12 10:36:45.847210,WS-SPORTS-LIVE
YT0023786,- Elden Ring CHAOS: When the Randomizer Goes WILD!,source_668,source_668,True,Company_A,content_editor_04,Sports_Live,English,interview,shorts,Youtube,,True,2025-12-12 00:00:00.000000,22.27,8.416666666666666,12.61,570.0,External,22.04,1568294.0,64512.0,5371.0,2934.0,399.33416666666665,full_package,2025-12-12 08:16:34.532789,WS-SPORTS-LIVE
YT0000454,- I Beat Elden Ring With *THIS*?! (Randomizer Run),source_668,source_668,False,Company_A,content_editor_04,Sports_Live,English,interview,,,,False,2025-12-12 00:00:00.000000,47.83,,,,,,,,,,,key_moments,2025-12-12 01:36:30.458585,WS-SPORTS-LIVE
IG0011304,Fall Guys Random Squad: From Zero to HERO (Maybe),source_667,source_667,True,Company_A,content_editor_04,Sports_Live,English,debate,reels,Instagram,,True,2025-12-12 00:00:00.000000,54.36,23.0,38.0,174.0,Browse,16.03,734693.0,36737.0,2157.0,1011.0,1202.04,key_moments,2025-12-12 02:19:13.719053,WS-SPORTS-LIVE
IG0028248,- Elden Ring Randomizer: From Zero to Hero (with a Dagger?),source_668,source_668,False,Company_A,content_editor_04,Sports_Live,English,interview,,,,False,2025-12-12 00:00:00.000000,68.78999999999999,,,,,,,,,,,key_moments,2025-12-12 05:50:53.357772,WS-SPORTS-LIVE
IG0023786,- Elden Ring CHAOS: When the Randomizer Goes WILD!,source_668,source_668,True,Company_A,content_editor_04,Sports_Live,English,discussion_show,reels,Instagram,,True,2025-12-12 00:00:00.000000,22.27,8.416666666666666,12.0,316.0,External,22.04,1142636.0,49916.0,4397.0,2719.0,34.91,key_moments,2025-12-12 05:18:24.453500,WS-SPORTS-LIVE
IG0000454,- I Beat Elden Ring With *THIS*?! (Randomizer Run),source_668,source_668,True,Company_A,content_editor_04,Sports_Live,English,press_conference,reels,Instagram,,True,2025-12-12 00:00:00.000000,47.83,13.433333333333334,18.0,291.0,Channel Page,3.76,824009.0,52651.0,3511.0,1654.0,244.46,key_moments,2025-12-12 01:43:34.734305,WS-SPORTS-LIVE
YT0024800,- Elden Ring: Level 1 Wretch Torture!,source_669,source_669,False,Company_A,content_editor_04,Sports_Live,English,press_conference,,,,False,2025-12-14 00:00:00.000000,57.08,,,,,,,,,,,key_moments,2025-12-14 07:17:00.183533,WS-SPORTS-LIVE
YT0029189,- Beating Elden Ring's Bosses...With a Club?!,source_669,source_669,False,Company_A,content_editor_04,Sports_Live,English,interview,,,,False,2025-12-14 00:00:00.000000,34.28,,,,,,,,,,,key_moments,2025-12-14 01:57:40.591956,WS-SPORTS-LIVE
IG0024800,- Elden Ring: Level 1 Wretch Torture!,source_669,source_669,True,Company_A,content_editor_04,Sports_Live,English,press_conference,reels,Instagram,,True,2025-12-14 00:00:00.000000,57.08,20.25,27.0,167.0,Suggested,11.31,186912.0,57759.0,53.0,702.0,178.73,key_moments,2025-12-14 11:21:05.640552,WS-SPORTS-LIVE
IG0029189,- Beating Elden Ring's Bosses...With a Club?!,source_669,source_669,False,Company_A,content_editor_04,Sports_Live,English,interview,,,,False,2025-12-14 00:00:00.000000,34.28,,,,,,,,,,,summary,2025-12-14 06:06:34.392436,WS-SPORTS-LIVE
YT0005157,"- Elden Ring: Zero Stats, Maximum Pain!",source_669,source_669,True,Company_A,content_editor_04,Sports_Live,English,debate,shorts,Youtube,,True,2025-12-15 00:00:00.000000,32.07,21.566666666666663,82.41,425.0,Suggested,25.12,1815291.0,54674.0,1766.0,1749.0,7093.0815,chapters,2025-12-15 01:37:02.260836,WS-SPORTS-LIVE
IG0005157,"- Elden Ring: Zero Stats, Maximum Pain!",source_669,source_669,True,Company_A,content_editor_04,Sports_Live,English,press_conference,reels,Instagram,,True,2025-12-15 00:00:00.000000,32.07,21.566666666666663,81.0,204.0,Suggested,25.12,1138350.0,41883.0,1251.0,1790.0,3602.88,key_moments,2025-12-15 02:37:10.667184,WS-SPORTS-LIVE
YT0028432,- Fall Guys 100% Win Challenge: Prepare for Rage!,source_670,source_670,False,Company_A,content_editor_04,Sports_Live,English,interview,,,,False,2025-12-17 00:00:00.000000,53.56,,,,,,,,,,,summary,2025-12-17 02:35:00.421437,WS-SPORTS-LIVE
YT0006173,"- Fall Guys, But I Can ONLY Dive! (IMPOSSIBLE Challenge)",source_671,source_671,False,Company_A,content_editor_04,Sports_Live,English,interview,,,,False,2025-12-17 00:00:00.000000,38.93,,,,,,,,,,,key_moments,2025-12-17 04:32:44.749219,WS-SPORTS-LIVE
YT0016855,- Diving My Way to Victory in Fall Guys!,source_671,source_671,False,Company_A,content_editor_04,Sports_Live,English,interview,,,,False,2025-12-17 00:00:00.000000,21.83,,,,,,,,,,,key_moments,2025-12-17 03:23:51.892598,WS-SPORTS-LIVE
IG0028432,- Fall Guys 100% Win Challenge: Prepare for Rage!,source_670,source_670,False,Company_A,content_editor_04,Sports_Live,English,debate,,,,False,2025-12-17 00:00:00.000000,53.56,,,,,,,,,,,chapters,2025-12-17 01:35:59.421732,WS-SPORTS-LIVE
IG0016855,- Diving My Way to Victory in Fall Guys!,source_671,source_671,False,Company_A,content_editor_04,Sports_Live,English,press_conference,,,,False,2025-12-17 00:00:00.000000,21.83,,,,,,,,,,,summary,2025-12-17 01:18:40.057065,WS-SPORTS-LIVE
YT0015785,- Fall Guys: The Dive-Only Disaster... Or Triumph?!,source_671,source_671,False,Company_A,content_editor_04,Sports_Live,English,interview,,,,False,2025-12-18 00:00:00.000000,40.9,,,,,,,,,,,key_moments,2025-12-18 06:12:21.520969,WS-SPORTS-LIVE
IG0015785,- Fall Guys: The Dive-Only Disaster... Or Triumph?!,source_671,source_671,False,Company_A,content_editor_04,Sports_Live,English,interview,,,,False,2025-12-18 00:00:00.000000,40.9,,,,,,,,,,,key_moments,2025-12-18 05:01:45.535101,WS-SPORTS-LIVE
YT0002667,"- Fall Guys, But I Add a Handicap EVERY Death!",source_672,source_672,True,Company_A,content_editor_04,Sports_Live,English,debate,shorts,Youtube,,True,2025-12-19 00:00:00.000000,26.96,10.2,22.58,317.0,External,6.1,1918507.0,97760.0,137.0,408.0,1438.8803333333335,full_package,2025-12-19 04:21:08.592834,WS-SPORTS-LIVE
IG0002667,"- Fall Guys, But I Add a Handicap EVERY Death!",source_672,source_672,False,Company_A,content_editor_04,Sports_Live,English,interview,,,,False,2025-12-19 00:00:00.000000,26.96,,,,,,,,,,,chapters,2025-12-19 04:58:02.341074,WS-SPORTS-LIVE
YT0013681,Crab Game: From Zero to Chaos in 60 Seconds,source_673,source_673,False,Company_A,content_editor_04,Sports_Live,English,discussion_show,,,,False,2025-12-20 00:00:00.000000,18.51,,,,,,,,,,,chapters,2025-12-20 02:26:16.633348,WS-SPORTS-LIVE
YT0000861,- Fall Guys IMPOSSIBLE Challenge: Can I Win With Oven Mitts?!,source_672,source_672,True,Company_A,content_editor_04,Sports_Live,English,press_conference,shorts,Youtube,,True,2025-12-20 00:00:00.000000,61.46,31.7,52.09,578.0,External,4.78,1650801.0,65428.0,1481.0,895.0,11097.051166666666,summary,2025-12-20 04:38:03.531461,WS-SPORTS-LIVE
YT0028628,"Crab Game Secrets: Glitches, Fails, and WTF Moments",source_673,source_673,True,Company_A,content_editor_04,Sports_Live,English,discussion_show,shorts,Youtube,,True,2025-12-20 00:00:00.000000,64.06,53.96666666666667,94.71,308.0,Notifications,27.37,1240611.0,56979.0,6222.0,553.0,16013.071666666669,key_moments,2025-12-21 06:28:51.081457,WS-SPORTS-LIVE
IG0013681,Crab Game: From Zero to Chaos in 60 Seconds,source_673,source_673,True,Company_A,content_editor_04,Sports_Live,English,press_conference,reels,Instagram,,True,2025-12-20 00:00:00.000000,18.51,9.216666666666669,48.0,151.0,Search,26.44,591840.0,62533.0,4375.0,1967.0,135.47,summary,2025-12-20 10:14:10.968598,WS-SPORTS-LIVE
IG0000861,- Fall Guys IMPOSSIBLE Challenge: Can I Win With Oven Mitts?!,source_672,source_672,False,Company_A,content_editor_04,Sports_Live,English,debate,,,,False,2025-12-20 00:00:00.000000,61.46,,,,,,,,,,,key_moments,2025-12-20 03:10:32.971821,WS-SPORTS-LIVE
IG0028628,"Crab Game Secrets: Glitches, Fails, and WTF Moments",source_673,source_673,False,Company_A,content_editor_04,Sports_Live,English,press_conference,,,,False,2025-12-20 00:00:00.000000,64.06,,,,,,,,,,,chapters,2025-12-20 02:37:53.806774,WS-SPORTS-LIVE
YT0025640,- Elden Ring PvP... Gone WRONG! (Hilarious Challenge Run),source_674,source_674,True,Company_A,content_editor_04,Sports_Live,English,interview,shorts,Youtube,,True,2025-12-24 00:00:00.000000,53.07,10.85,8.8,443.0,Channel Page,23.13,1390182.0,84070.0,3241.0,312.0,1293.6416666666669,full_package,2025-12-24 00:24:20.642911,WS-SPORTS-LIVE
YT0023555,- Crab Game is WILD: Red Light Green Light Fails & Trolling!,source_675,source_675,False,Company_A,content_editor_04,Sports_Live,English,interview,,,,False,2025-12-24 00:00:00.000000,37.19,,,,,,,,,,,key_moments,2025-12-24 09:24:18.278339,WS-SPORTS-LIVE
YT0010618,- From Squid Game to CRAB GAME?! You WON'T Believe This Chaos!,source_675,source_675,False,Company_A,content_editor_04,Sports_Live,English,discussion_show,,,,False,2025-12-24 00:00:00.000000,23.74,,,,,,,,,,,full_package,2025-12-24 07:30:18.248001,WS-SPORTS-LIVE
IG0023555,- Crab Game is WILD: Red Light Green Light Fails & Trolling!,source_675,source_675,False,Company_A,content_editor_04,Sports_Live,English,interview,,,,False,2025-12-24 00:00:00.000000,37.19,,,,,,,,,,,key_moments,2025-12-24 02:35:20.029847,WS-SPORTS-LIVE
IG0010618,- From Squid Game to CRAB GAME?! You WON'T Believe This Chaos!,source_675,source_675,True,Company_A,content_editor_04,Sports_Live,English,press_conference,reels,Instagram,,True,2025-12-24 00:00:00.000000,23.74,11.766666666666666,45.0,344.0,Search,20.97,1053976.0,70161.0,3309.0,1262.0,562.12,key_moments,2025-12-24 01:16:20.746886,WS-SPORTS-LIVE
YT0004099,"Elden Ring, But I Add a Curse for EVERY Death",source_676,source_676,True,Company_A,content_editor_04,Sports_Live,English,discussion_show,shorts,Youtube,,True,2025-12-25 00:00:00.000000,34.56,11.766666666666666,21.81,614.0,Shorts Feed,8.87,153272.0,97796.0,5802.0,865.0,181.65566666666663,chapters,2025-12-25 01:35:14.542560,WS-SPORTS-LIVE
YT0001686,Elden Ring Speedrun... Gone HORRIBLY Wrong,source_676,source_676,False,Company_A,content_editor_04,Sports_Live,English,press_conference,,,,False,2025-12-25 00:00:00.000000,32.35,,,,,,,,,,,summary,2025-12-25 05:42:27.648303,WS-SPORTS-LIVE
IG0001686,Elden Ring Speedrun... Gone HORRIBLY Wrong,source_676,source_676,False,Company_A,content_editor_04,Sports_Live,English,debate,,,,False,2025-12-25 00:00:00.000000,32.35,,,,,,,,,,,chapters,2025-12-25 03:43:26.713912,WS-SPORTS-LIVE
YT0022352,I Beat Elden Ring With a DDR Pad (and Regret Everything),source_676,source_676,True,Company_A,content_editor_04,Sports_Live,English,debate,shorts,Youtube,,True,2025-12-26 00:00:00.000000,26.24,8.65,10.23,340.0,External,10.22,1916628.0,99820.0,2935.0,2101.0,612.2561666666667,summary,2025-12-26 06:57:20.682961,WS-SPORTS-LIVE
IG0022352,I Beat Elden Ring With a DDR Pad (and Regret Everything),source_676,source_676,False,Company_A,content_editor_04,Sports_Live,English,discussion_show,,,,False,2025-12-26 00:00:00.000000,26.24,,,,,,,,,,,key_moments,2025-12-26 04:17:11.065492,WS-SPORTS-LIVE
IG0029200,- Fall Guys... With My FEET?! You Won't Believe What Happened!,source_677,source_677,False,Company_A,content_editor_04,Sports_Live,English,interview,,,,False,2025-12-27 00:00:00.000000,63.43,,,,,,,,,,,key_moments,2025-12-27 08:40:06.776673,WS-SPORTS-LIVE
YT0019725,- Toe-tal Domination? I Tried to Win Fall Guys Using ONLY My Feet!,source_677,source_677,True,Company_A,content_editor_04,Sports_Live,English,debate,shorts,Youtube,,True,2025-12-28 00:00:00.000000,57.31,42.6,82.96,581.0,Suggested,27.15,1311593.0,49975.0,7240.0,1656.0,12788.031666666668,full_package,2025-12-28 05:22:33.791025,WS-SPORTS-LIVE
IG0019725,- Toe-tal Domination? I Tried to Win Fall Guys Using ONLY My Feet!,source_677,source_677,False,Company_A,content_editor_04,Sports_Live,English,discussion_show,,,,False,2025-12-28 00:00:00.000000,57.31,,,,,,,,,,,key_moments,2025-12-28 07:45:45.732671,WS-SPORTS-LIVE
YT0015913,- Fall Guys: Can I WIN Every Game Mode in ONE Try?! (IMPOSSIBLE Challenge),source_678,source_678,False,Company_A,content_editor_04,Sports_Live,English,press_conference,,,,False,2025-12-29 00:00:00.000000,33.03,,,,,,,,,,,key_moments,2025-12-29 00:45:06.026920,WS-SPORTS-LIVE
YT0011528,"- Fall Guys, But I Can't Jump! (IMPOSSIBLE Challenge)",source_679,source_679,True,Company_A,content_editor_04,Sports_Live,English,discussion_show,shorts,Youtube,,True,2025-12-29 00:00:00.000000,67.95,10.866666666666667,6.36,419.0,Channel Page,27.4,993734.0,82369.0,2571.0,1480.0,929.3253333333332,summary,2025-12-29 01:29:24.224138,WS-SPORTS-LIVE
YT0016569,- No Jumping?! Beating Fall Guys With Maximum Chaos,source_679,source_679,True,Company_A,content_editor_04,Sports_Live,English,interview,shorts,Youtube,,True,2025-12-29 00:00:00.000000,50.56,8.633333333333333,3.19,677.0,Shorts Feed,7.9,1922227.0,77272.0,344.0,939.0,605.1455000000001,full_package,2025-12-29 02:59:19.045802,WS-SPORTS-LIVE
IG0011528,"- Fall Guys, But I Can't Jump! (IMPOSSIBLE Challenge)",source_679,source_679,False,Company_A,content_editor_04,Sports_Live,English,debate,,,,False,2025-12-29 00:00:00.000000,67.95,,,,,,,,,,,summary,2025-12-29 09:29:14.120394,WS-SPORTS-LIVE
IG0016569,- No Jumping?! Beating Fall Guys With Maximum Chaos,source_679,source_679,False,Company_A,content_editor_04,Sports_Live,English,discussion_show,,,,False,2025-12-29 00:00:00.000000,50.56,,,,,,,,,,,key_moments,2025-12-29 18:00:22.449576,WS-SPORTS-LIVE
YT0017862,- Elden Ring But EVERYTHING Is Random! (I Regret This),source_680,source_680,False,Company_A,content_editor_04,Sports_Live,English,interview,,,,False,2025-12-30 00:00:00.000000,44.45,,,,,,,,,,,key_moments,2025-12-30 03:30:27.027807,WS-SPORTS-LIVE
IG0017862,- Elden Ring But EVERYTHING Is Random! (I Regret This),source_680,source_680,True,Company_A,content_editor_04,Sports_Live,English,debate,reels,Instagram,,True,2025-12-30 00:00:00.000000,44.45,17.183333333333334,32.0,250.0,Shorts Feed,22.67,571734.0,41507.0,3847.0,1809.0,492.11,key_moments,2025-12-30 02:27:08.314875,WS-SPORTS-LIVE
YT0002332,- Beating Elden Ring With a BROKEN Randomizer Mod!,source_680,source_680,False,Company_A,content_editor_04,Sports_Live,English,interview,,,,False,2025-12-31 00:00:00.000000,74.22,,,,,,,,,,,summary,2025-12-31 00:50:13.955607,WS-SPORTS-LIVE
IG0002332,- Beating Elden Ring With a BROKEN Randomizer Mod!,source_680,source_680,True,Company_A,content_editor_04,Sports_Live,English,interview,reels,Instagram,,True,2025-12-31 00:00:00.000000,74.22,10.55,5.0,196.0,Shorts Feed,29.94,595179.0,67947.0,4623.0,1127.0,25.21,key_moments,2025-12-31 07:58:53.946189,WS-SPORTS-LIVE
YT0011177,- Cities: Skylines 2 - NO PLAN Challenge! (Chaos City),source_681,source_681,False,Company_A,content_editor_04,Sports_Live,English,debate,,,,False,2026-01-01 00:00:00.000000,73.02000000000001,,,,,,,,,,,key_moments,2026-01-01 02:34:32.710637,WS-SPORTS-LIVE
YT0017864,- Elden Ring Randomizer: From Zero to Hero (in Absolute Chaos),source_680,source_680,True,Company_A,content_editor_04,Sports_Live,English,interview,shorts,Youtube,,True,2026-01-01 00:00:00.000000,33.95,16.333333333333336,46.61,666.0,Shorts Feed,4.08,1733359.0,57955.0,2859.0,1474.0,4253.149333333333,key_moments,2026-01-02 18:38:49.992999,WS-SPORTS-LIVE
IG0017864,- Elden Ring Randomizer: From Zero to Hero (in Absolute Chaos),source_680,source_680,False,Company_A,content_editor_04,Sports_Live,English,discussion_show,,,,False,2026-01-01 00:00:00.000000,33.95,,,,,,,,,,,full_package,2026-01-01 02:12:50.164006,WS-SPORTS-LIVE
YT0007465,- Cities: Skylines 2 - Unplanned Disaster! Can We Fix It?,source_681,source_681,False,Company_A,content_editor_04,Sports_Live,English,interview,,,,False,2026-01-02 00:00:00.000000,29.9,,,,,,,,,,,full_package,2026-01-02 21:33:10.755045,WS-SPORTS-LIVE
YT0010585,- Cities: Skylines 2 - From Zero to Gridlock in 15 Minutes!,source_681,source_681,True,Company_A,content_editor_04,Sports_Live,English,discussion_show,shorts,Youtube,,True,2026-01-02 00:00:00.000000,16.35,8.333333333333334,61.73,514.0,Shorts Feed,27.37,1671918.0,45561.0,1457.0,2925.0,387.018,full_package,2026-01-02 07:16:44.263157,WS-SPORTS-LIVE
YT0008907,- Elden Ring Merchant Roleplay: Spreading Chaos (and Questionable Wares) in PvP!,source_682,source_682,False,Company_A,content_editor_04,Sports_Live,English,interview,,,,False,2026-01-02 00:00:00.000000,62.48,,,,,,,,,,,key_moments,2026-01-02 01:45:25.674613,WS-SPORTS-LIVE
YT0007142,- Cities: Skylines 2 - YOU Control My City... And It's a DISASTER!,source_683,source_683,True,Company_A,content_editor_04,Sports_Live,English,press_conference,shorts,Youtube,,True,2026-01-02 00:00:00.000000,45.08,17.433333333333334,33.02,647.0,Notifications,19.77,160885.0,49821.0,1109.0,1138.0,443.9235,full_package,2026-01-02 04:48:58.738841,WS-SPORTS-LIVE
IG0010585,- Cities: Skylines 2 - From Zero to Gridlock in 15 Minutes!,source_681,source_681,False,Company_A,content_editor_04,Sports_Live,English,interview,,,,False,2026-01-02 00:00:00.000000,16.35,,,,,,,,,,,key_moments,2026-01-02 07:24:51.165428,WS-SPORTS-LIVE
IG0008907,- Elden Ring Merchant Roleplay: Spreading Chaos (and Questionable Wares) in PvP!,source_682,source_682,True,Company_A,content_editor_04,Sports_Live,English,debate,reels,Instagram,,True,2026-01-02 00:00:00.000000,62.48,51.2,84.0,240.0,External,11.31,1089231.0,38975.0,4914.0,312.0,11106.53,key_moments,2026-01-02 03:20:25.464614,WS-SPORTS-LIVE
IG0007142,- Cities: Skylines 2 - YOU Control My City... And It's a DISASTER!,source_683,source_683,True,Company_A,content_editor_04,Sports_Live,English,debate,reels,Instagram,,True,2026-01-02 00:00:00.000000,45.08,17.433333333333334,30.0,289.0,Notifications,19.77,113998.0,30844.0,779.0,974.0,94.37,key_moments,2026-01-02 07:49:11.886689,WS-SPORTS-LIVE
YT0007479,- Viewer-Made City in Cities: Skylines 2: Prepare for CHAOS!,source_683,source_683,False,Company_A,content_editor_04,Sports_Live,English,interview,,,,False,2026-01-03 00:00:00.000000,20.03,,,,,,,,,,,chapters,2026-01-03 07:41:00.182773,WS-SPORTS-LIVE
IG0007479,- Viewer-Made City in Cities: Skylines 2: Prepare for CHAOS!,source_683,source_683,True,Company_A,content_editor_04,Sports_Live,English,debate,reels,Instagram,,True,2026-01-03 00:00:00.000000,20.03,9.533333333333331,41.0,145.0,Shorts Feed,28.22,716391.0,78463.0,5267.0,2270.0,165.9,key_moments,2026-01-03 06:26:43.404348,WS-SPORTS-LIVE
YT0017322,- I Let Viewers Design My City... And This Happened! (Cities: Skylines 2),source_683,source_683,False,Company_A,content_editor_04,Sports_Live,English,press_conference,,,,False,2026-01-04 00:00:00.000000,29.1,,,,,,,,,,,my_key_moments,2026-01-04 03:56:51.471806,WS-SPORTS-LIVE
YT0021279,- Cities: Skylines 2 - From Zero to Urban Disaster in ONE Hour!,source_684,source_684,False,Company_A,content_editor_04,Sports_Live,English,press_conference,,,,False,2026-01-04 00:00:00.000000,26.8,,,,,,,,,,,summary,2026-01-04 01:33:45.310436,WS-SPORTS-LIVE
IG0017322,- I Let Viewers Design My City... And This Happened! (Cities: Skylines 2),source_683,source_683,True,Company_A,content_editor_04,Sports_Live,English,debate,reels,Instagram,,True,2026-01-04 00:00:00.000000,29.1,11.033333333333331,25.0,289.0,External,4.91,1152932.0,61469.0,270.0,1403.0,282.9,key_moments,2026-01-04 03:45:42.053344,WS-SPORTS-LIVE
IG0021279,- Cities: Skylines 2 - From Zero to Urban Disaster in ONE Hour!,source_684,source_684,True,Company_A,content_editor_04,Sports_Live,English,interview,reels,Instagram,,True,2026-01-04 00:00:00.000000,26.8,17.28333333333333,77.0,218.0,Shorts Feed,1.78,967763.0,41967.0,3983.0,2948.0,2025.09,chapters,2026-01-04 04:36:18.056736,WS-SPORTS-LIVE
YT0000780,- I Tried to Build a City in Cities: Skylines 2... It Broke.,source_684,source_684,True,Company_A,content_editor_04,Sports_Live,English,discussion_show,shorts,Youtube,,True,2026-01-06 00:00:00.000000,16.75,7.733333333333333,13.33,592.0,Suggested,18.61,1003225.0,80435.0,6366.0,927.0,65.02383333333333,full_package,2026-01-06 00:53:30.374220,WS-SPORTS-LIVE
IG0000780,- I Tried to Build a City in Cities: Skylines 2... It Broke.,source_684,source_684,True,Company_A,content_editor_04,Sports_Live,English,discussion_show,reels,Instagram,,True,2026-01-06 00:00:00.000000,16.75,7.733333333333333,12.0,315.0,Suggested,18.61,728474.0,49105.0,5366.0,766.0,5.67,key_moments,2026-01-06 04:34:47.729859,WS-SPORTS-LIVE
YT0011941,- Cities: Skylines 2 Challenge Run - Can We AVOID Bankruptcy?!,source_684,source_684,False,Company_A,content_editor_04,Sports_Live,English,interview,,,,False,2026-01-07 00:00:00.000000,64.2,,,,,,,,,,,chapters,2026-01-07 03:42:06.935259,WS-SPORTS-LIVE
IG0011941,- Cities: Skylines 2 Challenge Run - Can We AVOID Bankruptcy?!,source_684,source_684,False,Company_A,content_editor_04,Sports_Live,English,discussion_show,,,,False,2026-01-07 00:00:00.000000,64.2,,,,,,,,,,,key_moments,2026-01-07 01:25:03.503935,WS-SPORTS-LIVE
YT0000175,"- Fall Guys IMPOSSIBLE Challenge: One Hand, ZERO Skill?!",source_685,source_685,True,Company_A,content_editor_04,Sports_Live,English,debate,shorts,Youtube,,True,2026-01-08 00:00:00.000000,50.92,30.73333333333333,64.68,530.0,Browse,1.99,882463.0,97428.0,5301.0,742.0,5695.154666666667,key_moments,2026-01-08 03:03:52.253226,WS-SPORTS-LIVE
IG0000175,"- Fall Guys IMPOSSIBLE Challenge: One Hand, ZERO Skill?!",source_685,source_685,False,Company_A,content_editor_04,Sports_Live,English,discussion_show,,,,False,2026-01-08 00:00:00.000000,50.92,,,,,,,,,,,full_package,2026-01-08 03:07:00.597245,WS-SPORTS-LIVE
YT0023599,"- Fall Guys, But I Only Have ONE HAND!",source_686,source_686,False,Company_A,content_editor_04,Sports_Live,English,debate,,,,False,2026-01-09 00:00:00.000000,47.92,,,,,,,,,,,full_package,2026-01-09 18:44:04.418792,WS-SPORTS-LIVE
IG0023599,"- Fall Guys, But I Only Have ONE HAND!",source_686,source_686,False,Company_A,content_editor_04,Sports_Live,English,debate,,,,False,2026-01-09 00:00:00.000000,47.92,,,,,,,,,,,key_moments,2026-01-09 04:46:12.733830,WS-SPORTS-LIVE
YT0022506,"- One Hand, Zero Wins? Fall Guys Challenge!",source_686,source_686,False,Company_A,content_editor_04,Sports_Live,English,interview,,,,False,2026-01-10 00:00:00.000000,37.49,,,,,,,,,,,key_moments,2026-01-10 09:09:45.379163,WS-SPORTS-LIVE
IG0022506,"- One Hand, Zero Wins? Fall Guys Challenge!",source_686,source_686,True,Company_A,content_editor_04,Sports_Live,English,discussion_show,reels,Instagram,,True,2026-01-10 00:00:00.000000,37.49,29.183333333333334,85.0,185.0,Suggested,23.93,829369.0,49882.0,4560.0,999.0,4246.1,chapters,2026-01-10 03:38:24.765766,WS-SPORTS-LIVE
YT0005284,"- Fall Guys, But I Only Have ONE HAND! 😱",source_687,source_687,False,Company_A,content_editor_04,Sports_Live,English,interview,,,,False,2026-01-12 00:00:00.000000,71.96000000000001,,,,,,,,,,,key_moments,2026-01-12 00:53:35.860563,WS-SPORTS-LIVE
YT0012069,- One-Handed Fall Guys: From Fumble to Crown?! 😂👑,source_687,source_687,False,Company_A,content_editor_04,Sports_Live,English,discussion_show,,,,False,2026-01-12 00:00:00.000000,24.130000000000003,,,,,,,,,,,my_key_moments,2026-01-12 06:50:58.007254,WS-SPORTS-LIVE
YT0026687,- Fall Guys: The Most PAINFUL Way To Play!,source_686,source_686,True,Company_A,content_editor_04,Sports_Live,English,discussion_show,shorts,Youtube,,True,2026-01-12 00:00:00.000000,25.75,9.216666666666669,15.97,680.0,Notifications,12.31,255069.0,71570.0,2285.0,124.0,121.63016666666668,chapters,2026-01-12 02:21:45.209201,WS-SPORTS-LIVE
IG0005284,"- Fall Guys, But I Only Have ONE HAND! 😱",source_687,source_687,True,Company_A,content_editor_04,Sports_Live,English,discussion_show,reels,Instagram,,True,2026-01-12 00:00:00.000000,71.96000000000001,25.28333333333333,28.0,222.0,Search,17.58,466908.0,40710.0,1413.0,110.0,645.8,my_key_moments,2026-01-12 03:03:29.385129,WS-SPORTS-LIVE
IG0012069,- One-Handed Fall Guys: From Fumble to Crown?! 😂👑,source_687,source_687,False,Company_A,content_editor_04,Sports_Live,English,interview,,,,False,2026-01-12 00:00:00.000000,24.130000000000003,,,,,,,,,,,key_moments,2026-01-12 01:43:21.872157,WS-SPORTS-LIVE
IG0026687,- Fall Guys: The Most PAINFUL Way To Play!,source_686,source_686,False,Company_A,content_editor_04,Sports_Live,English,interview,,,,False,2026-01-12 00:00:00.000000,25.75,,,,,,,,,,,full_package,2026-01-12 04:14:23.166349,WS-SPORTS-LIVE
YT0010126,- Only Up! Is This Game a Broken Masterpiece?,source_688,source_688,False,Company_A,content_editor_04,Sports_Live,English,debate,,,,False,2026-01-13 00:00:00.000000,68.46000000000001,,,,,,,,,,,key_moments,2026-01-13 09:22:43.181225,WS-SPORTS-LIVE
IG0010126,- Only Up! Is This Game a Broken Masterpiece?,source_688,source_688,True,Company_A,content_editor_04,Sports_Live,English,discussion_show,reels,Instagram,,True,2026-01-13 00:00:00.000000,68.46000000000001,15.916666666666666,15.0,238.0,Shorts Feed,4.26,481456.0,38426.0,5353.0,2041.0,168.84,key_moments,2026-01-13 08:26:08.888913,WS-SPORTS-LIVE
YT0001452,- Only Up! Rage Quitting My Way to Enlightenment,source_688,source_688,True,Company_A,content_editor_04,Sports_Live,English,press_conference,shorts,Youtube,,True,2026-01-14 00:00:00.000000,69.75999999999999,21.05,24.74,400.0,Notifications,5.4,705726.0,65779.0,6909.0,766.0,2656.274166666667,key_moments,2026-01-14 14:13:42.547338,WS-SPORTS-LIVE
IG0001452,- Only Up! Rage Quitting My Way to Enlightenment,source_688,source_688,False,Company_A,content_editor_04,Sports_Live,English,debate,,,,False,2026-01-14 00:00:00.000000,69.75999999999999,,,,,,,,,,,key_moments,2026-01-14 15:56:14.260129,WS-SPORTS-LIVE
YT0011962,- Elden Ring... BUT I Can ONLY Use a DANCE PAD?!,source_689,source_689,False,Company_A,content_editor_04,Sports_Live,English,press_conference,,,,False,2026-01-16 00:00:00.000000,66.64,,,,,,,,,,,chapters,2026-01-16 00:46:42.547493,WS-SPORTS-LIVE
YT0015949,- Beating Elden Ring With a DANCE PAD?! (You Won't Believe What Happened),source_689,source_689,True,Company_A,content_editor_04,Sports_Live,English,interview,shorts,Youtube,,True,2026-01-16 00:00:00.000000,73.47999999999999,65.88333333333333,99.83,349.0,External,10.16,1841851.0,84172.0,3339.0,1557.0,29870.389166666668,full_package,2026-01-16 01:32:21.868719,WS-SPORTS-LIVE
IG0011962,- Elden Ring... BUT I Can ONLY Use a DANCE PAD?!,source_689,source_689,False,Company_A,content_editor_04,Sports_Live,English,debate,,,,False,2026-01-16 00:00:00.000000,66.64,,,,,,,,,,,full_package,2026-01-16 00:56:29.474667,WS-SPORTS-LIVE
IG0015949,- Beating Elden Ring With a DANCE PAD?! (You Won't Believe What Happened),source_689,source_689,True,Company_A,content_editor_04,Sports_Live,English,interview,reels,Instagram,,True,2026-01-16 00:00:00.000000,73.47999999999999,65.88333333333333,89.0,214.0,External,10.16,1359217.0,56357.0,2220.0,1434.0,19618.47,chapters,2026-01-16 06:37:53.583026,WS-SPORTS-LIVE
IG0023987,- Elden Ring's Craziest Merchant: Trading Garbage for Glory!,source_690,source_690,False,Company_A,content_editor_04,Sports_Live,English,discussion_show,,,,False,2026-01-16 00:00:00.000000,55.32,,,,,,,,,,,chapters,2026-01-16 02:17:51.060865,WS-SPORTS-LIVE
YT0008382,- I Became a Traveling Salesman in Elden Ring PvP (and It Was a Disaster),source_690,source_690,True,Company_A,content_editor_04,Sports_Live,English,interview,shorts,Youtube,,True,2026-01-17 00:00:00.000000,45.510000000000005,31.98333333333333,80.25,292.0,Channel Page,26.35,1637581.0,92879.0,2599.0,897.0,11137.067,chapters,2026-01-17 02:42:16.521722,WS-SPORTS-LIVE
IG0008382,- I Became a Traveling Salesman in Elden Ring PvP (and It Was a Disaster),source_690,source_690,False,Company_A,content_editor_04,Sports_Live,English,interview,,,,False,2026-01-17 00:00:00.000000,45.510000000000005,,,,,,,,,,,full_package,2026-01-17 03:21:49.015539,WS-SPORTS-LIVE
IG0023320,- Elden Ring Roleplay: When Being a Merchant Goes Hilariously Wrong,source_690,source_690,False,Company_A,content_editor_04,Sports_Live,English,discussion_show,,,,False,2026-01-17 00:00:00.000000,48.37,,,,,,,,,,,chapters,2026-01-17 05:25:56.051087,WS-SPORTS-LIVE
YT0000834,- RLCraft: Prepare to Die (A Lot),source_691,source_691,True,Company_A,content_editor_04,Sports_Live,English,debate,shorts,Youtube,,True,2026-01-18 00:00:00.000000,48.55,25.866666666666667,54.74,459.0,Channel Page,10.9,1253148.0,51302.0,4716.0,1873.0,6393.3755,chapters,2026-01-18 01:13:08.429280,WS-SPORTS-LIVE
YT0019941,- Dragon vs. Noob: RLCraft Disaster!,source_691,source_691,False,Company_A,content_editor_04,Sports_Live,English,interview,,,,False,2026-01-18 00:00:00.000000,52.87,,,,,,,,,,,key_moments,2026-01-18 01:27:40.033715,WS-SPORTS-LIVE
IG0000834,- RLCraft: Prepare to Die (A Lot),source_691,source_691,True,Company_A,content_editor_04,Sports_Live,English,interview,reels,Instagram,,True,2026-01-18 00:00:00.000000,48.55,25.866666666666667,55.0,279.0,Channel Page,10.9,817838.0,36019.0,3694.0,1500.0,2294.87,my_key_moments,2026-01-18 04:00:14.940044,WS-SPORTS-LIVE
IG0019941,- Dragon vs. Noob: RLCraft Disaster!,source_691,source_691,True,Company_A,content_editor_04,Sports_Live,English,debate,reels,Instagram,,True,2026-01-18 00:00:00.000000,52.87,20.316666666666663,32.0,196.0,External,7.66,730549.0,62432.0,1196.0,1126.0,832.28,key_moments,2026-01-18 10:26:10.717441,WS-SPORTS-LIVE
YT0014752,- RLCraft Rage Quit Incoming!,source_691,source_691,False,Company_A,content_editor_04,Sports_Live,English,debate,,,,False,2026-01-19 00:00:00.000000,27.68,,,,,,,,,,,key_moments,2026-01-19 03:55:10.374176,WS-SPORTS-LIVE
IG0014752,- RLCraft Rage Quit Incoming!,source_691,source_691,False,Company_A,content_editor_04,Sports_Live,English,interview,,,,False,2026-01-19 00:00:00.000000,27.68,,,,,,,,,,,summary,2026-01-19 02:07:23.842651,WS-SPORTS-LIVE
YT0015175,- Elden Ring...But I Can Only Play With A Dance Pad?!,source_692,source_692,False,Company_A,content_editor_04,Sports_Live,English,discussion_show,,,,False,2026-01-21 00:00:00.000000,44.23,,,,,,,,,,,key_moments,2026-01-21 00:43:02.250388,WS-SPORTS-LIVE
YT0016304,- Beating Elden Ring With My FEET?! (This Was a Mistake),source_692,source_692,True,Company_A,content_editor_04,Sports_Live,English,interview,shorts,Youtube,,True,2026-01-21 00:00:00.000000,64.92,31.966666666666665,49.01,651.0,Shorts Feed,5.49,1760148.0,57164.0,5069.0,309.0,11962.487333333333,key_moments,2026-01-21 08:34:17.155694,WS-SPORTS-LIVE
YT0021636,- Dance Pad Souls: Elden Ring's HARDEST Challenge?!,source_692,source_692,True,Company_A,content_editor_04,Sports_Live,English,discussion_show,shorts,Youtube,,True,2026-01-21 00:00:00.000000,51.8,36.11666666666667,77.76,417.0,Channel Page,24.22,901615.0,99370.0,4417.0,2838.0,7167.0045,key_moments,2026-01-21 02:13:12.334438,WS-SPORTS-LIVE
IG0015175,- Elden Ring...But I Can Only Play With A Dance Pad?!,source_692,source_692,True,Company_A,content_editor_04,Sports_Live,English,debate,reels,Instagram,,True,2026-01-21 00:00:00.000000,44.23,32.983333333333334,79.0,229.0,Search,9.99,907437.0,42198.0,1704.0,1924.0,5074.55,key_moments,2026-01-21 01:35:50.453228,WS-SPORTS-LIVE
IG0016304,- Beating Elden Ring With My FEET?! (This Was a Mistake),source_692,source_692,False,Company_A,content_editor_04,Sports_Live,English,interview,,,,False,2026-01-21 00:00:00.000000,64.92,,,,,,,,,,,summary,2026-01-21 01:00:50.879237,WS-SPORTS-LIVE
IG0021636,- Dance Pad Souls: Elden Ring's HARDEST Challenge?!,source_692,source_692,False,Company_A,content_editor_04,Sports_Live,English,interview,,,,False,2026-01-21 00:00:00.000000,51.8,,,,,,,,,,,full_package,2026-01-21 01:15:53.734009,WS-SPORTS-LIVE
YT0019632,- Fall Guys... But I Played With My FEET?!,source_693,source_693,False,Company_A,content_editor_04,Sports_Live,English,interview,,,,False,2026-01-22 00:00:00.000000,59.54,,,,,,,,,,,key_moments,2026-01-22 01:51:14.249945,WS-SPORTS-LIVE
YT0029047,- Toe-tal Chaos: Winning Fall Guys With My Feet!,source_693,source_693,True,Company_A,content_editor_04,Sports_Live,English,interview,shorts,Youtube,,True,2026-01-22 00:00:00.000000,22.7,11.833333333333332,56.28,605.0,External,16.7,1263276.0,91029.0,3784.0,47.0,1520.61,my_key_moments,2026-01-22 03:18:15.369629,WS-SPORTS-LIVE
IG0019632,- Fall Guys... But I Played With My FEET?!,source_693,source_693,False,Company_A,content_editor_04,Sports_Live,English,debate,,,,False,2026-01-22 00:00:00.000000,59.54,,,,,,,,,,,full_package,2026-01-22 01:31:15.233060,WS-SPORTS-LIVE
IG0029047,- Toe-tal Chaos: Winning Fall Guys With My Feet!,source_693,source_693,True,Company_A,content_editor_04,Sports_Live,English,press_conference,reels,Instagram,,True,2026-01-22 00:00:00.000000,22.7,11.833333333333332,56.0,255.0,External,16.7,798749.0,57118.0,2783.0,47.0,538.42,chapters,2026-01-22 04:38:26.446061,WS-SPORTS-LIVE
YT0001833,- I Tried to Win Fall Guys With My Feet (and it was a DISASTER),source_693,source_693,False,Company_A,content_editor_04,Sports_Live,English,press_conference,,,,False,2026-01-23 00:00:00.000000,46.19,,,,,,,,,,,key_moments,2026-01-23 03:17:03.274625,WS-SPORTS-LIVE
YT0019529,- Elden Ring... BUT I Beat It With a DANCE PAD?!,source_694,source_694,True,Company_A,content_editor_04,Sports_Live,English,debate,shorts,Youtube,,True,2026-01-23 00:00:00.000000,38.42,9.2,7.26,588.0,Browse,16.95,1970409.0,53547.0,5109.0,2157.0,930.471,full_package,2026-01-23 23:39:44.716840,WS-SPORTS-LIVE
YT0020624,- Dance Pad DESTROYS Elden Ring (You Won't Believe This!),source_694,source_694,False,Company_A,content_editor_04,Sports_Live,English,debate,,,,False,2026-01-23 00:00:00.000000,40.120000000000005,,,,,,,,,,,key_moments,2026-01-23 01:01:22.801403,WS-SPORTS-LIVE
IG0001833,- I Tried to Win Fall Guys With My Feet (and it was a DISASTER),source_693,source_693,False,Company_A,content_editor_04,Sports_Live,English,debate,,,,False,2026-01-23 00:00:00.000000,46.19,,,,,,,,,,,key_moments,2026-01-23 04:33:05.745021,WS-SPORTS-LIVE
IG0020001,- Elden Ring Beatdown: My Feet vs. The Lands Between,source_694,source_694,True,Company_A,content_editor_04,Sports_Live,English,press_conference,reels,Instagram,,True,2026-01-24 00:00:00.000000,46.97,31.33333333333333,72.0,196.0,Search,16.23,75722.0,55505.0,3655.0,1088.0,360.94,full_package,2026-01-24 04:35:50.762906,WS-SPORTS-LIVE
YT0029759,- Fall Guys: Can We WIN Every Round?! (No Losses Allowed!),source_695,source_695,False,Company_A,content_editor_04,Sports_Live,English,interview,,,,False,2026-01-25 00:00:00.000000,21.71,,,,,,,,,,,key_moments,2026-01-25 01:45:14.081409,WS-SPORTS-LIVE
YT0004333,- Cities: Skylines 2 - Building the WORST City EVER! (Challenge Run),source_696,source_696,False,Company_A,content_editor_04,Sports_Live,English,interview,,,,False,2026-01-25 00:00:00.000000,73.41,,,,,,,,,,,chapters,2026-01-25 04:19:00.198596,WS-SPORTS-LIVE
IG0029759,- Fall Guys: Can We WIN Every Round?! (No Losses Allowed!),source_695,source_695,False,Company_A,content_editor_04,Sports_Live,English,debate,,,,False,2026-01-25 00:00:00.000000,21.71,,,,,,,,,,,full_package,2026-01-25 07:24:13.052908,WS-SPORTS-LIVE
IG0004333,- Cities: Skylines 2 - Building the WORST City EVER! (Challenge Run),source_696,source_696,False,Company_A,content_editor_04,Sports_Live,English,interview,,,,False,2026-01-25 00:00:00.000000,73.41,,,,,,,,,,,key_moments,2026-01-25 04:19:15.610737,WS-SPORTS-LIVE
IG0016814,- Super Mario Maker 2: Beating the Unbeatable?!,source_697,source_697,False,Company_A,content_editor_04,Sports_Live,English,debate,,,,False,2026-01-27 00:00:00.000000,74.17,,,,,,,,,,,key_moments,2026-01-27 12:06:28.724932,WS-SPORTS-LIVE
YT0017071,- Rage Game: Super Expert Endless Challenge,source_697,source_697,False,Company_A,content_editor_04,Sports_Live,English,press_conference,,,,False,2026-01-30 00:00:00.000000,53.69,,,,,,,,,,,full_package,2026-01-30 00:42:02.065256,WS-SPORTS-LIVE
YT0005701,- Mario Maker 2: Can I Beat 25 Levels?!,source_697,source_697,True,Company_A,content_editor_04,Sports_Live,English,press_conference,shorts,Youtube,,True,2026-01-30 00:00:00.000000,59.12,51.083333333333336,98.78,516.0,Notifications,9.95,1574148.0,58880.0,4107.0,653.0,19057.393666666667,chapters,2026-01-30 02:02:20.753370,WS-SPORTS-LIVE
YT0016926,- Elden Ring...But I Can ONLY Use a Dance Pad?!,source_698,source_698,False,Company_A,content_editor_04,Sports_Live,English,interview,,,,False,2026-01-30 00:00:00.000000,31.04,,,,,,,,,,,key_moments,2026-01-30 13:01:05.089801,WS-SPORTS-LIVE
IG0017071,- Rage Game: Super Expert Endless Challenge,source_697,source_697,True,Company_A,content_editor_04,Sports_Live,English,debate,reels,Instagram,,True,2026-01-30 00:00:00.000000,53.69,24.08333333333333,42.0,452.0,Playlist,27.63,768864.0,59181.0,1868.0,1198.0,1487.54,summary,2026-01-30 08:17:49.839926,WS-SPORTS-LIVE
IG0005701,- Mario Maker 2: Can I Beat 25 Levels?!,source_697,source_697,False,Company_A,content_editor_04,Sports_Live,English,debate,,,,False,2026-01-30 00:00:00.000000,59.12,,,,,,,,,,,chapters,2026-01-30 06:09:49.907660,WS-SPORTS-LIVE
IG0016926,- Elden Ring...But I Can ONLY Use a Dance Pad?!,source_698,source_698,False,Company_A,content_editor_04,Sports_Live,English,debate,,,,False,2026-01-30 00:00:00.000000,31.04,,,,,,,,,,,full_package,2026-01-30 10:43:41.168458,WS-SPORTS-LIVE
YT0001454,- Dance Pad Elden Ring: This is Going to End Badly,source_698,source_698,False,Company_A,content_editor_04,Sports_Live,English,debate,,,,False,2026-01-31 00:00:00.000000,23.16,,,,,,,,,,,key_moments,2026-01-31 00:51:48.007680,WS-SPORTS-LIVE
IG0001454,- Dance Pad Elden Ring: This is Going to End Badly,source_698,source_698,True,Company_A,content_editor_04,Sports_Live,English,interview,reels,Instagram,,True,2026-01-31 00:00:00.000000,23.16,10.066666666666666,33.0,252.0,Channel Page,23.73,1259431.0,58877.0,4228.0,975.0,296.32,full_package,2026-01-31 07:33:33.596963,WS-SPORTS-LIVE
YT0006478,- Protection Paladin SOLO SHUFFLE?! From Zero to Hero (WoW PvP Experiment),source_699,source_699,True,Company_A,content_editor_04,Sports_Live,English,press_conference,shorts,Youtube,,True,2026-02-01 00:00:00.000000,62.84,34.71666666666667,56.89,588.0,Suggested,11.28,239111.0,71994.0,552.0,1635.0,1807.7235,full_package,2026-02-01 09:22:21.358379,WS-SPORTS-LIVE
IG0006478,- Protection Paladin SOLO SHUFFLE?! From Zero to Hero (WoW PvP Experiment),source_699,source_699,True,Company_A,content_editor_04,Sports_Live,English,press_conference,reels,Instagram,,True,2026-02-01 00:00:00.000000,62.84,34.71666666666667,55.0,283.0,Suggested,11.28,188193.0,63738.0,494.0,1505.0,782.53,key_moments,2026-02-01 02:21:41.716410,WS-SPORTS-LIVE
YT0007433,- Fall Guys SQUAD CHAOS: Who Will Betray Us?!,source_700,source_700,True,Company_A,content_editor_04,Sports_Live,English,discussion_show,shorts,Youtube,,True,2026-02-02 00:00:00.000000,33.05,11.366666666666667,21.42,504.0,Suggested,5.13,1952168.0,58967.0,6610.0,1103.0,2096.773,summary,2026-02-03 08:46:32.126881,WS-SPORTS-LIVE
YT0024938,"- Fall Guys, But the Y-Axis Hates Me",source_701,source_701,False,Company_A,content_editor_04,Sports_Live,English,discussion_show,,,,False,2026-02-02 00:00:00.000000,36.86,,,,,,,,,,,my_key_moments,2026-02-02 04:40:49.270765,WS-SPORTS-LIVE
IG0007433,- Fall Guys SQUAD CHAOS: Who Will Betray Us?!,source_700,source_700,False,Company_A,content_editor_04,Sports_Live,English,debate,,,,False,2026-02-02 00:00:00.000000,33.05,,,,,,,,,,,full_package,2026-02-02 00:41:31.819017,WS-SPORTS-LIVE
IG0024938,"- Fall Guys, But the Y-Axis Hates Me",source_701,source_701,False,Company_A,content_editor_04,Sports_Live,English,debate,,,,False,2026-02-02 00:00:00.000000,36.86,,,,,,,,,,,chapters,2026-02-02 05:25:35.743837,WS-SPORTS-LIVE
YT0010937,- Inverted Controls?! Fall Guys Pain!,source_701,source_701,False,Company_A,content_editor_04,Sports_Live,English,interview,,,,False,2026-02-03 00:00:00.000000,66.72999999999999,,,,,,,,,,,chapters,2026-02-03 02:14:55.757691,WS-SPORTS-LIVE
IG0010937,- Inverted Controls?! Fall Guys Pain!,source_701,source_701,False,Company_A,content_editor_04,Sports_Live,English,discussion_show,,,,False,2026-02-03 00:00:00.000000,66.72999999999999,,,,,,,,,,,full_package,2026-02-03 10:09:29.860799,WS-SPORTS-LIVE
YT0000855,- Elden Ring's Wildest Glitches: Flying Horses & Broken Bosses!,source_702,source_702,False,Company_A,content_editor_04,Sports_Live,English,interview,,,,False,2026-02-04 00:00:00.000000,43.85,,,,,,,,,,,full_package,2026-02-04 06:12:02.238714,WS-SPORTS-LIVE
YT0003545,- Elden Ring Glitch Hunt: Uncovering the Lands Between's Dark Secrets!,source_702,source_702,False,Company_A,content_editor_04,Sports_Live,English,press_conference,,,,False,2026-02-04 00:00:00.000000,26.02,,,,,,,,,,,key_moments,2026-02-04 02:28:45.305429,WS-SPORTS-LIVE
IG0000855,- Elden Ring's Wildest Glitches: Flying Horses & Broken Bosses!,source_702,source_702,True,Company_A,content_editor_04,Sports_Live,English,debate,reels,Instagram,,True,2026-02-04 00:00:00.000000,43.85,27.883333333333333,70.0,389.0,Channel Page,2.95,50384.0,86443.0,1248.0,2359.0,199.69,key_moments,2026-02-04 13:18:23.556074,WS-SPORTS-LIVE
YT0004469,"- Fall Guys: One Hand, ZERO Skill... Can I WIN?!",source_703,source_703,True,Company_A,content_editor_04,Sports_Live,English,debate,shorts,Youtube,,True,2026-02-06 00:00:00.000000,50.81,16.75,25.83,542.0,Channel Page,15.11,369651.0,58657.0,4803.0,2651.0,949.7976666666668,key_moments,2026-02-06 08:28:52.425541,WS-SPORTS-LIVE
IG0004469,"- Fall Guys: One Hand, ZERO Skill... Can I WIN?!",source_703,source_703,False,Company_A,content_editor_04,Sports_Live,English,debate,,,,False,2026-02-06 00:00:00.000000,50.81,,,,,,,,,,,my_key_moments,2026-02-06 02:03:45.293529,WS-SPORTS-LIVE
IG0029598,- Cities: Skylines 2 - The ULTIMATE City-Building FAIL!,source_704,source_704,False,Company_A,content_editor_04,Sports_Live,English,press_conference,,,,False,2026-02-07 00:00:00.000000,42.870000000000005,,,,,,,,,,,summary,2026-02-07 03:32:30.776123,WS-SPORTS-LIVE
YT0023079,- Fall Guys: Crown EVERY Level...Without FAILING?! (IMPOSSIBLE Challenge),source_705,source_705,False,Company_A,content_editor_04,Sports_Live,English,interview,,,,False,2026-02-08 00:00:00.000000,31.72,,,,,,,,,,,summary,2026-02-08 06:02:54.980761,WS-SPORTS-LIVE
YT0009419,- Fall Guys...With ONLY My FEET?! (IMPOSSIBLE Challenge),source_706,source_706,False,Company_A,content_editor_04,Sports_Live,English,interview,,,,False,2026-02-08 00:00:00.000000,37.24,,,,,,,,,,,key_moments,2026-02-08 02:59:19.806770,WS-SPORTS-LIVE
YT0027541,- I Tried to Win Fall Guys With My FEET...You Won't Believe What Happened!,source_706,source_706,False,Company_A,content_editor_04,Sports_Live,English,interview,,,,False,2026-02-08 00:00:00.000000,53.96,,,,,,,,,,,key_moments,2026-02-08 03:03:39.965615,WS-SPORTS-LIVE
YT0026077,"- Fall Guys, But I Only Use My FEET! (Crown or Clown?)",source_707,source_707,True,Company_A,content_editor_04,Sports_Live,English,discussion_show,shorts,Youtube,,True,2026-02-08 00:00:00.000000,46.81,12.65,16.19,668.0,Notifications,18.73,862352.0,89013.0,3599.0,1907.0,1233.6425000000002,my_key_moments,2026-02-08 04:07:09.348578,WS-SPORTS-LIVE
IG0023079,- Fall Guys: Crown EVERY Level...Without FAILING?! (IMPOSSIBLE Challenge),source_705,source_705,False,Company_A,content_editor_04,Sports_Live,English,press_conference,,,,False,2026-02-08 00:00:00.000000,31.72,,,,,,,,,,,summary,2026-02-08 01:42:18.554797,WS-SPORTS-LIVE
IG0009419,- Fall Guys...With ONLY My FEET?! (IMPOSSIBLE Challenge),source_706,source_706,False,Company_A,content_editor_04,Sports_Live,English,interview,,,,False,2026-02-08 00:00:00.000000,37.24,,,,,,,,,,,key_moments,2026-02-08 00:40:13.350270,WS-SPORTS-LIVE
IG0027541,- I Tried to Win Fall Guys With My FEET...You Won't Believe What Happened!,source_706,source_706,False,Company_A,content_editor_04,Sports_Live,English,press_conference,,,,False,2026-02-08 00:00:00.000000,53.96,,,,,,,,,,,key_moments,2026-02-08 04:50:35.983646,WS-SPORTS-LIVE
IG0026077,"- Fall Guys, But I Only Use My FEET! (Crown or Clown?)",source_707,source_707,False,Company_A,content_editor_04,Sports_Live,English,interview,,,,False,2026-02-08 00:00:00.000000,46.81,,,,,,,,,,,key_moments,2026-02-08 00:48:53.241857,WS-SPORTS-LIVE
YT0028521,- Elden Ring Randomizer: Prepare to Rage (Hilariously)!,source_708,source_708,False,Company_A,content_editor_04,Sports_Live,English,discussion_show,,,,False,2026-02-09 00:00:00.000000,24.04,,,,,,,,,,,key_moments,2026-02-09 01:48:26.471156,WS-SPORTS-LIVE
YT0021052,- Elden Ring Gone WILD: You Won't Believe This Randomizer!,source_708,source_708,False,Company_A,content_editor_04,Sports_Live,English,interview,,,,False,2026-02-10 00:00:00.000000,50.57,,,,,,,,,,,key_moments,2026-02-10 00:58:10.211442,WS-SPORTS-LIVE
IG0021052,- Elden Ring Gone WILD: You Won't Believe This Randomizer!,source_708,source_708,False,Company_A,content_editor_04,Sports_Live,English,debate,,,,False,2026-02-10 00:00:00.000000,50.57,,,,,,,,,,,full_package,2026-02-10 01:04:11.538383,WS-SPORTS-LIVE
YT0018334,"- Fall Guys, But I Can Only Use My FEET! 🦶",source_709,source_709,False,Company_A,content_editor_04,Sports_Live,English,discussion_show,,,,False,2026-02-11 00:00:00.000000,68.88,,,,,,,,,,,key_moments,2026-02-11 05:37:33.190686,WS-SPORTS-LIVE
YT0005270,- Beating Fall Guys With My Feet?! (IMPOSSIBLE Challenge),source_709,source_709,True,Company_A,content_editor_04,Sports_Live,English,debate,shorts,Youtube,,True,2026-02-11 00:00:00.000000,65.31,43.43333333333333,71.42,530.0,Shorts Feed,6.25,328421.0,80110.0,3201.0,1935.0,3278.128166666667,key_moments,2026-02-11 03:20:53.820631,WS-SPORTS-LIVE
YT0013171,Fall Guys Victory...With My FEET?! 🤣,source_710,source_710,True,Company_A,content_editor_04,Sports_Live,English,interview,shorts,Youtube,,True,2026-02-11 00:00:00.000000,35.09,15.65,40.57,476.0,Channel Page,24.57,608970.0,50721.0,1591.0,1745.0,1378.6403333333333,key_moments,2026-02-11 03:15:10.757247,WS-SPORTS-LIVE
YT0022706,I Tried Winning Fall Guys With NO HANDS! (IMPOSSIBLE),source_710,source_710,False,Company_A,content_editor_04,Sports_Live,English,press_conference,,,,False,2026-02-11 00:00:00.000000,21.37,,,,,,,,,,,summary,2026-02-11 01:23:45.408678,WS-SPORTS-LIVE
IG0018334,"- Fall Guys, But I Can Only Use My FEET! 🦶",source_709,source_709,False,Company_A,content_editor_04,Sports_Live,English,press_conference,,,,False,2026-02-11 00:00:00.000000,68.88,,,,,,,,,,,my_key_moments,2026-02-11 02:22:01.129781,WS-SPORTS-LIVE
IG0005270,- Beating Fall Guys With My Feet?! (IMPOSSIBLE Challenge),source_709,source_709,False,Company_A,content_editor_04,Sports_Live,English,debate,,,,False,2026-02-11 00:00:00.000000,65.31,,,,,,,,,,,key_moments,2026-02-11 05:24:20.608274,WS-SPORTS-LIVE
IG0013171,Fall Guys Victory...With My FEET?! 🤣,source_710,source_710,False,Company_A,content_editor_04,Sports_Live,English,discussion_show,,,,False,2026-02-11 00:00:00.000000,35.09,,,,,,,,,,,key_moments,2026-02-11 03:50:12.284735,WS-SPORTS-LIVE
IG0022706,I Tried Winning Fall Guys With NO HANDS! (IMPOSSIBLE),source_710,source_710,False,Company_A,content_editor_04,Sports_Live,English,discussion_show,,,,False,2026-02-11 00:00:00.000000,21.37,,,,,,,,,,,chapters,2026-02-11 07:43:29.215412,WS-SPORTS-LIVE
YT0003737,"- Fall Guys, But I'm Steering Wheel Certified?!",source_711,source_711,True,Company_A,content_editor_04,Sports_Live,English,interview,shorts,Youtube,,True,2026-02-12 00:00:00.000000,17.56,8.033333333333333,20.83,512.0,Suggested,12.34,1846172.0,66560.0,3812.0,1997.0,273.50699999999995,summary,2026-02-12 08:39:25.191541,WS-SPORTS-LIVE
IG0003737,"- Fall Guys, But I'm Steering Wheel Certified?!",source_711,source_711,True,Company_A,content_editor_04,Sports_Live,English,press_conference,reels,Instagram,,True,2026-02-12 00:00:00.000000,17.56,8.033333333333333,20.0,340.0,Suggested,12.34,1236547.0,59452.0,3425.0,1955.0,36.64,full_package,2026-02-12 03:16:08.804213,WS-SPORTS-LIVE
YT0007319,- Steering Wheel vs. Fall Guys: This Shouldn't Work...,source_711,source_711,True,Company_A,content_editor_04,Sports_Live,English,interview,shorts,Youtube,,True,2026-02-13 00:00:00.000000,17.29,9.216666666666669,74.96,667.0,Browse,10.41,1938169.0,62740.0,2891.0,1319.0,924.2195,full_package,2026-02-13 00:54:32.089520,WS-SPORTS-LIVE
IG0007319,- Steering Wheel vs. Fall Guys: This Shouldn't Work...,source_711,source_711,False,Company_A,content_editor_04,Sports_Live,English,discussion_show,,,,False,2026-02-13 00:00:00.000000,17.29,,,,,,,,,,,my_key_moments,2026-02-13 02:11:00.987914,WS-SPORTS-LIVE
YT0019858,- Fall Guys Gets WHEELY Chaotic! (Challenge Run),source_711,source_711,False,Company_A,content_editor_04,Sports_Live,English,interview,,,,False,2026-02-16 00:00:00.000000,56.63,,,,,,,,,,,chapters,2026-02-16 03:41:57.470996,WS-SPORTS-LIVE
YT0020184,- Crab Game CHAOS: Squid Game's FREE and BETTER Cousin?!,source_712,source_712,False,Company_A,content_editor_04,Sports_Live,English,interview,,,,False,2026-02-16 00:00:00.000000,63.87,,,,,,,,,,,my_key_moments,2026-02-16 02:08:57.189941,WS-SPORTS-LIVE
IG0019858,- Fall Guys Gets WHEELY Chaotic! (Challenge Run),source_711,source_711,False,Company_A,content_editor_04,Sports_Live,English,debate,,,,False,2026-02-16 00:00:00.000000,56.63,,,,,,,,,,,key_moments,2026-02-16 01:43:13.676409,WS-SPORTS-LIVE
IG0020184,- Crab Game CHAOS: Squid Game's FREE and BETTER Cousin?!,source_712,source_712,False,Company_A,content_editor_04,Sports_Live,English,debate,,,,False,2026-02-16 00:00:00.000000,63.87,,,,,,,,,,,chapters,2026-02-16 04:13:46.388893,WS-SPORTS-LIVE
YT0029727,- Polygon CRABS Battle to the DEATH! (Crab Game Highlights),source_712,source_712,False,Company_A,content_editor_04,Sports_Live,English,press_conference,,,,False,2026-02-17 00:00:00.000000,34.56,,,,,,,,,,,chapters,2026-02-18 03:57:12.039270,WS-SPORTS-LIVE
YT0011825,- Elden Ring PvP: Maximum Absurdity Achieved,source_713,source_713,True,Company_A,content_editor_04,Sports_Live,English,press_conference,shorts,Youtube,,True,2026-02-17 00:00:00.000000,53.23,29.883333333333333,58.55,607.0,Suggested,9.6,1124197.0,90152.0,2264.0,1728.0,6989.799,chapters,2026-02-17 02:42:24.253795,WS-SPORTS-LIVE
IG0029727,- Polygon CRABS Battle to the DEATH! (Crab Game Highlights),source_712,source_712,True,Company_A,content_editor_04,Sports_Live,English,interview,reels,Instagram,,True,2026-02-17 00:00:00.000000,34.56,13.583333333333332,32.0,345.0,Search,16.73,935617.0,67680.0,6711.0,629.0,505.93,key_moments,2026-02-17 03:59:27.712830,WS-SPORTS-LIVE
IG0011825,- Elden Ring PvP: Maximum Absurdity Achieved,source_713,source_713,False,Company_A,content_editor_04,Sports_Live,English,interview,,,,False,2026-02-17 00:00:00.000000,53.23,,,,,,,,,,,full_package,2026-02-17 01:24:00.974945,WS-SPORTS-LIVE
YT0022407,- Trolling Invaders with the WORST Elden Ring Build EVER,source_713,source_713,True,Company_A,content_editor_04,Sports_Live,English,debate,shorts,Youtube,,True,2026-02-18 00:00:00.000000,53.74,35.31666666666666,71.8,519.0,Playlist,29.67,1758682.0,89264.0,1483.0,1328.0,13589.075333333334,key_moments,2026-02-18 10:48:57.159457,WS-SPORTS-LIVE
IG0022407,- Trolling Invaders with the WORST Elden Ring Build EVER,source_713,source_713,False,Company_A,content_editor_04,Sports_Live,English,debate,,,,False,2026-02-18 00:00:00.000000,53.74,,,,,,,,,,,full_package,2026-02-18 08:03:12.078609,WS-SPORTS-LIVE
YT0028512,- Elden Ring PvP: Can a Torch Beat a Katana?,source_713,source_713,False,Company_A,content_editor_04,Sports_Live,English,debate,,,,False,2026-02-20 00:00:00.000000,35.25,,,,,,,,,,,key_moments,2026-02-20 07:37:14.888824,WS-SPORTS-LIVE
YT0018221,- Fall Guys Hates Me: The Cursed Jelly Bean Run,source_714,source_714,False,Company_A,content_editor_04,Sports_Live,English,press_conference,,,,False,2026-02-20 00:00:00.000000,26.43,,,,,,,,,,,summary,2026-02-20 11:52:16.991455,WS-SPORTS-LIVE
YT0023348,"- Fall Guys, But I'm the Unluckiest Player Ever",source_714,source_714,False,Company_A,content_editor_04,Sports_Live,English,discussion_show,,,,False,2026-02-21 00:00:00.000000,29.15,,,,,,,,,,,full_package,2026-02-21 02:50:30.312458,WS-SPORTS-LIVE
YT0010075,- 100% Cursed Fall Guys Run: Prepare to Faceplant,source_714,source_714,True,Company_A,content_editor_04,Sports_Live,English,interview,shorts,Youtube,,True,2026-02-21 00:00:00.000000,20.18,9.466666666666669,37.97,489.0,Notifications,29.47,1987413.0,97941.0,4846.0,315.0,1085.7163333333333,key_moments,2026-02-21 03:08:25.552206,WS-SPORTS-LIVE
IG0023348,"- Fall Guys, But I'm the Unluckiest Player Ever",source_714,source_714,True,Company_A,content_editor_04,Sports_Live,English,debate,reels,Instagram,,True,2026-02-21 00:00:00.000000,29.15,8.166666666666666,4.0,261.0,Browse,18.61,623967.0,64588.0,2771.0,129.0,4.62,key_moments,2026-02-21 15:42:30.329661,WS-SPORTS-LIVE
IG0010075,- 100% Cursed Fall Guys Run: Prepare to Faceplant,source_714,source_714,False,Company_A,content_editor_04,Sports_Live,English,discussion_show,,,,False,2026-02-21 00:00:00.000000,20.18,,,,,,,,,,,key_moments,2026-02-21 06:38:08.822911,WS-SPORTS-LIVE
YT0007447,Fall Guys: Crown EVERY Round or DELETE the Game!,source_715,source_715,False,Company_A,content_editor_04,Sports_Live,English,debate,,,,False,2026-02-22 00:00:00.000000,31.05,,,,,,,,,,,full_package,2026-02-22 00:40:39.640639,WS-SPORTS-LIVE
IG0007447,Fall Guys: Crown EVERY Round or DELETE the Game!,source_715,source_715,False,Company_A,content_editor_04,Sports_Live,English,interview,,,,False,2026-02-22 00:00:00.000000,31.05,,,,,,,,,,,chapters,2026-02-22 05:45:19.701006,WS-SPORTS-LIVE
YT0029073,Fall Guys IMPOSSIBLE Challenge: 100% Win Rate or Rage Quit!,source_715,source_715,False,Company_A,content_editor_04,Sports_Live,English,debate,,,,False,2026-02-23 00:00:00.000000,19.76,,,,,,,,,,,chapters,2026-02-23 02:30:41.903876,WS-SPORTS-LIVE
IG0029073,Fall Guys IMPOSSIBLE Challenge: 100% Win Rate or Rage Quit!,source_715,source_715,True,Company_A,content_editor_04,Sports_Live,English,debate,reels,Instagram,,True,2026-02-23 00:00:00.000000,19.76,10.416666666666666,59.0,381.0,Search,8.26,1013031.0,61346.0,4512.0,825.0,484.24,key_moments,2026-02-23 08:12:20.602303,WS-SPORTS-LIVE
YT0022283,Fall Guys God? Perfect Run or Epic Fail!,source_715,source_715,True,Company_A,content_editor_04,Sports_Live,English,interview,shorts,Youtube,,True,2026-02-25 00:00:00.000000,43.45,14.316666666666666,23.96,439.0,Playlist,3.35,1281508.0,89927.0,2656.0,55.0,2426.5591666666664,full_package,2026-02-25 05:32:41.004238,WS-SPORTS-LIVE
IG0022283,Fall Guys God? Perfect Run or Epic Fail!,source_715,source_715,False,Company_A,content_editor_04,Sports_Live,English,discussion_show,,,,False,2026-02-25 00:00:00.000000,43.45,,,,,,,,,,,full_package,2026-02-25 00:59:37.964257,WS-SPORTS-LIVE
YT0003237,"- Fall Guys, But We Made It IMPOSSIBLE!",source_716,source_716,False,Company_A,content_editor_04,Sports_Live,English,debate,,,,False,2026-02-26 00:00:00.000000,38.27,,,,,,,,,,,key_moments,2026-02-26 04:57:35.156445,WS-SPORTS-LIVE
YT0006228,- Fall Guys: Handicapped Mayhem!,source_716,source_716,False,Company_A,content_editor_04,Sports_Live,English,discussion_show,,,,False,2026-02-26 00:00:00.000000,19.95,,,,,,,,,,,key_moments,2026-02-26 04:44:02.843651,WS-SPORTS-LIVE
IG0003237,"- Fall Guys, But We Made It IMPOSSIBLE!",source_716,source_716,False,Company_A,content_editor_04,Sports_Live,English,debate,,,,False,2026-02-26 00:00:00.000000,38.27,,,,,,,,,,,full_package,2026-02-26 05:20:59.379634,WS-SPORTS-LIVE
IG0006228,- Fall Guys: Handicapped Mayhem!,source_716,source_716,False,Company_A,content_editor_04,Sports_Live,English,press_conference,,,,False,2026-02-26 00:00:00.000000,19.95,,,,,,,,,,,summary,2026-02-26 06:20:20.318197,WS-SPORTS-LIVE
YT0010470,- We Broke Fall Guys With These Challenges!,source_716,source_716,True,Company_A,content_editor_04,Sports_Live,English,interview,shorts,Youtube,,True,2026-02-28 00:00:00.000000,19.03,8.033333333333333,13.23,531.0,Search,2.91,720917.0,95074.0,4225.0,48.0,106.8025,key_moments,2026-02-28 13:14:15.639441,WS-SPORTS-LIVE
IG0010470,- We Broke Fall Guys With These Challenges!,source_716,source_716,True,Company_A,content_editor_04,Sports_Live,English,interview,reels,Instagram,,True,2026-02-28 00:00:00.000000,19.03,8.033333333333333,13.0,316.0,Search,2.91,399323.0,75245.0,2930.0,48.0,7.69,key_moments,2026-02-28 05:34:12.210524,WS-SPORTS-LIVE
YT0011879,"- Fall Guys, But I Only Have ONE HAND! 🤣 (Challenge Accepted!)",source_717,source_717,False,Company_A,content_editor_04,Sports_Live,English,debate,,,,False,2026-03-01 00:00:00.000000,55.42,,,,,,,,,,,key_moments,2026-03-01 04:04:26.221243,WS-SPORTS-LIVE
YT0001121,- One-Handed Fall Guys: Can We Actually Win?! 👑,source_717,source_717,False,Company_A,content_editor_04,Sports_Live,English,debate,,,,False,2026-03-02 00:00:00.000000,46.21,,,,,,,,,,,key_moments,2026-03-02 10:01:15.077391,WS-SPORTS-LIVE
YT0025146,"- Fall Guys, But I'm Driving?! Steering Wheel Mayhem!",source_718,source_718,True,Company_A,content_editor_04,Sports_Live,English,interview,shorts,Youtube,,True,2026-03-02 00:00:00.000000,28.0,19.1,89.23,485.0,Playlist,12.05,968911.0,82767.0,3784.0,1831.0,3122.0465,key_moments,2026-03-03 00:03:30.476626,WS-SPORTS-LIVE
YT0023434,- Steering Wheel Fall Guys: Can I Actually Win?!,source_718,source_718,True,Company_A,content_editor_04,Sports_Live,English,discussion_show,shorts,Youtube,,True,2026-03-02 00:00:00.000000,67.50999999999999,24.666666666666668,32.69,641.0,Browse,11.45,448052.0,61619.0,7720.0,1674.0,2136.5443333333333,full_package,2026-03-02 08:19:02.677682,WS-SPORTS-LIVE
IG0025146,"- Fall Guys, But I'm Driving?! Steering Wheel Mayhem!",source_718,source_718,False,Company_A,content_editor_04,Sports_Live,English,interview,,,,False,2026-03-02 00:00:00.000000,28.0,,,,,,,,,,,chapters,2026-03-02 04:43:02.664832,WS-SPORTS-LIVE
IG0023434,- Steering Wheel Fall Guys: Can I Actually Win?!,source_718,source_718,False,Company_A,content_editor_04,Sports_Live,English,interview,,,,False,2026-03-02 00:00:00.000000,67.50999999999999,,,,,,,,,,,key_moments,2026-03-02 05:39:13.495097,WS-SPORTS-LIVE
YT0002147,- 100 Subs vs. Fall Guys: CHAOS CROWNED!,source_719,source_719,False,Company_A,content_editor_04,Sports_Live,English,debate,,,,False,2026-03-03 00:00:00.000000,31.32,,,,,,,,,,,full_package,2026-03-03 04:54:33.444709,WS-SPORTS-LIVE
IG0002147,- 100 Subs vs. Fall Guys: CHAOS CROWNED!,source_719,source_719,False,Company_A,content_editor_04,Sports_Live,English,discussion_show,,,,False,2026-03-03 00:00:00.000000,31.32,,,,,,,,,,,chapters,2026-03-03 04:03:34.920206,WS-SPORTS-LIVE
YT0018251,- Elden Ring's WILDEST Secrets: 5 Glitches That BREAK The Game!,source_720,source_720,True,Company_A,content_editor_04,Sports_Live,English,press_conference,shorts,Youtube,,True,2026-03-04 00:00:00.000000,20.63,9.1,28.42,426.0,Suggested,0.26,354321.0,88279.0,4692.0,2013.0,157.476,key_moments,2026-03-04 22:36:39.153345,WS-SPORTS-LIVE
YT0005913,- UNBELIEVABLE Elden Ring Glitches You NEED To See!,source_720,source_720,False,Company_A,content_editor_04,Sports_Live,English,discussion_show,,,,False,2026-03-04 00:00:00.000000,48.98,,,,,,,,,,,key_moments,2026-03-04 02:11:48.874688,WS-SPORTS-LIVE
IG0018251,- Elden Ring's WILDEST Secrets: 5 Glitches That BREAK The Game!,source_720,source_720,True,Company_A,content_editor_04,Sports_Live,English,debate,reels,Instagram,,True,2026-03-04 00:00:00.000000,20.63,9.1,26.0,242.0,Suggested,0.26,267157.0,69445.0,3205.0,1919.0,30.87,key_moments,2026-03-04 10:04:35.873164,WS-SPORTS-LIVE
IG0005913,- UNBELIEVABLE Elden Ring Glitches You NEED To See!,source_720,source_720,False,Company_A,content_editor_04,Sports_Live,English,discussion_show,,,,False,2026-03-04 00:00:00.000000,48.98,,,,,,,,,,,chapters,2026-03-04 03:37:00.729344,WS-SPORTS-LIVE
YT0013755,- Cities: Skylines 2 - Speedrunning DISASTER!,source_721,source_721,True,Company_A,content_editor_04,Sports_Live,English,discussion_show,shorts,Youtube,,True,2026-03-05 00:00:00.000000,71.1,10.65,5.61,624.0,Search,21.77,1273797.0,74990.0,2071.0,78.0,1114.5723333333333,chapters,2026-03-05 01:13:25.672303,WS-SPORTS-LIVE
YT0021890,- Fall Guys CHAOS: Can Randoms Win?!,source_722,source_722,False,Company_A,content_editor_04,Sports_Live,English,interview,,,,False,2026-03-05 00:00:00.000000,39.79,,,,,,,,,,,key_moments,2026-03-05 03:26:26.089293,WS-SPORTS-LIVE
YT0015664,- Perfect Fall Guys Game...With Strangers?!,source_722,source_722,True,Company_A,content_editor_04,Sports_Live,English,debate,shorts,Youtube,,True,2026-03-05 00:00:00.000000,55.49,10.666666666666666,7.82,497.0,Channel Page,16.28,829119.0,93638.0,183.0,2471.0,729.3176666666666,full_package,2026-03-05 02:34:58.076396,WS-SPORTS-LIVE
IG0013755,- Cities: Skylines 2 - Speedrunning DISASTER!,source_721,source_721,False,Company_A,content_editor_04,Sports_Live,English,discussion_show,,,,False,2026-03-05 00:00:00.000000,71.1,,,,,,,,,,,summary,2026-03-05 06:20:57.746183,WS-SPORTS-LIVE
IG0021890,- Fall Guys CHAOS: Can Randoms Win?!,source_722,source_722,False,Company_A,content_editor_04,Sports_Live,English,debate,,,,False,2026-03-05 00:00:00.000000,39.79,,,,,,,,,,,key_moments,2026-03-05 04:18:11.142124,WS-SPORTS-LIVE
IG0015664,- Perfect Fall Guys Game...With Strangers?!,source_722,source_722,True,Company_A,content_editor_04,Sports_Live,English,discussion_show,reels,Instagram,,True,2026-03-05 00:00:00.000000,55.49,10.666666666666666,8.0,334.0,Channel Page,16.28,462611.0,72011.0,158.0,2256.0,32.55,chapters,2026-03-05 01:45:57.318797,WS-SPORTS-LIVE
YT0028409,- Fall Guys Fails & Wins: Random Squad GOES OFF!,source_722,source_722,True,Company_A,content_editor_04,Sports_Live,English,debate,shorts,Youtube,,True,2026-03-06 00:00:00.000000,71.39,58.53333333333333,90.5,575.0,Playlist,6.16,481999.0,78000.0,5702.0,625.0,6832.782166666667,full_package,2026-03-06 12:58:33.562374,WS-SPORTS-LIVE
YT0005554,- Cities: Skylines 2 - Building the WORST City Imaginable!,source_723,source_723,False,Company_A,content_editor_04,Sports_Live,English,debate,,,,False,2026-03-06 00:00:00.000000,16.98,,,,,,,,,,,chapters,2026-03-06 09:34:04.020437,WS-SPORTS-LIVE
IG0005554,- Cities: Skylines 2 - Building the WORST City Imaginable!,source_723,source_723,True,Company_A,content_editor_04,Sports_Live,English,interview,reels,Instagram,,True,2026-03-06 00:00:00.000000,16.98,7.65,7.0,226.0,Suggested,24.97,568193.0,70746.0,778.0,2000.0,1.66,full_package,2026-03-06 14:13:37.057572,WS-SPORTS-LIVE
YT0014126,- Cities: Skylines 2 - Can We Fix This Disaster?!,source_723,source_723,False,Company_A,content_editor_04,Sports_Live,English,discussion_show,,,,False,2026-03-07 00:00:00.000000,35.64,,,,,,,,,,,full_package,2026-03-07 04:50:05.738276,WS-SPORTS-LIVE
IG0014126,- Cities: Skylines 2 - Can We Fix This Disaster?!,source_723,source_723,False,Company_A,content_editor_04,Sports_Live,English,press_conference,,,,False,2026-03-07 00:00:00.000000,35.64,,,,,,,,,,,key_moments,2026-03-07 03:53:14.183122,WS-SPORTS-LIVE
YT0019663,- Cities: Skylines 2 - Maximum Chaos City Challenge!,source_723,source_723,True,Company_A,content_editor_04,Sports_Live,English,interview,shorts,Youtube,,True,2026-03-08 00:00:00.000000,42.46,33.0,92.86,434.0,Playlist,22.52,1026639.0,69467.0,5824.0,2945.0,7272.026333333333,key_moments,2026-03-08 07:01:21.593282,WS-SPORTS-LIVE
YT0019624,- Elden Ring Beaten... With a Dance Pad?! (Painful Comedy),source_724,source_724,False,Company_A,content_editor_04,Sports_Live,English,debate,,,,False,2026-03-08 00:00:00.000000,28.48,,,,,,,,,,,chapters,2026-03-08 02:31:12.502992,WS-SPORTS-LIVE
YT0023403,- Fall Guys...With My FEET?! 🦶 Crown or Clown?,source_725,source_725,False,Company_A,content_editor_04,Sports_Live,English,interview,,,,False,2026-03-08 00:00:00.000000,46.55,,,,,,,,,,,key_moments,2026-03-08 04:26:19.007833,WS-SPORTS-LIVE
IG0019663,- Cities: Skylines 2 - Maximum Chaos City Challenge!,source_723,source_723,False,Company_A,content_editor_04,Sports_Live,English,interview,,,,False,2026-03-08 00:00:00.000000,42.46,,,,,,,,,,,my_key_moments,2026-03-08 03:28:31.971264,WS-SPORTS-LIVE
IG0019624,- Elden Ring Beaten... With a Dance Pad?! (Painful Comedy),source_724,source_724,False,Company_A,content_editor_04,Sports_Live,English,press_conference,,,,False,2026-03-08 00:00:00.000000,28.48,,,,,,,,,,,summary,2026-03-08 01:14:34.527470,WS-SPORTS-LIVE
IG0023403,- Fall Guys...With My FEET?! 🦶 Crown or Clown?,source_725,source_725,True,Company_A,content_editor_04,Sports_Live,English,debate,reels,Instagram,,True,2026-03-08 00:00:00.000000,46.55,18.75,37.0,392.0,Notifications,29.67,453303.0,54045.0,4307.0,2425.0,524.13,full_package,2026-03-08 04:25:45.754376,WS-SPORTS-LIVE
YT0027263,- I Tried To Win Fall Guys With My Feet (IMPOSSIBLE Challenge),source_725,source_725,False,Company_A,content_editor_04,Sports_Live,English,debate,,,,False,2026-03-10 00:00:00.000000,48.98,,,,,,,,,,,full_package,2026-03-10 02:48:39.403234,WS-SPORTS-LIVE
YT0028584,- Fall Guys Victory...Using ONLY My Toes?! 🏆,source_725,source_725,False,Company_A,content_editor_04,Sports_Live,English,interview,,,,False,2026-03-10 00:00:00.000000,63.89,,,,,,,,,,,key_moments,2026-03-10 03:17:40.178871,WS-SPORTS-LIVE
YT0020451,Fall Guys...But I Can Only Use My FEET!,source_726,source_726,True,Company_A,content_editor_04,Sports_Live,English,press_conference,shorts,Youtube,,True,2026-03-10 00:00:00.000000,18.68,9.316666666666666,49.37,523.0,Browse,22.69,66892.0,83264.0,2195.0,597.0,33.75566666666666,full_package,2026-03-10 05:21:04.348565,WS-SPORTS-LIVE
IG0027263,- I Tried To Win Fall Guys With My Feet (IMPOSSIBLE Challenge),source_725,source_725,True,Company_A,content_editor_04,Sports_Live,English,interview,reels,Instagram,,True,2026-03-10 00:00:00.000000,48.98,26.666666666666668,51.0,403.0,Channel Page,12.31,2624.0,39826.0,4474.0,994.0,7.12,key_moments,2026-03-10 11:04:15.272844,WS-SPORTS-LIVE
IG0028584,- Fall Guys Victory...Using ONLY My Toes?! 🏆,source_725,source_725,False,Company_A,content_editor_04,Sports_Live,English,discussion_show,,,,False,2026-03-10 00:00:00.000000,63.89,,,,,,,,,,,chapters,2026-03-10 02:01:42.466254,WS-SPORTS-LIVE
IG0020451,Fall Guys...But I Can Only Use My FEET!,source_726,source_726,True,Company_A,content_editor_04,Sports_Live,English,interview,reels,Instagram,,True,2026-03-10 00:00:00.000000,18.68,9.316666666666666,48.0,289.0,Browse,22.69,50729.0,63584.0,1890.0,593.0,12.29,chapters,2026-03-10 03:03:20.950020,WS-SPORTS-LIVE
YT0015139,- Cities: Skylines 2 - Land Value Nightmare!,source_727,source_727,False,Company_A,content_editor_04,Sports_Live,English,interview,,,,False,2026-03-11 00:00:00.000000,24.380000000000003,,,,,,,,,,,summary,2026-03-11 02:10:08.103069,WS-SPORTS-LIVE
IG0015139,- Cities: Skylines 2 - Land Value Nightmare!,source_727,source_727,False,Company_A,content_editor_04,Sports_Live,English,discussion_show,,,,False,2026-03-11 00:00:00.000000,24.380000000000003,,,,,,,,,,,chapters,2026-03-11 02:03:31.877169,WS-SPORTS-LIVE
YT0005597,"- $1,000,000 Starting Land Value?! (Cities: Skylines 2 Challenge)",source_727,source_727,False,Company_A,content_editor_04,Sports_Live,English,interview,,,,False,2026-03-13 00:00:00.000000,61.0,,,,,,,,,,,my_key_moments,2026-03-13 02:29:09.279727,WS-SPORTS-LIVE
YT0014280,- Cities: Skylines 2 - From City to Catastrophe in 20 Minutes,source_727,source_727,True,Company_A,content_editor_04,Sports_Live,English,discussion_show,shorts,Youtube,,True,2026-03-14 00:00:00.000000,52.16,16.25,23.55,493.0,External,7.84,1326838.0,54738.0,4607.0,1188.0,3224.9535,my_key_moments,2026-03-14 03:25:05.766582,WS-SPORTS-LIVE
YT0012807,- Fall Guys...But I Can Only Use My FEET!,source_728,source_728,False,Company_A,content_editor_04,Sports_Live,English,interview,,,,False,2026-03-14 00:00:00.000000,16.36,,,,,,,,,,,key_moments,2026-03-14 06:23:29.922411,WS-SPORTS-LIVE
YT0020441,- Elden Ring... Played on GUITAR HERO?! (You Won't Believe What Happened),source_729,source_729,True,Company_A,content_editor_04,Sports_Live,English,discussion_show,shorts,Youtube,,True,2026-03-14 00:00:00.000000,60.6,49.56666666666667,92.25,582.0,Search,9.15,474110.0,50489.0,7306.0,2010.0,5540.063166666666,my_key_moments,2026-03-14 05:10:07.873887,WS-SPORTS-LIVE
IG0014280,- Cities: Skylines 2 - From City to Catastrophe in 20 Minutes,source_727,source_727,False,Company_A,content_editor_04,Sports_Live,English,discussion_show,,,,False,2026-03-14 00:00:00.000000,52.16,,,,,,,,,,,summary,2026-03-14 01:43:02.622952,WS-SPORTS-LIVE
IG0012807,- Fall Guys...But I Can Only Use My FEET!,source_728,source_728,False,Company_A,content_editor_04,Sports_Live,English,discussion_show,,,,False,2026-03-14 00:00:00.000000,16.36,,,,,,,,,,,key_moments,2026-03-14 11:15:50.838792,WS-SPORTS-LIVE
IG0020441,- Elden Ring... Played on GUITAR HERO?! (You Won't Believe What Happened),source_729,source_729,False,Company_A,content_editor_04,Sports_Live,English,interview,,,,False,2026-03-14 00:00:00.000000,60.6,,,,,,,,,,,chapters,2026-03-14 08:30:53.843425,WS-SPORTS-LIVE
YT0003717,- Guitar Hero vs. Elden Ring: The Most Ridiculous Challenge EVER,source_729,source_729,True,Company_A,content_editor_04,Sports_Live,English,discussion_show,shorts,Youtube,,True,2026-03-16 00:00:00.000000,41.35,24.666666666666668,65.15,470.0,Suggested,12.13,1209394.0,59982.0,5615.0,2755.0,5767.017666666667,key_moments,2026-03-16 01:56:42.587237,WS-SPORTS-LIVE
IG0003717,- Guitar Hero vs. Elden Ring: The Most Ridiculous Challenge EVER,source_729,source_729,True,Company_A,content_editor_04,Sports_Live,English,press_conference,reels,Instagram,,True,2026-03-16 00:00:00.000000,41.35,24.666666666666668,64.0,293.0,Suggested,12.13,871279.0,49356.0,3703.0,2366.0,2659.01,summary,2026-03-16 10:39:00.888827,WS-SPORTS-LIVE
YT0025949,- Fall Guys...But I Only Use My FEET!,source_730,source_730,True,Company_A,content_editor_04,Sports_Live,English,interview,shorts,Youtube,,True,2026-03-17 00:00:00.000000,62.72,14.1,13.83,513.0,Playlist,8.24,1659963.0,86250.0,2905.0,1537.0,3043.2655,key_moments,2026-03-17 05:11:44.776829,WS-SPORTS-LIVE
YT0008266,- Foot-Controlled Fall Guys: From Disaster to (Almost) Crown!,source_730,source_730,False,Company_A,content_editor_04,Sports_Live,English,interview,,,,False,2026-03-17 00:00:00.000000,60.8,,,,,,,,,,,full_package,2026-03-17 03:31:45.868384,WS-SPORTS-LIVE
IG0025949,- Fall Guys...But I Only Use My FEET!,source_730,source_730,False,Company_A,content_editor_04,Sports_Live,English,press_conference,,,,False,2026-03-17 00:00:00.000000,62.72,,,,,,,,,,,summary,2026-03-17 05:19:36.627929,WS-SPORTS-LIVE
IG0008266,- Foot-Controlled Fall Guys: From Disaster to (Almost) Crown!,source_730,source_730,True,Company_A,content_editor_04,Sports_Live,English,interview,reels,Instagram,,True,2026-03-17 00:00:00.000000,60.8,11.266666666666666,8.0,289.0,Channel Page,20.42,286680.0,65144.0,3403.0,2106.0,24.0,chapters,2026-03-17 03:55:06.159840,WS-SPORTS-LIVE
YT0019735,- 100K Citizens in Cities: Skylines 2... Built on Lies!,source_731,source_731,False,Company_A,content_editor_04,Sports_Live,English,discussion_show,,,,False,2026-03-18 00:00:00.000000,26.5,,,,,,,,,,,key_moments,2026-03-18 06:11:11.127980,WS-SPORTS-LIVE
IG0019735,- 100K Citizens in Cities: Skylines 2... Built on Lies!,source_731,source_731,False,Company_A,content_editor_04,Sports_Live,English,discussion_show,,,,False,2026-03-18 00:00:00.000000,26.5,,,,,,,,,,,full_package,2026-03-18 04:38:47.944178,WS-SPORTS-LIVE
YT0003808,- Cities: Skylines 2 Anarchy: Can This City Get ANY More Broken?!,source_731,source_731,False,Company_A,content_editor_04,Sports_Live,English,interview,,,,False,2026-03-19 00:00:00.000000,67.0,,,,,,,,,,,key_moments,2026-03-19 03:03:13.315044,WS-SPORTS-LIVE
0012372,Fall Guys Custom Games: Prepare to Rage Quit!,source_610,source_610,False,Company_A,content_editor_04,Sports_Live,English,debate,,,,False,,66.96000000000001,,,,,,,,,,,full_package,,WS-SPORTS-LIVE
